1,0.0,50.0,189.0,60.0,145.0,1,-1,-1,-1
2,0.0,48.0,188.0,61.0,148.0,1,-1,-1,-1
2,1.0,255.0,180.0,52.0,132.0,1,-1,-1,-1
2,2.0,222.0,230.0,20.0,55.0,1,-1,-1,-1
3,0.0,38.0,187.0,65.0,152.0,1,-1,-1,-1
3,1.0,257.0,180.0,50.0,131.0,1,-1,-1,-1
3,2.0,221.0,229.0,22.0,56.0,1,-1,-1,-1
4,0.0,31.0,185.0,71.0,159.0,1,-1,-1,-1
4,1.0,257.0,179.0,50.0,132.0,1,-1,-1,-1
4,2.0,220.0,230.0,21.0,55.0,1,-1,-1,-1
4,3.0,294.0,187.0,44.0,124.0,1,-1,-1,-1
4,4.0,166.0,191.0,44.0,115.0,1,-1,-1,-1
5,0.0,24.0,183.0,71.0,161.0,1,-1,-1,-1
5,1.0,256.0,180.0,51.0,131.0,1,-1,-1,-1
5,2.0,220.0,227.0,22.0,57.0,1,-1,-1,-1
5,3.0,296.0,187.0,45.0,125.0,1,-1,-1,-1
5,4.0,165.0,190.0,45.0,117.0,1,-1,-1,-1
6,0.0,18.0,182.0,70.0,167.0,1,-1,-1,-1
6,1.0,257.0,182.0,52.0,130.0,1,-1,-1,-1
6,2.0,219.0,224.0,22.0,62.0,1,-1,-1,-1
6,3.0,298.0,189.0,45.0,123.0,1,-1,-1,-1
6,4.0,162.0,189.0,47.0,121.0,1,-1,-1,-1
7,0.0,9.0,181.0,69.0,169.0,1,-1,-1,-1
7,1.0,259.0,183.0,52.0,131.0,1,-1,-1,-1
7,2.0,218.0,217.0,26.0,71.0,1,-1,-1,-1
7,3.0,300.0,192.0,44.0,122.0,1,-1,-1,-1
7,4.0,159.0,190.0,47.0,122.0,1,-1,-1,-1
8,0.0,3.0,181.0,66.0,171.0,1,-1,-1,-1
8,1.0,260.0,183.0,52.0,131.0,1,-1,-1,-1
8,2.0,214.0,209.0,30.0,80.0,1,-1,-1,-1
8,3.0,302.0,192.0,43.0,122.0,1,-1,-1,-1
8,4.0,149.0,190.0,53.0,126.0,1,-1,-1,-1
9,0.0,1.0,175.0,66.0,186.0,1,-1,-1,-1
9,1.0,263.0,183.0,52.0,132.0,1,-1,-1,-1
9,2.0,215.0,211.0,27.0,79.0,1,-1,-1,-1
9,3.0,305.0,193.0,42.0,122.0,1,-1,-1,-1
9,4.0,150.0,190.0,50.0,127.0,1,-1,-1,-1
10,0.0,1.0,173.0,56.0,193.0,1,-1,-1,-1
10,1.0,265.0,183.0,52.0,131.0,1,-1,-1,-1
10,2.0,214.0,213.0,27.0,77.0,1,-1,-1,-1
10,3.0,307.0,190.0,44.0,122.0,1,-1,-1,-1
10,4.0,146.0,187.0,48.0,132.0,1,-1,-1,-1
11,1.0,266.0,181.0,52.0,132.0,1,-1,-1,-1
11,2.0,211.0,211.0,29.0,80.0,1,-1,-1,-1
11,3.0,308.0,189.0,45.0,122.0,1,-1,-1,-1
11,4.0,141.0,184.0,53.0,136.0,1,-1,-1,-1
12,1.0,269.0,185.0,50.0,131.0,1,-1,-1,-1
12,2.0,208.0,214.0,27.0,82.0,1,-1,-1,-1
12,3.0,308.0,193.0,45.0,124.0,1,-1,-1,-1
12,4.0,136.0,188.0,53.0,139.0,1,-1,-1,-1
13,1.0,270.0,183.0,51.0,133.0,1,-1,-1,-1
13,2.0,206.0,212.0,28.0,83.0,1,-1,-1,-1
13,3.0,309.0,191.0,46.0,125.0,1,-1,-1,-1
13,4.0,134.0,185.0,55.0,142.0,1,-1,-1,-1
14,1.0,271.0,183.0,52.0,133.0,1,-1,-1,-1
14,2.0,203.0,213.0,29.0,82.0,1,-1,-1,-1
14,3.0,310.0,191.0,46.0,125.0,1,-1,-1,-1
14,4.0,125.0,182.0,57.0,145.0,1,-1,-1,-1
15,1.0,272.0,181.0,52.0,134.0,1,-1,-1,-1
15,2.0,201.0,205.0,35.0,90.0,1,-1,-1,-1
15,3.0,312.0,191.0,45.0,124.0,1,-1,-1,-1
15,4.0,116.0,178.0,62.0,151.0,1,-1,-1,-1
16,1.0,272.0,184.0,52.0,133.0,1,-1,-1,-1
16,2.0,199.0,209.0,35.0,88.0,1,-1,-1,-1
16,3.0,313.0,194.0,45.0,124.0,1,-1,-1,-1
16,4.0,111.0,179.0,62.0,156.0,1,-1,-1,-1
17,1.0,271.0,184.0,53.0,133.0,1,-1,-1,-1
17,2.0,196.0,209.0,36.0,90.0,1,-1,-1,-1
17,3.0,313.0,196.0,44.0,122.0,1,-1,-1,-1
17,4.0,102.0,179.0,62.0,161.0,1,-1,-1,-1
18,1.0,271.0,183.0,52.0,133.0,1,-1,-1,-1
18,2.0,189.0,208.0,38.0,92.0,1,-1,-1,-1
18,3.0,312.0,194.0,45.0,123.0,1,-1,-1,-1
18,4.0,91.0,175.0,67.0,168.0,1,-1,-1,-1
19,1.0,271.0,182.0,53.0,133.0,1,-1,-1,-1
19,2.0,190.0,206.0,37.0,93.0,1,-1,-1,-1
19,3.0,312.0,192.0,46.0,123.0,1,-1,-1,-1
19,4.0,88.0,171.0,68.0,175.0,1,-1,-1,-1
20,1.0,270.0,180.0,53.0,134.0,1,-1,-1,-1
20,2.0,186.0,203.0,37.0,95.0,1,-1,-1,-1
20,3.0,312.0,188.0,47.0,126.0,1,-1,-1,-1
20,4.0,75.0,165.0,76.0,183.0,1,-1,-1,-1
21,1.0,270.0,177.0,53.0,134.0,1,-1,-1,-1
21,2.0,187.0,203.0,35.0,92.0,1,-1,-1,-1
21,3.0,312.0,186.0,48.0,127.0,1,-1,-1,-1
21,4.0,74.0,160.0,73.0,186.0,1,-1,-1,-1
22,1.0,270.0,175.0,54.0,134.0,1,-1,-1,-1
22,2.0,185.0,197.0,33.0,99.0,1,-1,-1,-1
22,3.0,313.0,184.0,49.0,127.0,1,-1,-1,-1
22,4.0,68.0,154.0,73.0,193.0,1,-1,-1,-1
23,1.0,271.0,177.0,52.0,133.0,1,-1,-1,-1
23,2.0,179.0,198.0,35.0,100.0,1,-1,-1,-1
23,3.0,313.0,185.0,49.0,128.0,1,-1,-1,-1
23,4.0,46.0,154.0,83.0,203.0,1,-1,-1,-1
24,1.0,271.0,179.0,53.0,132.0,1,-1,-1,-1
24,2.0,175.0,197.0,36.0,102.0,1,-1,-1,-1
24,3.0,313.0,185.0,48.0,128.0,1,-1,-1,-1
24,4.0,44.0,156.0,78.0,205.0,1,-1,-1,-1
25,1.0,272.0,180.0,52.0,134.0,1,-1,-1,-1
25,2.0,170.0,198.0,38.0,102.0,1,-1,-1,-1
25,3.0,314.0,186.0,47.0,129.0,1,-1,-1,-1
25,4.0,27.0,150.0,91.0,218.0,1,-1,-1,-1
26,1.0,271.0,180.0,53.0,133.0,1,-1,-1,-1
26,2.0,166.0,194.0,39.0,106.0,1,-1,-1,-1
26,3.0,315.0,184.0,46.0,130.0,1,-1,-1,-1
26,4.0,19.0,146.0,91.0,229.0,1,-1,-1,-1
27,1.0,270.0,179.0,52.0,134.0,1,-1,-1,-1
27,2.0,160.0,194.0,40.0,107.0,1,-1,-1,-1
27,3.0,315.0,182.0,47.0,132.0,1,-1,-1,-1
27,4.0,11.0,140.0,89.0,242.0,1,-1,-1,-1
28,1.0,270.0,179.0,52.0,133.0,1,-1,-1,-1
28,2.0,152.0,192.0,45.0,111.0,1,-1,-1,-1
28,3.0,316.0,185.0,47.0,127.0,1,-1,-1,-1
28,4.0,1.0,133.0,89.0,255.0,1,-1,-1,-1
28,5.0,101.0,207.0,24.0,65.0,1,-1,-1,-1
29,1.0,270.0,176.0,53.0,134.0,1,-1,-1,-1
29,2.0,147.0,192.0,46.0,111.0,1,-1,-1,-1
29,3.0,317.0,183.0,46.0,128.0,1,-1,-1,-1
29,4.0,1.0,132.0,81.0,259.0,1,-1,-1,-1
29,5.0,95.0,206.0,26.0,65.0,1,-1,-1,-1
30,1.0,271.0,175.0,53.0,136.0,1,-1,-1,-1
30,2.0,143.0,190.0,46.0,115.0,1,-1,-1,-1
30,3.0,318.0,182.0,47.0,130.0,1,-1,-1,-1
30,4.0,1.0,129.0,69.0,270.0,1,-1,-1,-1
30,5.0,95.0,206.0,26.0,65.0,1,-1,-1,-1
31,1.0,271.0,177.0,54.0,135.0,1,-1,-1,-1
31,2.0,141.0,188.0,46.0,121.0,1,-1,-1,-1
31,3.0,319.0,183.0,46.0,130.0,1,-1,-1,-1
31,5.0,92.0,207.0,26.0,65.0,1,-1,-1,-1
32,1.0,272.0,181.0,54.0,133.0,1,-1,-1,-1
32,2.0,140.0,188.0,47.0,124.0,1,-1,-1,-1
32,3.0,319.0,183.0,46.0,132.0,1,-1,-1,-1
32,5.0,90.0,209.0,26.0,65.0,1,-1,-1,-1
33,1.0,271.0,182.0,55.0,132.0,1,-1,-1,-1
33,2.0,135.0,186.0,45.0,127.0,1,-1,-1,-1
33,3.0,321.0,185.0,44.0,131.0,1,-1,-1,-1
33,5.0,86.0,208.0,26.0,66.0,1,-1,-1,-1
34,1.0,270.0,184.0,56.0,131.0,1,-1,-1,-1
34,2.0,130.0,187.0,47.0,131.0,1,-1,-1,-1
34,3.0,320.0,188.0,46.0,128.0,1,-1,-1,-1
34,5.0,81.0,206.0,29.0,70.0,1,-1,-1,-1
35,1.0,268.0,184.0,56.0,133.0,1,-1,-1,-1
35,2.0,122.0,189.0,49.0,131.0,1,-1,-1,-1
35,3.0,320.0,193.0,45.0,123.0,1,-1,-1,-1
35,5.0,76.0,208.0,29.0,70.0,1,-1,-1,-1
36,1.0,265.0,185.0,57.0,133.0,1,-1,-1,-1
36,2.0,112.0,191.0,56.0,135.0,1,-1,-1,-1
36,3.0,317.0,191.0,48.0,128.0,1,-1,-1,-1
36,5.0,72.0,208.0,29.0,73.0,1,-1,-1,-1
37,1.0,263.0,181.0,57.0,135.0,1,-1,-1,-1
37,2.0,105.0,188.0,56.0,137.0,1,-1,-1,-1
37,3.0,311.0,189.0,46.0,128.0,1,-1,-1,-1
37,5.0,64.0,204.0,29.0,75.0,1,-1,-1,-1
38,1.0,263.0,180.0,55.0,136.0,1,-1,-1,-1
38,2.0,99.0,186.0,58.0,143.0,1,-1,-1,-1
38,3.0,309.0,187.0,48.0,130.0,1,-1,-1,-1
38,5.0,58.0,205.0,29.0,72.0,1,-1,-1,-1
39,1.0,264.0,177.0,54.0,135.0,1,-1,-1,-1
39,2.0,96.0,180.0,56.0,145.0,1,-1,-1,-1
39,3.0,310.0,185.0,47.0,130.0,1,-1,-1,-1
39,5.0,55.0,200.0,31.0,74.0,1,-1,-1,-1
40,1.0,265.0,180.0,53.0,134.0,1,-1,-1,-1
40,2.0,91.0,178.0,57.0,150.0,1,-1,-1,-1
40,3.0,311.0,189.0,45.0,125.0,1,-1,-1,-1
40,5.0,54.0,203.0,31.0,73.0,1,-1,-1,-1
41,1.0,266.0,182.0,52.0,133.0,1,-1,-1,-1
41,2.0,86.0,176.0,59.0,156.0,1,-1,-1,-1
41,3.0,312.0,192.0,46.0,124.0,1,-1,-1,-1
41,5.0,49.0,202.0,32.0,76.0,1,-1,-1,-1
42,1.0,266.0,181.0,53.0,136.0,1,-1,-1,-1
42,2.0,83.0,174.0,60.0,158.0,1,-1,-1,-1
42,3.0,311.0,195.0,44.0,121.0,1,-1,-1,-1
42,5.0,46.0,198.0,33.0,80.0,1,-1,-1,-1
43,1.0,267.0,181.0,53.0,136.0,1,-1,-1,-1
43,2.0,69.0,172.0,66.0,162.0,1,-1,-1,-1
43,3.0,311.0,189.0,48.0,127.0,1,-1,-1,-1
43,5.0,40.0,194.0,33.0,84.0,1,-1,-1,-1
44,1.0,267.0,179.0,54.0,136.0,1,-1,-1,-1
44,2.0,60.0,167.0,70.0,170.0,1,-1,-1,-1
44,3.0,309.0,181.0,48.0,134.0,1,-1,-1,-1
44,5.0,36.0,195.0,35.0,82.0,1,-1,-1,-1
45,1.0,269.0,176.0,52.0,136.0,1,-1,-1,-1
45,2.0,59.0,163.0,70.0,174.0,1,-1,-1,-1
45,3.0,306.0,179.0,52.0,131.0,1,-1,-1,-1
45,5.0,33.0,192.0,35.0,83.0,1,-1,-1,-1
46,1.0,269.0,175.0,53.0,136.0,1,-1,-1,-1
46,2.0,48.0,163.0,77.0,180.0,1,-1,-1,-1
46,3.0,307.0,183.0,50.0,128.0,1,-1,-1,-1
46,5.0,32.0,192.0,34.0,84.0,1,-1,-1,-1
47,1.0,271.0,176.0,53.0,137.0,1,-1,-1,-1
47,2.0,38.0,162.0,82.0,188.0,1,-1,-1,-1
47,3.0,308.0,185.0,51.0,128.0,1,-1,-1,-1
47,5.0,31.0,193.0,30.0,84.0,1,-1,-1,-1
48,1.0,271.0,174.0,52.0,137.0,1,-1,-1,-1
48,2.0,22.0,160.0,87.0,198.0,1,-1,-1,-1
48,3.0,307.0,185.0,51.0,126.0,1,-1,-1,-1
49,1.0,272.0,179.0,51.0,138.0,1,-1,-1,-1
49,2.0,17.0,159.0,85.0,206.0,1,-1,-1,-1
49,3.0,308.0,189.0,49.0,127.0,1,-1,-1,-1
50,1.0,273.0,178.0,49.0,139.0,1,-1,-1,-1
50,2.0,6.0,150.0,86.0,214.0,1,-1,-1,-1
50,3.0,309.0,190.0,46.0,127.0,1,-1,-1,-1
51,1.0,274.0,180.0,49.0,138.0,1,-1,-1,-1
51,2.0,1.0,149.0,78.0,223.0,1,-1,-1,-1
51,3.0,309.0,192.0,47.0,125.0,1,-1,-1,-1
52,1.0,274.0,181.0,48.0,138.0,1,-1,-1,-1
52,3.0,308.0,197.0,44.0,122.0,1,-1,-1,-1
53,1.0,273.0,179.0,50.0,140.0,1,-1,-1,-1
53,3.0,304.0,191.0,46.0,127.0,1,-1,-1,-1
54,1.0,273.0,180.0,51.0,139.0,1,-1,-1,-1
54,3.0,301.0,189.0,47.0,132.0,1,-1,-1,-1
55,1.0,274.0,180.0,49.0,139.0,1,-1,-1,-1
55,3.0,306.0,192.0,45.0,130.0,1,-1,-1,-1
56,1.0,275.0,179.0,48.0,138.0,1,-1,-1,-1
56,3.0,307.0,192.0,45.0,128.0,1,-1,-1,-1
57,1.0,276.0,180.0,49.0,137.0,1,-1,-1,-1
57,3.0,307.0,192.0,46.0,127.0,1,-1,-1,-1
58,1.0,277.0,182.0,50.0,136.0,1,-1,-1,-1
58,3.0,309.0,194.0,44.0,126.0,1,-1,-1,-1
59,1.0,278.0,182.0,51.0,136.0,1,-1,-1,-1
59,3.0,310.0,194.0,44.0,125.0,1,-1,-1,-1
60,1.0,279.0,183.0,53.0,135.0,1,-1,-1,-1
60,3.0,310.0,194.0,45.0,126.0,1,-1,-1,-1
61,1.0,280.0,183.0,53.0,135.0,1,-1,-1,-1
61,3.0,313.0,191.0,43.0,127.0,1,-1,-1,-1
61,6.0,247.0,217.0,25.0,59.0,1,-1,-1,-1
62,1.0,281.0,181.0,54.0,136.0,1,-1,-1,-1
62,3.0,314.0,190.0,44.0,127.0,1,-1,-1,-1
62,6.0,248.0,218.0,23.0,58.0,1,-1,-1,-1
63,1.0,282.0,180.0,53.0,137.0,1,-1,-1,-1
63,3.0,314.0,189.0,46.0,128.0,1,-1,-1,-1
63,6.0,248.0,217.0,24.0,59.0,1,-1,-1,-1
64,1.0,284.0,181.0,50.0,136.0,1,-1,-1,-1
64,3.0,315.0,189.0,45.0,128.0,1,-1,-1,-1
64,6.0,246.0,217.0,23.0,59.0,1,-1,-1,-1
65,1.0,285.0,180.0,50.0,137.0,1,-1,-1,-1
65,3.0,317.0,190.0,45.0,127.0,1,-1,-1,-1
65,6.0,245.0,214.0,23.0,62.0,1,-1,-1,-1
66,1.0,286.0,182.0,49.0,136.0,1,-1,-1,-1
66,3.0,319.0,192.0,45.0,127.0,1,-1,-1,-1
66,6.0,243.0,215.0,25.0,62.0,1,-1,-1,-1
67,1.0,285.0,182.0,51.0,137.0,1,-1,-1,-1
67,3.0,320.0,194.0,44.0,127.0,1,-1,-1,-1
67,6.0,243.0,216.0,22.0,60.0,1,-1,-1,-1
68,1.0,285.0,182.0,51.0,137.0,1,-1,-1,-1
68,3.0,322.0,196.0,43.0,125.0,1,-1,-1,-1
68,6.0,243.0,214.0,23.0,63.0,1,-1,-1,-1
69,1.0,284.0,183.0,53.0,136.0,1,-1,-1,-1
69,3.0,323.0,198.0,43.0,125.0,1,-1,-1,-1
69,6.0,241.0,213.0,24.0,66.0,1,-1,-1,-1
70,1.0,284.0,182.0,53.0,137.0,1,-1,-1,-1
70,3.0,324.0,196.0,44.0,126.0,1,-1,-1,-1
70,6.0,240.0,214.0,24.0,65.0,1,-1,-1,-1
71,1.0,283.0,181.0,55.0,138.0,1,-1,-1,-1
71,3.0,325.0,195.0,44.0,128.0,1,-1,-1,-1
71,6.0,239.0,215.0,25.0,64.0,1,-1,-1,-1
72,1.0,282.0,181.0,57.0,139.0,1,-1,-1,-1
72,3.0,327.0,196.0,45.0,128.0,1,-1,-1,-1
72,6.0,237.0,217.0,25.0,62.0,1,-1,-1,-1
73,1.0,283.0,183.0,56.0,137.0,1,-1,-1,-1
73,3.0,328.0,198.0,45.0,125.0,1,-1,-1,-1
73,6.0,236.0,219.0,24.0,61.0,1,-1,-1,-1
74,1.0,284.0,184.0,56.0,137.0,1,-1,-1,-1
74,3.0,330.0,200.0,46.0,124.0,1,-1,-1,-1
74,6.0,236.0,217.0,25.0,63.0,1,-1,-1,-1
75,1.0,285.0,187.0,57.0,136.0,1,-1,-1,-1
75,3.0,334.0,203.0,47.0,123.0,1,-1,-1,-1
75,6.0,235.0,216.0,27.0,67.0,1,-1,-1,-1
75,7.0,198.0,223.0,20.0,56.0,1,-1,-1,-1
76,1.0,288.0,188.0,56.0,135.0,1,-1,-1,-1
76,3.0,337.0,202.0,47.0,123.0,1,-1,-1,-1
76,6.0,237.0,222.0,23.0,59.0,1,-1,-1,-1
76,7.0,199.0,226.0,19.0,52.0,1,-1,-1,-1
77,1.0,290.0,188.0,56.0,135.0,1,-1,-1,-1
77,3.0,340.0,200.0,45.0,124.0,1,-1,-1,-1
77,6.0,239.0,225.0,20.0,58.0,1,-1,-1,-1
77,7.0,197.0,227.0,21.0,54.0,1,-1,-1,-1
78,1.0,293.0,187.0,55.0,136.0,1,-1,-1,-1
78,3.0,341.0,197.0,45.0,129.0,1,-1,-1,-1
78,6.0,238.0,230.0,21.0,54.0,1,-1,-1,-1
78,7.0,196.0,226.0,22.0,55.0,1,-1,-1,-1
79,1.0,294.0,184.0,56.0,137.0,1,-1,-1,-1
79,3.0,342.0,189.0,46.0,134.0,1,-1,-1,-1
79,6.0,238.0,228.0,19.0,55.0,1,-1,-1,-1
79,7.0,197.0,225.0,20.0,54.0,1,-1,-1,-1
80,1.0,296.0,184.0,57.0,137.0,1,-1,-1,-1
80,3.0,344.0,192.0,46.0,132.0,1,-1,-1,-1
80,6.0,236.5,224.0,21.5,59.5,1,-1,-1,-1
80,7.0,192.0,226.0,20.0,54.0,1,-1,-1,-1
81,1.0,297.0,183.0,57.0,140.0,1,-1,-1,-1
81,3.0,347.0,198.0,47.0,128.0,1,-1,-1,-1
81,6.0,235.0,220.0,24.0,64.0,1,-1,-1,-1
81,7.0,191.0,223.0,21.0,58.0,1,-1,-1,-1
82,1.0,298.0,183.0,57.0,139.0,1,-1,-1,-1
82,3.0,350.0,198.0,46.0,127.0,1,-1,-1,-1
82,6.0,237.0,214.0,24.0,68.0,1,-1,-1,-1
82,7.0,189.0,217.0,21.0,64.0,1,-1,-1,-1
83,1.0,299.0,183.0,57.0,139.0,1,-1,-1,-1
83,3.0,351.0,194.0,47.0,132.0,1,-1,-1,-1
83,6.0,235.0,214.0,25.0,69.0,1,-1,-1,-1
83,7.0,186.0,218.0,22.0,64.0,1,-1,-1,-1
84,1.0,299.0,183.0,58.0,140.0,1,-1,-1,-1
84,3.0,352.0,198.0,49.0,129.0,1,-1,-1,-1
84,6.0,232.0,218.0,24.0,66.0,1,-1,-1,-1
84,7.0,184.0,219.0,24.0,64.0,1,-1,-1,-1
85,1.0,298.0,185.0,59.0,139.0,1,-1,-1,-1
85,3.0,353.0,201.0,49.0,126.0,1,-1,-1,-1
85,6.0,231.0,218.0,25.0,69.0,1,-1,-1,-1
85,7.0,183.0,224.0,20.0,59.0,1,-1,-1,-1
86,1.0,297.0,188.0,59.0,137.0,1,-1,-1,-1
86,3.0,353.0,201.0,48.0,126.0,1,-1,-1,-1
86,6.0,227.0,220.0,25.0,70.0,1,-1,-1,-1
86,7.0,179.0,227.0,21.0,61.0,1,-1,-1,-1
87,1.0,297.0,188.0,58.0,137.0,1,-1,-1,-1
87,3.0,355.0,199.0,48.0,127.0,1,-1,-1,-1
87,6.0,224.0,217.0,25.0,74.0,1,-1,-1,-1
87,7.0,175.0,225.0,22.0,64.0,1,-1,-1,-1
88,1.0,296.0,185.0,57.0,138.0,1,-1,-1,-1
88,3.0,353.0,195.0,50.0,130.0,1,-1,-1,-1
88,6.0,221.0,213.0,26.0,77.0,1,-1,-1,-1
88,7.0,174.0,223.0,22.0,64.0,1,-1,-1,-1
88,8.0,277.0,219.0,27.0,73.0,1,-1,-1,-1
89,1.0,296.0,184.0,57.0,139.0,1,-1,-1,-1
89,3.0,355.0,193.0,52.0,133.0,1,-1,-1,-1
89,6.0,222.0,213.0,26.0,76.0,1,-1,-1,-1
89,7.0,170.0,221.0,24.0,66.0,1,-1,-1,-1
89,8.0,275.0,220.0,26.0,71.0,1,-1,-1,-1
90,1.0,297.0,182.0,55.0,136.0,1,-1,-1,-1
90,3.0,358.0,190.0,52.0,131.0,1,-1,-1,-1
90,6.0,220.0,203.0,28.0,81.0,1,-1,-1,-1
90,7.0,170.0,214.0,24.0,67.0,1,-1,-1,-1
90,8.0,275.0,215.0,25.0,71.0,1,-1,-1,-1
91,1.0,297.0,185.0,56.0,135.0,1,-1,-1,-1
91,3.0,361.0,193.0,53.0,133.0,1,-1,-1,-1
91,6.0,219.0,204.0,28.0,83.0,1,-1,-1,-1
91,7.0,169.0,215.0,26.0,69.0,1,-1,-1,-1
91,8.0,274.0,220.0,23.0,70.0,1,-1,-1,-1
92,1.0,298.0,187.0,56.0,134.0,1,-1,-1,-1
92,3.0,362.0,196.0,56.0,131.0,1,-1,-1,-1
92,6.0,218.0,206.0,28.0,82.0,1,-1,-1,-1
92,7.0,167.0,216.0,25.0,69.0,1,-1,-1,-1
92,8.0,271.0,218.0,25.0,74.0,1,-1,-1,-1
93,1.0,301.0,184.0,54.0,135.0,1,-1,-1,-1
93,3.0,361.0,196.0,55.0,129.0,1,-1,-1,-1
93,6.0,217.0,203.0,29.0,84.0,1,-1,-1,-1
93,7.0,165.33333333333334,213.33333333333331,25.0,70.66666666666667,1,-1,-1,-1
93,8.0,272.2222222222222,217.22222222222223,24.77777777777778,73.0,1,-1,-1,-1
94,1.0,304.0,180.0,53.0,135.0,1,-1,-1,-1
94,3.0,364.0,192.0,51.0,126.0,1,-1,-1,-1
94,6.0,219.0,200.0,26.0,85.0,1,-1,-1,-1
94,7.0,163.66666666666666,210.66666666666669,25.0,72.33333333333333,1,-1,-1,-1
94,8.0,273.44444444444446,216.44444444444446,24.555555555555557,72.0,1,-1,-1,-1
95,1.0,305.0,178.0,54.0,136.0,1,-1,-1,-1
95,3.0,362.0,190.0,50.0,127.0,1,-1,-1,-1
95,6.0,219.0,208.0,25.0,77.0,1,-1,-1,-1
95,7.0,162.0,208.0,25.0,74.0,1,-1,-1,-1
95,8.0,274.66666666666663,215.66666666666666,24.333333333333332,71.0,1,-1,-1,-1
96,1.0,305.0,177.0,54.0,137.0,1,-1,-1,-1
96,3.0,362.0,188.0,48.0,128.0,1,-1,-1,-1
96,6.0,216.0,212.0,25.0,74.0,1,-1,-1,-1
96,7.0,159.0,210.0,25.0,71.0,1,-1,-1,-1
96,8.0,275.8888888888889,214.88888888888889,24.11111111111111,70.0,1,-1,-1,-1
96,9.0,202.0,219.0,23.0,62.0,1,-1,-1,-1
97,1.0,305.0,172.0,56.0,138.0,1,-1,-1,-1
97,3.0,365.0,181.0,47.0,132.0,1,-1,-1,-1
97,6.0,214.0,199.0,30.0,83.0,1,-1,-1,-1
97,7.0,156.0,206.0,24.0,74.0,1,-1,-1,-1
97,8.0,277.1111111111111,214.11111111111111,23.88888888888889,69.0,1,-1,-1,-1
97,9.0,201.0,212.0,20.0,63.0,1,-1,-1,-1
98,1.0,305.0,173.0,56.0,135.0,1,-1,-1,-1
98,3.0,366.0,180.0,47.0,134.0,1,-1,-1,-1
98,6.0,212.0,198.0,29.0,84.0,1,-1,-1,-1
98,7.0,152.0,201.0,26.0,79.0,1,-1,-1,-1
98,8.0,278.33333333333337,213.33333333333334,23.666666666666668,68.0,1,-1,-1,-1
98,9.0,198.0,216.0,21.0,60.0,1,-1,-1,-1
99,1.0,304.0,173.0,56.0,135.0,1,-1,-1,-1
99,3.0,366.0,181.0,45.0,132.0,1,-1,-1,-1
99,6.0,204.0,187.0,34.0,97.0,1,-1,-1,-1
99,7.0,149.0,199.0,29.0,81.0,1,-1,-1,-1
99,8.0,279.55555555555554,212.55555555555554,23.444444444444443,67.0,1,-1,-1,-1
100,1.0,305.0,173.0,56.0,136.0,1,-1,-1,-1
100,3.0,369.0,183.0,43.0,132.0,1,-1,-1,-1
100,6.0,201.0,185.0,37.0,100.0,1,-1,-1,-1
100,7.0,147.0,198.0,30.0,82.0,1,-1,-1,-1
100,8.0,280.7777777777778,211.77777777777777,23.22222222222222,66.0,1,-1,-1,-1
101,1.0,307.0,173.0,57.0,136.0,1,-1,-1,-1
101,3.0,370.0,183.0,45.0,133.0,1,-1,-1,-1
101,6.0,200.0,189.0,36.0,95.0,1,-1,-1,-1
101,7.0,146.0,196.0,30.0,84.0,1,-1,-1,-1
101,8.0,282.0,211.0,23.0,65.0,1,-1,-1,-1
102,1.0,306.0,170.0,57.0,137.0,1,-1,-1,-1
102,3.0,370.0,180.0,44.0,133.0,1,-1,-1,-1
102,6.0,196.0,189.0,35.0,94.0,1,-1,-1,-1
102,7.0,142.0,196.0,30.0,82.0,1,-1,-1,-1
102,8.0,278.0,211.0,23.5,67.0,1,-1,-1,-1
103,1.0,305.0,172.0,56.0,137.0,1,-1,-1,-1
103,3.0,367.0,183.0,46.0,132.0,1,-1,-1,-1
103,6.0,195.0,189.0,33.0,99.0,1,-1,-1,-1
103,7.0,138.0,200.0,28.0,83.0,1,-1,-1,-1
103,8.0,274.0,211.0,24.0,69.0,1,-1,-1,-1
104,1.0,303.0,173.0,56.0,137.0,1,-1,-1,-1
104,3.0,364.0,183.0,47.0,133.0,1,-1,-1,-1
104,6.0,189.0,192.0,34.0,98.0,1,-1,-1,-1
104,7.0,132.0,200.0,31.0,87.0,1,-1,-1,-1
104,8.0,274.0,220.0,22.0,63.0,1,-1,-1,-1
105,1.0,301.0,172.0,55.0,137.0,1,-1,-1,-1
105,3.0,359.0,181.0,51.0,137.0,1,-1,-1,-1
105,6.0,185.0,195.0,31.0,94.0,1,-1,-1,-1
105,7.0,125.0,197.0,33.0,89.0,1,-1,-1,-1
105,8.0,269.5,218.0,23.75,67.0,1,-1,-1,-1
106,1.0,298.0,173.0,56.0,137.0,1,-1,-1,-1
106,3.0,356.0,182.0,53.0,136.0,1,-1,-1,-1
106,6.0,182.0,190.0,32.0,101.0,1,-1,-1,-1
106,7.0,120.0,197.0,32.0,91.0,1,-1,-1,-1
106,8.0,265.0,216.0,25.5,71.0,1,-1,-1,-1
107,1.0,296.0,176.0,56.0,137.0,1,-1,-1,-1
107,3.0,352.0,186.0,53.0,134.0,1,-1,-1,-1
107,6.0,175.0,184.0,38.0,111.0,1,-1,-1,-1
107,7.0,116.0,197.0,31.0,94.0,1,-1,-1,-1
107,8.0,260.5,214.0,27.25,75.0,1,-1,-1,-1
108,1.0,293.0,178.0,55.0,139.0,1,-1,-1,-1
108,3.0,348.0,188.0,54.0,132.0,1,-1,-1,-1
108,6.0,166.0,183.0,38.0,114.0,1,-1,-1,-1
108,7.0,104.0,197.0,36.0,98.0,1,-1,-1,-1
108,8.0,256.0,212.0,29.0,79.0,1,-1,-1,-1
109,1.0,291.0,177.0,56.0,139.0,1,-1,-1,-1
109,3.0,347.0,188.0,54.0,131.0,1,-1,-1,-1
109,6.0,156.0,176.0,45.0,123.0,1,-1,-1,-1
109,7.0,97.0,197.0,35.0,99.0,1,-1,-1,-1
109,8.0,254.0,211.0,25.0,79.0,1,-1,-1,-1
110,1.0,292.0,176.0,56.0,139.0,1,-1,-1,-1
110,3.0,350.0,188.0,50.0,127.0,1,-1,-1,-1
110,6.0,155.0,178.0,44.0,122.0,1,-1,-1,-1
110,7.0,90.0,198.0,36.0,99.0,1,-1,-1,-1
110,8.0,252.0,207.0,27.0,85.0,1,-1,-1,-1
111,1.0,295.0,175.0,56.0,141.0,1,-1,-1,-1
111,3.0,351.0,187.0,50.0,129.0,1,-1,-1,-1
111,6.0,152.0,178.0,46.0,124.0,1,-1,-1,-1
111,7.0,88.0,197.0,38.0,102.0,1,-1,-1,-1
111,8.0,251.0,206.0,27.0,86.0,1,-1,-1,-1
112,1.0,297.0,175.0,55.0,139.0,1,-1,-1,-1
112,3.0,350.0,187.0,51.0,128.0,1,-1,-1,-1
112,6.0,146.0,177.0,47.0,126.0,1,-1,-1,-1
112,7.0,85.0,198.0,38.0,103.0,1,-1,-1,-1
112,8.0,247.0,204.0,30.0,88.0,1,-1,-1,-1
112,10.0,188.0,224.0,32.0,78.0,1,-1,-1,-1
113,1.0,296.0,174.0,56.0,140.0,1,-1,-1,-1
113,3.0,348.0,185.0,51.0,130.0,1,-1,-1,-1
113,6.0,143.0,176.0,49.0,128.0,1,-1,-1,-1
113,7.0,76.0,197.0,40.0,108.0,1,-1,-1,-1
113,8.0,245.0,203.0,31.0,90.0,1,-1,-1,-1
113,10.0,186.0,222.0,32.0,81.0,1,-1,-1,-1
114,1.0,296.0,171.0,56.0,142.0,1,-1,-1,-1
114,3.0,348.0,181.0,51.0,134.0,1,-1,-1,-1
114,6.0,139.0,173.0,49.0,131.0,1,-1,-1,-1
114,7.0,72.0,193.0,40.0,109.0,1,-1,-1,-1
114,8.0,242.0,199.0,34.0,94.0,1,-1,-1,-1
114,10.0,183.0,217.0,30.0,84.0,1,-1,-1,-1
115,1.0,296.0,172.0,56.0,142.0,1,-1,-1,-1
115,3.0,348.0,182.0,50.0,133.0,1,-1,-1,-1
115,6.0,135.0,172.0,50.0,134.0,1,-1,-1,-1
115,7.0,66.0,192.0,44.0,113.0,1,-1,-1,-1
115,8.0,240.0,199.0,36.0,96.0,1,-1,-1,-1
115,10.0,179.0,215.0,34.0,88.0,1,-1,-1,-1
116,1.0,297.0,173.0,55.0,143.0,1,-1,-1,-1
116,3.0,347.0,183.0,51.0,134.0,1,-1,-1,-1
116,6.0,129.0,173.0,52.0,135.0,1,-1,-1,-1
116,7.0,60.0,195.0,44.0,112.0,1,-1,-1,-1
116,8.0,239.0,201.0,36.0,96.0,1,-1,-1,-1
116,10.0,178.0,217.0,33.0,89.0,1,-1,-1,-1
117,1.0,297.0,173.0,54.0,143.0,1,-1,-1,-1
117,3.0,346.0,184.0,49.0,132.0,1,-1,-1,-1
117,6.0,126.0,170.0,53.0,139.0,1,-1,-1,-1
117,7.0,54.0,191.0,44.0,117.0,1,-1,-1,-1
117,8.0,236.0,201.0,36.0,97.0,1,-1,-1,-1
117,10.0,172.0,219.0,33.0,90.0,1,-1,-1,-1
118,1.0,297.0,172.0,54.0,144.0,1,-1,-1,-1
118,3.0,345.0,184.0,48.0,133.0,1,-1,-1,-1
118,6.0,118.0,167.0,56.0,145.0,1,-1,-1,-1
118,7.0,45.0,190.0,51.0,119.0,1,-1,-1,-1
118,8.0,232.0,198.0,39.0,101.0,1,-1,-1,-1
118,10.0,170.0,218.0,34.0,93.0,1,-1,-1,-1
119,1.0,297.0,174.0,53.0,143.0,1,-1,-1,-1
119,3.0,345.0,187.0,48.0,132.0,1,-1,-1,-1
119,6.0,113.0,167.0,57.0,149.0,1,-1,-1,-1
119,7.0,37.0,191.0,55.0,125.0,1,-1,-1,-1
119,8.0,232.0,199.0,38.0,102.0,1,-1,-1,-1
119,10.0,166.0,219.0,36.0,96.0,1,-1,-1,-1
120,1.0,294.0,175.0,54.0,143.0,1,-1,-1,-1
120,3.0,344.0,191.0,47.0,130.0,1,-1,-1,-1
120,6.0,101.0,168.0,63.0,151.0,1,-1,-1,-1
120,7.0,27.0,194.0,52.0,125.0,1,-1,-1,-1
120,8.0,229.0,199.0,39.0,106.0,1,-1,-1,-1
120,10.0,158.0,221.0,38.0,96.0,1,-1,-1,-1
121,1.0,289.0,175.0,53.0,143.0,1,-1,-1,-1
121,3.0,337.0,185.0,48.0,135.0,1,-1,-1,-1
121,6.0,91.0,168.0,63.0,155.0,1,-1,-1,-1
121,7.0,18.0,193.0,52.0,129.0,1,-1,-1,-1
121,8.0,222.0,198.0,38.0,109.0,1,-1,-1,-1
121,10.0,147.0,219.0,40.0,100.0,1,-1,-1,-1
122,1.0,279.0,175.0,53.0,144.0,1,-1,-1,-1
122,3.0,326.0,184.0,47.0,137.0,1,-1,-1,-1
122,6.0,75.0,165.0,65.0,162.0,1,-1,-1,-1
122,7.0,1.0,190.0,49.0,134.0,1,-1,-1,-1
122,8.0,210.0,197.0,41.0,113.0,1,-1,-1,-1
122,10.0,131.0,217.0,42.0,106.0,1,-1,-1,-1
123,1.0,268.0,174.0,53.0,145.0,1,-1,-1,-1
123,3.0,314.0,183.0,48.0,138.0,1,-1,-1,-1
123,6.0,55.0,155.0,70.0,174.0,1,-1,-1,-1
123,7.0,1.0,186.0,35.0,137.0,1,-1,-1,-1
123,8.0,198.0,197.0,40.0,114.0,1,-1,-1,-1
123,10.0,112.0,216.0,45.0,111.0,1,-1,-1,-1
124,1.0,259.0,172.0,54.0,147.0,1,-1,-1,-1
124,3.0,305.0,182.0,49.0,137.0,1,-1,-1,-1
124,6.0,37.0,149.0,73.0,182.0,1,-1,-1,-1
124,8.0,186.0,192.0,45.0,124.0,1,-1,-1,-1
124,10.0,97.0,215.0,45.0,112.0,1,-1,-1,-1
125,1.0,256.0,172.0,55.0,147.0,1,-1,-1,-1
125,3.0,303.0,183.0,47.0,136.0,1,-1,-1,-1
125,6.0,21.0,149.0,83.0,184.0,1,-1,-1,-1
125,8.0,183.0,194.0,44.0,123.0,1,-1,-1,-1
125,10.0,88.0,220.0,46.0,118.0,1,-1,-1,-1
126,1.0,257.0,175.0,56.0,146.0,1,-1,-1,-1
126,3.0,304.0,185.0,48.0,137.0,1,-1,-1,-1
126,6.0,23.0,149.0,76.0,188.0,1,-1,-1,-1
126,8.0,184.0,196.0,45.0,124.0,1,-1,-1,-1
126,10.0,83.0,219.0,47.0,122.0,1,-1,-1,-1
127,1.0,257.0,172.0,55.0,147.0,1,-1,-1,-1
127,3.0,305.0,183.0,47.0,137.0,1,-1,-1,-1
127,6.0,20.0,143.0,77.0,195.0,1,-1,-1,-1
127,8.0,177.0,190.0,47.0,131.0,1,-1,-1,-1
127,10.0,78.0,213.0,47.0,126.0,1,-1,-1,-1
128,1.0,258.0,172.0,54.0,147.0,1,-1,-1,-1
128,3.0,306.0,184.0,47.0,138.0,1,-1,-1,-1
128,6.0,3.0,139.0,87.0,206.0,1,-1,-1,-1
128,8.0,174.0,188.0,50.0,134.0,1,-1,-1,-1
128,10.0,71.0,211.0,50.0,132.0,1,-1,-1,-1
129,1.0,257.0,173.0,55.0,146.0,1,-1,-1,-1
129,3.0,305.0,185.0,46.0,137.0,1,-1,-1,-1
129,6.0,1.0,139.0,84.0,208.0,1,-1,-1,-1
129,8.0,172.0,189.0,51.0,134.0,1,-1,-1,-1
129,10.0,66.0,211.0,52.0,134.0,1,-1,-1,-1
130,1.0,255.0,170.0,57.0,148.0,1,-1,-1,-1
130,3.0,304.0,181.0,44.0,137.0,1,-1,-1,-1
130,6.0,1.0,135.0,76.0,221.0,1,-1,-1,-1
130,8.0,168.0,185.0,55.0,141.0,1,-1,-1,-1
130,10.0,58.0,210.0,54.0,138.0,1,-1,-1,-1
131,1.0,256.0,170.0,56.0,149.0,1,-1,-1,-1
131,3.0,303.0,180.0,45.0,138.0,1,-1,-1,-1
131,6.0,1.0,131.0,73.0,235.0,1,-1,-1,-1
131,8.0,167.0,185.0,59.0,144.0,1,-1,-1,-1
131,10.0,50.0,210.0,55.0,147.0,1,-1,-1,-1
132,1.0,256.0,169.0,56.0,148.0,1,-1,-1,-1
132,3.0,303.0,178.0,46.0,139.0,1,-1,-1,-1
132,8.0,168.0,188.0,56.0,139.0,1,-1,-1,-1
132,10.0,45.0,205.0,64.0,160.0,1,-1,-1,-1
133,1.0,256.0,169.0,56.0,150.0,1,-1,-1,-1
133,3.0,304.0,180.0,46.0,139.0,1,-1,-1,-1
133,8.0,161.0,184.0,61.0,147.0,1,-1,-1,-1
134,1.0,256.0,168.0,56.0,150.0,1,-1,-1,-1
134,3.0,305.0,181.0,45.0,138.0,1,-1,-1,-1
134,8.0,155.0,180.0,64.0,157.0,1,-1,-1,-1
135,1.0,255.0,166.0,57.0,151.0,1,-1,-1,-1
135,3.0,305.0,181.0,45.0,137.0,1,-1,-1,-1
135,8.0,151.0,175.0,66.0,166.0,1,-1,-1,-1
136,1.0,253.0,166.0,59.0,152.0,1,-1,-1,-1
136,3.0,305.0,180.0,43.0,137.0,1,-1,-1,-1
136,8.0,147.0,171.0,65.0,174.0,1,-1,-1,-1
137,1.0,252.0,168.0,60.0,149.0,1,-1,-1,-1
137,3.0,304.0,180.0,43.0,139.0,1,-1,-1,-1
137,8.0,142.0,165.0,70.0,185.0,1,-1,-1,-1
138,1.0,248.0,167.0,62.0,150.0,1,-1,-1,-1
138,3.0,302.0,181.0,45.0,139.0,1,-1,-1,-1
138,8.0,133.0,162.0,78.0,197.0,1,-1,-1,-1
139,1.0,245.0,169.0,62.0,148.0,1,-1,-1,-1
139,3.0,300.0,179.0,49.0,143.0,1,-1,-1,-1
139,8.0,126.0,162.0,82.0,207.0,1,-1,-1,-1
139,11.0,200.0,213.0,26.0,62.0,1,-1,-1,-1
140,1.0,244.0,169.0,61.0,150.0,1,-1,-1,-1
140,3.0,300.0,178.0,52.0,145.0,1,-1,-1,-1
140,8.0,121.0,160.0,84.0,217.0,1,-1,-1,-1
140,11.0,199.0,213.0,25.0,65.0,1,-1,-1,-1
141,1.0,242.0,170.0,62.0,150.0,1,-1,-1,-1
141,3.0,299.0,179.0,54.0,144.0,1,-1,-1,-1
141,8.0,118.0,158.0,79.0,223.0,1,-1,-1,-1
141,11.0,196.0,212.0,25.0,68.0,1,-1,-1,-1
142,1.0,243.0,171.0,61.0,150.0,1,-1,-1,-1
142,3.0,300.0,182.0,53.0,142.0,1,-1,-1,-1
142,8.0,104.0,151.0,92.0,243.0,1,-1,-1,-1
142,11.0,195.0,210.0,25.0,70.0,1,-1,-1,-1
143,1.0,244.0,171.0,61.0,149.0,1,-1,-1,-1
143,3.0,301.0,181.0,52.0,143.0,1,-1,-1,-1
143,8.0,96.0,142.0,99.0,254.0,1,-1,-1,-1
143,11.0,193.0,209.0,25.0,70.0,1,-1,-1,-1
144,1.0,246.0,172.0,59.0,149.0,1,-1,-1,-1
144,3.0,303.0,183.0,50.0,141.0,1,-1,-1,-1
144,8.0,88.0,137.0,105.0,268.0,1,-1,-1,-1
144,11.0,193.0,209.0,24.0,70.0,1,-1,-1,-1
145,1.0,247.0,172.0,59.0,150.0,1,-1,-1,-1
145,3.0,304.0,185.0,49.0,139.0,1,-1,-1,-1
145,8.0,82.0,132.0,108.0,275.0,1,-1,-1,-1
145,11.0,192.0,206.0,24.0,74.0,1,-1,-1,-1
146,1.0,247.0,172.0,59.0,147.0,1,-1,-1,-1
146,3.0,302.0,184.0,47.0,138.0,1,-1,-1,-1
146,8.0,54.0,124.0,130.0,301.0,1,-1,-1,-1
146,11.0,193.0,207.0,24.0,74.0,1,-1,-1,-1
147,1.0,248.0,172.0,60.0,149.0,1,-1,-1,-1
147,3.0,302.0,181.0,45.0,140.0,1,-1,-1,-1
147,8.0,35.0,120.0,144.0,328.0,1,-1,-1,-1
147,11.0,193.0,210.0,23.0,73.0,1,-1,-1,-1
148,1.0,250.0,174.0,59.0,148.0,1,-1,-1,-1
148,3.0,302.0,180.0,48.0,144.0,1,-1,-1,-1
148,8.0,20.0,112.0,158.0,360.0,1,-1,-1,-1
148,11.0,192.0,210.0,25.0,75.0,1,-1,-1,-1
149,1.0,251.0,174.0,58.0,148.0,1,-1,-1,-1
149,3.0,303.0,181.0,48.0,144.0,1,-1,-1,-1
149,8.0,1.0,100.0,172.0,381.0,1,-1,-1,-1
149,11.0,192.0,207.0,24.0,77.0,1,-1,-1,-1
150,1.0,252.0,176.0,58.0,148.0,1,-1,-1,-1
150,3.0,304.0,189.0,48.0,136.0,1,-1,-1,-1
150,8.0,1.0,87.0,162.0,394.0,1,-1,-1,-1
150,11.0,193.0,207.5,24.5,76.0,1,-1,-1,-1
150,12.0,161.0,197.0,30.0,84.0,1,-1,-1,-1
151,1.0,253.0,176.0,57.0,148.0,1,-1,-1,-1
151,3.0,305.0,186.0,48.0,140.0,1,-1,-1,-1
151,8.0,1.0,76.0,152.0,405.0,1,-1,-1,-1
151,11.0,194.0,208.0,25.0,75.0,1,-1,-1,-1
151,12.0,163.0,197.0,28.0,84.0,1,-1,-1,-1
152,1.0,252.0,173.0,58.0,148.0,1,-1,-1,-1
152,3.0,303.0,182.0,49.0,142.0,1,-1,-1,-1
152,8.0,4.0,75.0,151.0,406.0,1,-1,-1,-1
152,11.0,191.0,201.0,26.0,81.0,1,-1,-1,-1
152,12.0,166.0,196.0,26.0,80.0,1,-1,-1,-1
153,1.0,252.0,173.0,57.0,149.0,1,-1,-1,-1
153,3.0,302.0,184.0,50.0,139.0,1,-1,-1,-1
153,8.0,1.0,82.0,136.0,399.0,1,-1,-1,-1
153,11.0,190.0,202.0,25.0,83.0,1,-1,-1,-1
153,12.0,161.0,198.0,27.0,82.0,1,-1,-1,-1
154,1.0,251.0,174.0,58.0,148.0,1,-1,-1,-1
154,3.0,302.0,183.0,51.0,143.0,1,-1,-1,-1
154,8.0,1.0,80.0,119.0,401.0,1,-1,-1,-1
154,11.0,185.0,206.0,28.0,81.0,1,-1,-1,-1
154,12.0,156.0,198.0,28.0,82.0,1,-1,-1,-1
155,1.0,249.0,175.0,59.0,148.0,1,-1,-1,-1
155,3.0,303.0,182.0,51.0,143.0,1,-1,-1,-1
155,8.0,1.0,95.0,98.0,386.0,1,-1,-1,-1
155,11.0,182.0,205.0,30.0,84.0,1,-1,-1,-1
155,12.0,156.0,199.0,27.0,86.0,1,-1,-1,-1
156,1.0,248.0,177.0,60.0,147.0,1,-1,-1,-1
156,3.0,302.0,184.0,53.0,143.0,1,-1,-1,-1
156,11.0,182.0,206.0,31.0,86.0,1,-1,-1,-1
156,12.0,150.9090909090909,197.72727272727272,28.454545454545453,89.0,1,-1,-1,-1
157,1.0,248.0,179.0,59.0,148.0,1,-1,-1,-1
157,3.0,303.0,188.0,52.0,140.0,1,-1,-1,-1
157,11.0,183.0,209.0,29.0,86.0,1,-1,-1,-1
157,12.0,145.8181818181818,196.45454545454547,29.90909090909091,92.0,1,-1,-1,-1
158,1.0,249.0,180.0,59.0,147.0,1,-1,-1,-1
158,3.0,306.0,189.0,52.0,139.0,1,-1,-1,-1
158,11.0,183.0,208.0,31.0,88.0,1,-1,-1,-1
158,12.0,140.72727272727272,195.1818181818182,31.363636363636363,95.0,1,-1,-1,-1
159,1.0,249.0,181.0,60.0,147.0,1,-1,-1,-1
159,3.0,306.0,191.0,54.0,139.0,1,-1,-1,-1
159,11.0,183.0,207.33333333333331,31.0,88.66666666666667,1,-1,-1,-1
159,12.0,135.63636363636365,193.9090909090909,32.81818181818182,98.0,1,-1,-1,-1
160,1.0,250.0,181.0,58.0,146.0,1,-1,-1,-1
160,3.0,306.0,193.0,54.0,136.0,1,-1,-1,-1
160,11.0,183.0,206.66666666666669,31.0,89.33333333333333,1,-1,-1,-1
160,12.0,130.54545454545456,192.63636363636363,34.27272727272727,101.0,1,-1,-1,-1
161,1.0,251.0,180.0,58.0,145.0,1,-1,-1,-1
161,3.0,307.0,192.0,54.0,135.0,1,-1,-1,-1
161,11.0,183.0,206.0,31.0,90.0,1,-1,-1,-1
161,12.0,125.45454545454545,191.36363636363637,35.72727272727273,104.0,1,-1,-1,-1
162,1.0,251.0,177.0,59.0,145.0,1,-1,-1,-1
162,3.0,308.0,192.0,51.0,133.0,1,-1,-1,-1
162,11.0,183.0,204.16666666666669,31.833333333333332,92.83333333333333,1,-1,-1,-1
162,12.0,120.36363636363637,190.0909090909091,37.18181818181818,107.0,1,-1,-1,-1
163,1.0,252.0,175.0,58.0,145.0,1,-1,-1,-1
163,3.0,306.0,188.0,51.0,134.0,1,-1,-1,-1
163,11.0,183.0,202.33333333333331,32.666666666666664,95.66666666666667,1,-1,-1,-1
163,12.0,115.27272727272728,188.8181818181818,38.63636363636364,110.0,1,-1,-1,-1
164,1.0,253.0,177.0,59.0,146.0,1,-1,-1,-1
164,3.0,308.0,191.0,51.0,135.0,1,-1,-1,-1
164,11.0,183.0,200.5,33.5,98.5,1,-1,-1,-1
164,12.0,110.1818181818182,187.54545454545453,40.09090909090909,113.0,1,-1,-1,-1
165,1.0,256.0,178.0,59.0,147.0,1,-1,-1,-1
165,3.0,311.0,199.0,48.0,129.0,1,-1,-1,-1
165,11.0,183.0,198.66666666666669,34.333333333333336,101.33333333333333,1,-1,-1,-1
165,12.0,105.0909090909091,186.27272727272728,41.54545454545455,116.0,1,-1,-1,-1
166,1.0,259.0,180.0,59.0,146.0,1,-1,-1,-1
166,3.0,316.0,201.0,48.0,129.0,1,-1,-1,-1
166,11.0,183.0,196.83333333333331,35.166666666666664,104.16666666666667,1,-1,-1,-1
166,12.0,100.0,185.0,43.0,119.0,1,-1,-1,-1
167,1.0,262.0,178.0,58.0,146.0,1,-1,-1,-1
167,3.0,320.0,197.0,48.0,131.0,1,-1,-1,-1
167,11.0,183.0,195.0,36.0,107.0,1,-1,-1,-1
167,12.0,101.0,180.0,45.0,125.0,1,-1,-1,-1
168,1.0,261.0,178.0,58.0,147.0,1,-1,-1,-1
168,3.0,321.0,196.0,48.0,133.0,1,-1,-1,-1
168,11.0,181.0,196.0,35.0,108.0,1,-1,-1,-1
168,12.0,99.0,178.0,45.0,128.0,1,-1,-1,-1
169,1.0,262.0,174.0,56.0,148.0,1,-1,-1,-1
169,3.0,320.0,187.0,45.0,139.0,1,-1,-1,-1
169,11.0,166.0,186.0,44.0,116.0,1,-1,-1,-1
169,12.0,97.0,172.0,50.0,131.0,1,-1,-1,-1
170,1.0,259.0,171.0,58.0,148.0,1,-1,-1,-1
170,3.0,317.0,181.0,47.0,142.0,1,-1,-1,-1
170,11.0,167.0,188.0,42.0,114.0,1,-1,-1,-1
170,12.0,92.0,170.0,55.0,136.0,1,-1,-1,-1
171,1.0,258.0,171.0,58.0,148.0,1,-1,-1,-1
171,3.0,314.0,177.0,48.0,146.0,1,-1,-1,-1
171,11.0,168.0,186.0,43.0,120.0,1,-1,-1,-1
171,12.0,88.0,169.0,54.0,138.0,1,-1,-1,-1
172,1.0,256.0,170.0,59.0,148.0,1,-1,-1,-1
172,3.0,314.0,177.0,48.0,146.0,1,-1,-1,-1
172,11.0,168.0,186.0,43.0,120.0,1,-1,-1,-1
172,12.0,81.0,168.0,58.0,141.0,1,-1,-1,-1
173,1.0,254.0,171.0,60.0,147.0,1,-1,-1,-1
173,3.0,313.0,178.0,50.0,144.0,1,-1,-1,-1
173,11.0,162.0,183.0,48.0,127.0,1,-1,-1,-1
173,12.0,76.0,168.0,61.0,145.0,1,-1,-1,-1
174,1.0,254.0,172.0,60.0,149.0,1,-1,-1,-1
174,3.0,313.0,180.0,52.0,145.0,1,-1,-1,-1
174,11.0,158.0,178.0,52.0,137.0,1,-1,-1,-1
174,12.0,71.0,168.0,62.0,149.0,1,-1,-1,-1
175,1.0,254.0,171.0,60.0,148.0,1,-1,-1,-1
175,3.0,312.0,179.0,53.0,144.0,1,-1,-1,-1
175,11.0,156.66666666666666,176.33333333333331,52.666666666666664,139.33333333333334,1,-1,-1,-1
175,12.0,71.0,162.0,60.0,151.0,1,-1,-1,-1
176,1.0,255.0,170.0,61.0,146.0,1,-1,-1,-1
176,3.0,313.0,178.0,53.0,142.0,1,-1,-1,-1
176,11.0,155.33333333333334,174.66666666666669,53.333333333333336,141.66666666666666,1,-1,-1,-1
176,12.0,68.0,152.0,64.0,159.0,1,-1,-1,-1
177,1.0,257.0,171.0,60.0,147.0,1,-1,-1,-1
177,3.0,312.0,179.0,54.0,143.0,1,-1,-1,-1
177,11.0,154.0,173.0,54.0,144.0,1,-1,-1,-1
177,12.0,65.0,154.0,58.0,161.0,1,-1,-1,-1
178,1.0,256.0,168.0,62.0,148.0,1,-1,-1,-1
178,3.0,313.0,178.0,53.0,142.0,1,-1,-1,-1
178,11.0,151.0,172.0,56.0,147.0,1,-1,-1,-1
178,12.0,51.0,148.0,65.0,173.0,1,-1,-1,-1
179,1.0,257.0,167.0,61.0,146.0,1,-1,-1,-1
179,3.0,311.0,176.0,53.0,142.0,1,-1,-1,-1
179,11.0,148.0,172.0,59.0,150.0,1,-1,-1,-1
179,12.0,41.0,145.0,69.0,176.0,1,-1,-1,-1
180,1.0,259.0,169.0,61.0,147.0,1,-1,-1,-1
180,3.0,311.0,177.0,49.0,140.0,1,-1,-1,-1
180,11.0,142.0,171.0,65.0,157.0,1,-1,-1,-1
180,12.0,38.0,146.0,71.0,181.0,1,-1,-1,-1
181,1.0,260.0,168.0,61.0,148.0,1,-1,-1,-1
181,3.0,309.0,174.0,52.0,143.0,1,-1,-1,-1
181,11.0,141.0,168.0,63.0,159.0,1,-1,-1,-1
181,12.0,26.0,144.0,75.0,190.0,1,-1,-1,-1
182,1.0,263.0,168.0,58.0,148.0,1,-1,-1,-1
182,3.0,311.0,176.0,51.0,141.0,1,-1,-1,-1
182,11.0,140.0,166.0,64.0,165.0,1,-1,-1,-1
182,12.0,24.0,142.0,73.0,194.0,1,-1,-1,-1
183,1.0,264.0,170.0,59.0,147.0,1,-1,-1,-1
183,3.0,313.0,178.0,50.0,141.0,1,-1,-1,-1
183,11.0,142.0,163.0,62.0,167.0,1,-1,-1,-1
183,12.0,15.0,137.0,75.0,204.0,1,-1,-1,-1
184,1.0,265.0,170.0,57.0,148.0,1,-1,-1,-1
184,3.0,314.0,179.0,51.0,141.0,1,-1,-1,-1
184,11.0,141.0,159.0,63.0,169.0,1,-1,-1,-1
184,12.0,4.0,129.0,80.0,216.0,1,-1,-1,-1
185,1.0,264.0,171.0,59.0,149.0,1,-1,-1,-1
185,3.0,315.0,181.0,50.0,140.0,1,-1,-1,-1
185,11.0,139.0,160.0,64.0,172.0,1,-1,-1,-1
185,12.0,1.0,124.0,79.0,228.0,1,-1,-1,-1
186,1.0,263.0,170.0,60.0,149.0,1,-1,-1,-1
186,3.0,315.0,181.0,50.0,141.0,1,-1,-1,-1
186,11.0,135.0,160.0,67.0,178.0,1,-1,-1,-1
186,12.0,1.0,119.0,71.0,238.0,1,-1,-1,-1
187,1.0,262.0,166.0,62.0,150.0,1,-1,-1,-1
187,3.0,315.0,177.0,49.0,141.0,1,-1,-1,-1
187,11.0,132.0,152.0,73.0,196.0,1,-1,-1,-1
187,12.0,1.0,110.0,66.0,248.0,1,-1,-1,-1
188,1.0,261.0,168.0,62.0,150.0,1,-1,-1,-1
188,3.0,314.0,178.0,48.0,144.0,1,-1,-1,-1
188,11.0,128.0,155.0,73.0,189.0,1,-1,-1,-1
189,1.0,257.0,166.0,66.0,151.0,1,-1,-1,-1
189,3.0,316.0,178.0,46.0,141.0,1,-1,-1,-1
189,11.0,115.0,146.0,89.0,211.0,1,-1,-1,-1
190,1.0,258.0,170.0,62.0,150.0,1,-1,-1,-1
190,3.0,314.0,179.0,51.0,146.0,1,-1,-1,-1
190,11.0,101.0,141.0,102.0,229.0,1,-1,-1,-1
191,1.0,259.0,172.0,61.0,151.0,1,-1,-1,-1
191,3.0,316.0,184.0,51.0,142.0,1,-1,-1,-1
191,11.0,98.0,126.0,111.0,253.0,1,-1,-1,-1
192,1.0,260.0,174.0,61.0,153.0,1,-1,-1,-1
192,3.0,318.0,189.0,48.0,138.0,1,-1,-1,-1
192,11.0,98.0,125.0,107.0,270.0,1,-1,-1,-1
193,1.0,260.0,174.0,60.0,151.0,1,-1,-1,-1
193,3.0,317.0,190.0,47.0,136.0,1,-1,-1,-1
193,11.0,90.0,128.0,116.0,275.0,1,-1,-1,-1
194,1.0,261.0,174.0,60.0,153.0,1,-1,-1,-1
194,3.0,319.0,189.0,46.0,138.0,1,-1,-1,-1
194,11.0,64.0,120.0,133.0,294.0,1,-1,-1,-1
195,1.0,262.0,174.0,61.0,153.0,1,-1,-1,-1
195,3.0,316.0,188.0,50.0,138.0,1,-1,-1,-1
195,11.0,58.0,112.0,139.0,315.0,1,-1,-1,-1
196,1.0,263.0,174.0,62.0,150.0,1,-1,-1,-1
196,3.0,318.0,182.0,50.0,141.0,1,-1,-1,-1
196,11.0,55.0,106.0,143.0,329.0,1,-1,-1,-1
196,13.0,211.0,213.0,25.0,68.0,1,-1,-1,-1
197,1.0,264.0,173.0,62.0,151.0,1,-1,-1,-1
197,3.0,317.0,182.0,49.0,141.0,1,-1,-1,-1
197,11.0,41.0,80.0,152.0,370.0,1,-1,-1,-1
197,13.0,213.0,216.0,21.0,69.0,1,-1,-1,-1
198,1.0,265.0,173.0,60.0,151.0,1,-1,-1,-1
198,3.0,316.0,179.0,50.0,144.0,1,-1,-1,-1
198,11.0,20.0,69.0,170.0,386.0,1,-1,-1,-1
198,13.0,213.0,216.0,23.0,70.0,1,-1,-1,-1
199,1.0,267.0,175.0,59.0,152.0,1,-1,-1,-1
199,3.0,316.0,183.0,52.0,144.0,1,-1,-1,-1
199,11.0,4.0,50.0,181.0,431.0,1,-1,-1,-1
199,13.0,214.0,221.0,22.0,67.0,1,-1,-1,-1
199,14.0,197.0,214.0,23.0,67.0,1,-1,-1,-1
200,1.0,267.0,176.0,58.0,152.0,1,-1,-1,-1
200,3.0,318.0,187.0,52.0,141.0,1,-1,-1,-1
200,11.0,1.0,20.0,188.0,461.0,1,-1,-1,-1
200,13.0,212.0,219.0,23.0,68.0,1,-1,-1,-1
200,14.0,198.0,213.0,23.0,71.0,1,-1,-1,-1
201,1.0,269.0,175.0,57.0,152.0,1,-1,-1,-1
201,3.0,319.0,186.0,52.0,141.0,1,-1,-1,-1
201,11.0,1.0,12.0,178.0,469.0,1,-1,-1,-1
201,13.0,211.0,216.0,24.0,71.0,1,-1,-1,-1
201,14.0,198.0,213.0,24.0,70.0,1,-1,-1,-1
202,1.0,270.0,178.0,58.0,152.0,1,-1,-1,-1
202,3.0,320.0,189.0,47.0,140.0,1,-1,-1,-1
202,11.0,1.0,1.0,168.0,480.0,1,-1,-1,-1
202,13.0,214.0,217.0,24.0,73.0,1,-1,-1,-1
202,14.0,198.0,215.0,21.0,69.0,1,-1,-1,-1
203,1.0,269.0,176.0,59.0,151.0,1,-1,-1,-1
203,3.0,317.0,186.0,51.0,141.0,1,-1,-1,-1
203,11.0,1.0,7.875,163.9375,469.1875,1,-1,-1,-1
203,13.0,216.0,216.0,22.0,72.0,1,-1,-1,-1
203,14.0,196.0,212.0,26.0,73.0,1,-1,-1,-1
203,15.0,167.0,212.0,26.0,69.0,1,-1,-1,-1
204,1.0,270.0,173.0,59.0,151.0,1,-1,-1,-1
204,3.0,319.0,183.0,51.0,142.0,1,-1,-1,-1
204,11.0,1.0,14.75,159.875,458.375,1,-1,-1,-1
204,13.0,215.0,216.0,21.0,71.0,1,-1,-1,-1
204,14.0,197.0,210.0,28.0,75.0,1,-1,-1,-1
204,15.0,165.33333333333334,209.33333333333334,26.0,72.0,1,-1,-1,-1
205,1.0,270.0,172.0,58.0,151.0,1,-1,-1,-1
205,3.0,319.0,180.0,50.0,144.0,1,-1,-1,-1
205,11.0,1.0,21.625,155.8125,447.5625,1,-1,-1,-1
205,13.0,214.0,210.0,23.0,78.0,1,-1,-1,-1
205,14.0,194.0,208.0,27.0,76.0,1,-1,-1,-1
205,15.0,163.66666666666666,206.66666666666666,26.0,75.0,1,-1,-1,-1
206,1.0,268.0,170.0,60.0,151.0,1,-1,-1,-1
206,3.0,319.0,177.0,51.0,145.0,1,-1,-1,-1
206,11.0,1.0,28.5,151.75,436.75,1,-1,-1,-1
206,13.0,217.0,208.0,21.0,79.0,1,-1,-1,-1
206,14.0,193.0,205.0,28.0,78.0,1,-1,-1,-1
206,15.0,162.0,204.0,26.0,78.0,1,-1,-1,-1
207,1.0,266.0,172.0,61.0,151.0,1,-1,-1,-1
207,3.0,317.0,179.0,53.0,146.0,1,-1,-1,-1
207,11.0,1.0,35.375,147.6875,425.9375,1,-1,-1,-1
207,13.0,216.0,211.0,21.0,78.0,1,-1,-1,-1
207,14.0,191.0,206.0,33.0,80.0,1,-1,-1,-1
207,15.0,162.0,205.0,25.0,80.0,1,-1,-1,-1
208,1.0,264.0,174.0,62.0,151.0,1,-1,-1,-1
208,3.0,317.0,180.0,53.0,147.0,1,-1,-1,-1
208,11.0,1.0,42.25,143.625,415.125,1,-1,-1,-1
208,13.0,217.0,215.0,21.0,76.0,1,-1,-1,-1
208,14.0,189.0,206.0,33.0,82.0,1,-1,-1,-1
208,15.0,159.0,204.0,26.0,82.0,1,-1,-1,-1
209,1.0,267.0,177.0,59.0,150.0,1,-1,-1,-1
209,3.0,318.0,183.0,51.0,145.0,1,-1,-1,-1
209,11.0,1.0,49.125,139.5625,404.3125,1,-1,-1,-1
209,13.0,216.0,212.0,22.0,80.0,1,-1,-1,-1
209,14.0,188.0,208.0,30.0,80.0,1,-1,-1,-1
209,15.0,157.0,205.0,26.0,82.0,1,-1,-1,-1
210,1.0,269.0,178.0,59.0,149.0,1,-1,-1,-1
210,3.0,321.0,185.0,52.0,144.0,1,-1,-1,-1
210,11.0,1.0,56.0,135.5,393.5,1,-1,-1,-1
210,13.0,217.0,212.0,23.0,83.0,1,-1,-1,-1
210,14.0,189.0,207.0,31.0,83.0,1,-1,-1,-1
210,15.0,158.0,205.0,27.0,83.0,1,-1,-1,-1
211,1.0,271.0,177.0,59.0,150.0,1,-1,-1,-1
211,3.0,323.0,184.0,51.0,144.0,1,-1,-1,-1
211,11.0,1.0,62.875,131.4375,382.6875,1,-1,-1,-1
211,13.0,216.0,210.0,23.0,84.0,1,-1,-1,-1
211,14.0,186.0,205.0,35.0,84.0,1,-1,-1,-1
211,15.0,156.0,206.0,27.0,82.0,1,-1,-1,-1
212,1.0,272.0,177.0,60.0,150.0,1,-1,-1,-1
212,3.0,325.0,185.0,50.0,142.0,1,-1,-1,-1
212,11.0,1.0,69.75,127.375,371.875,1,-1,-1,-1
212,13.0,217.0,210.0,22.0,84.0,1,-1,-1,-1
212,14.0,187.0,206.0,35.0,83.0,1,-1,-1,-1
212,15.0,155.0,207.0,29.0,82.0,1,-1,-1,-1
213,1.0,273.0,172.0,60.0,151.0,1,-1,-1,-1
213,3.0,326.0,181.0,49.0,143.0,1,-1,-1,-1
213,11.0,1.0,76.625,123.3125,361.0625,1,-1,-1,-1
213,13.0,220.0,209.0,25.0,84.0,1,-1,-1,-1
213,14.0,189.0,203.0,34.0,85.0,1,-1,-1,-1
213,15.0,155.0,203.0,29.0,84.0,1,-1,-1,-1
214,1.0,274.0,171.0,60.0,152.0,1,-1,-1,-1
214,3.0,327.0,179.0,49.0,145.0,1,-1,-1,-1
214,11.0,1.0,83.5,119.25,350.25,1,-1,-1,-1
214,13.0,222.0,208.0,32.0,85.0,1,-1,-1,-1
214,14.0,188.0,204.0,33.0,84.0,1,-1,-1,-1
214,15.0,153.0,202.0,31.0,86.0,1,-1,-1,-1
215,1.0,275.0,171.0,60.0,153.0,1,-1,-1,-1
215,3.0,328.0,179.0,49.0,147.0,1,-1,-1,-1
215,11.0,1.0,90.375,115.1875,339.4375,1,-1,-1,-1
215,13.0,225.0,210.0,29.0,79.0,1,-1,-1,-1
215,14.0,187.0,205.0,30.0,83.0,1,-1,-1,-1
215,15.0,154.0,202.0,31.0,87.0,1,-1,-1,-1
216,1.0,277.0,171.0,59.0,154.0,1,-1,-1,-1
216,3.0,329.0,180.0,50.0,147.0,1,-1,-1,-1
216,11.0,1.0,97.25,111.125,328.625,1,-1,-1,-1
216,13.0,227.0,209.0,27.0,78.0,1,-1,-1,-1
216,14.0,188.0,202.0,32.0,88.0,1,-1,-1,-1
216,15.0,150.0,201.0,36.0,89.0,1,-1,-1,-1
217,1.0,279.0,174.0,59.0,153.0,1,-1,-1,-1
217,3.0,331.0,184.0,51.0,145.0,1,-1,-1,-1
217,11.0,1.0,104.125,107.0625,317.8125,1,-1,-1,-1
217,13.0,226.75,208.125,28.375,80.125,1,-1,-1,-1
217,14.0,187.0,203.0,33.0,89.0,1,-1,-1,-1
217,15.0,149.0,202.0,38.0,91.0,1,-1,-1,-1
218,1.0,281.0,175.0,60.0,152.0,1,-1,-1,-1
218,3.0,335.0,186.0,51.0,144.0,1,-1,-1,-1
218,11.0,1.0,111.0,103.0,307.0,1,-1,-1,-1
218,13.0,226.5,207.25,29.75,82.25,1,-1,-1,-1
218,14.0,186.0,201.0,36.0,92.0,1,-1,-1,-1
218,15.0,147.0,199.0,41.0,95.0,1,-1,-1,-1
219,1.0,284.0,173.0,59.0,152.0,1,-1,-1,-1
219,3.0,337.0,186.0,52.0,144.0,1,-1,-1,-1
219,11.0,1.0,101.0,103.0,327.0,1,-1,-1,-1
219,13.0,226.25,206.375,31.125,84.375,1,-1,-1,-1
219,14.0,189.0,198.0,33.0,92.0,1,-1,-1,-1
219,15.0,149.0,197.0,39.0,95.0,1,-1,-1,-1
220,1.0,284.0,174.0,59.0,151.0,1,-1,-1,-1
220,3.0,337.0,187.0,52.0,144.0,1,-1,-1,-1
220,11.0,1.0,100.0,88.0,316.0,1,-1,-1,-1
220,13.0,226.0,205.5,32.5,86.5,1,-1,-1,-1
220,14.0,188.0,198.0,34.0,93.0,1,-1,-1,-1
220,15.0,149.0,198.0,36.0,94.0,1,-1,-1,-1
221,1.0,282.0,172.0,61.0,153.0,1,-1,-1,-1
221,3.0,334.0,182.0,50.0,144.0,1,-1,-1,-1
221,11.0,1.0,94.0,75.0,322.0,1,-1,-1,-1
221,13.0,225.75,204.625,33.875,88.625,1,-1,-1,-1
221,14.0,185.0,197.0,36.0,95.0,1,-1,-1,-1
221,15.0,144.0,196.0,39.0,98.0,1,-1,-1,-1
222,1.0,283.0,170.0,61.0,153.0,1,-1,-1,-1
222,3.0,332.0,177.0,53.0,149.0,1,-1,-1,-1
222,13.0,225.5,203.75,35.25,90.75,1,-1,-1,-1
222,14.0,184.0,198.0,34.0,93.0,1,-1,-1,-1
222,15.0,142.0,194.0,43.0,101.0,1,-1,-1,-1
223,1.0,284.0,170.0,60.0,153.0,1,-1,-1,-1
223,3.0,335.0,179.0,51.0,147.0,1,-1,-1,-1
223,13.0,225.25,202.875,36.625,92.875,1,-1,-1,-1
223,14.0,183.0,198.0,37.0,95.0,1,-1,-1,-1
223,15.0,142.0,194.0,42.0,103.0,1,-1,-1,-1
224,1.0,283.0,170.0,60.0,153.0,1,-1,-1,-1
224,3.0,335.0,178.0,52.0,149.0,1,-1,-1,-1
224,13.0,225.0,202.0,38.0,95.0,1,-1,-1,-1
224,14.0,180.0,197.0,40.0,98.0,1,-1,-1,-1
224,15.0,139.0,195.0,43.0,102.0,1,-1,-1,-1
225,1.0,282.0,172.0,60.0,153.0,1,-1,-1,-1
225,3.0,335.0,181.0,53.0,147.0,1,-1,-1,-1
225,13.0,225.0,205.0,36.0,92.0,1,-1,-1,-1
225,14.0,177.0,198.0,40.0,100.0,1,-1,-1,-1
225,15.0,137.0,196.0,42.0,103.0,1,-1,-1,-1
226,1.0,281.0,174.0,60.0,152.0,1,-1,-1,-1
226,3.0,335.0,183.0,53.0,146.0,1,-1,-1,-1
226,13.0,223.0,206.0,36.0,89.0,1,-1,-1,-1
226,14.0,175.0,197.0,41.0,103.0,1,-1,-1,-1
226,15.0,131.0,193.0,42.0,108.0,1,-1,-1,-1
227,1.0,281.0,176.0,60.0,150.0,1,-1,-1,-1
227,3.0,335.0,184.0,53.0,147.0,1,-1,-1,-1
227,13.0,231.0,207.0,30.0,89.0,1,-1,-1,-1
227,14.0,170.0,196.0,44.0,106.0,1,-1,-1,-1
227,15.0,130.0,191.0,41.0,111.0,1,-1,-1,-1
228,1.0,282.0,176.0,60.0,149.0,1,-1,-1,-1
228,3.0,335.0,184.0,52.0,147.0,1,-1,-1,-1
228,13.0,232.0,207.0,27.0,88.0,1,-1,-1,-1
228,14.0,166.0,195.0,46.0,108.0,1,-1,-1,-1
228,15.0,126.0,191.0,42.0,111.0,1,-1,-1,-1
229,1.0,282.0,174.0,62.0,150.0,1,-1,-1,-1
229,3.0,334.0,184.0,53.0,145.0,1,-1,-1,-1
229,13.0,230.0,204.0,31.0,92.0,1,-1,-1,-1
229,14.0,163.0,193.0,45.0,108.0,1,-1,-1,-1
229,15.0,121.0,189.0,44.0,112.0,1,-1,-1,-1
230,1.0,282.0,172.0,63.0,151.0,1,-1,-1,-1
230,3.0,334.0,182.0,53.0,145.0,1,-1,-1,-1
230,13.0,230.0,203.0,32.0,92.0,1,-1,-1,-1
230,14.0,159.0,191.0,47.0,110.0,1,-1,-1,-1
230,15.0,119.0,189.0,44.0,113.0,1,-1,-1,-1
231,1.0,282.0,170.0,64.0,152.0,1,-1,-1,-1
231,3.0,333.0,179.0,53.0,146.0,1,-1,-1,-1
231,13.0,229.0,200.0,35.0,97.0,1,-1,-1,-1
231,14.0,155.0,190.0,47.0,110.0,1,-1,-1,-1
231,15.0,112.0,186.0,49.0,118.0,1,-1,-1,-1
231,16.0,189.0,190.0,42.0,118.0,1,-1,-1,-1
232,1.0,283.0,171.0,64.0,153.0,1,-1,-1,-1
232,3.0,332.0,179.0,54.0,146.0,1,-1,-1,-1
232,13.0,231.0,203.0,32.0,94.0,1,-1,-1,-1
232,14.0,153.0,190.0,47.0,113.0,1,-1,-1,-1
232,15.0,110.0,188.0,43.0,119.0,1,-1,-1,-1
232,16.0,184.0,188.0,45.0,124.0,1,-1,-1,-1
233,1.0,284.0,171.0,63.0,154.0,1,-1,-1,-1
233,3.0,331.0,179.0,54.0,147.0,1,-1,-1,-1
233,13.0,230.0,201.0,32.0,100.0,1,-1,-1,-1
233,14.0,147.0,189.0,47.0,118.0,1,-1,-1,-1
233,15.0,106.0,184.0,46.0,125.0,1,-1,-1,-1
233,16.0,181.0,186.0,47.0,129.0,1,-1,-1,-1
234,1.0,286.0,173.0,63.0,153.0,1,-1,-1,-1
234,3.0,333.0,180.0,52.0,147.0,1,-1,-1,-1
234,13.0,227.0,199.0,36.0,109.0,1,-1,-1,-1
234,14.0,146.0,189.0,45.0,119.0,1,-1,-1,-1
234,15.0,100.0,182.0,49.0,128.0,1,-1,-1,-1
234,16.0,177.0,186.0,50.0,131.0,1,-1,-1,-1
235,1.0,288.0,175.0,61.0,152.0,1,-1,-1,-1
235,3.0,335.0,182.0,52.0,146.0,1,-1,-1,-1
235,13.0,226.0,199.0,37.0,111.0,1,-1,-1,-1
235,14.0,144.0,188.0,46.0,123.0,1,-1,-1,-1
235,15.0,97.0,182.0,50.0,130.0,1,-1,-1,-1
235,16.0,172.0,189.0,54.0,130.0,1,-1,-1,-1
236,1.0,289.0,174.0,61.0,153.0,1,-1,-1,-1
236,3.0,335.0,182.0,52.0,146.0,1,-1,-1,-1
236,13.0,224.0,198.0,39.0,111.0,1,-1,-1,-1
236,14.0,142.0,187.0,46.0,125.0,1,-1,-1,-1
236,15.0,86.0,179.0,55.0,134.0,1,-1,-1,-1
236,16.0,170.0,188.0,54.0,131.0,1,-1,-1,-1
237,1.0,287.0,175.0,63.0,152.0,1,-1,-1,-1
237,3.0,334.0,184.0,53.0,145.0,1,-1,-1,-1
237,13.0,222.0,199.0,41.0,113.0,1,-1,-1,-1
237,14.0,138.0,186.0,45.0,126.0,1,-1,-1,-1
237,15.0,83.0,179.0,56.0,136.0,1,-1,-1,-1
237,16.0,169.0,189.0,53.0,131.0,1,-1,-1,-1
238,1.0,285.0,174.0,64.0,153.0,1,-1,-1,-1
238,3.0,334.0,184.0,52.0,144.0,1,-1,-1,-1
238,13.0,222.0,199.0,40.0,114.0,1,-1,-1,-1
238,14.0,135.0,182.0,47.0,132.0,1,-1,-1,-1
238,15.0,67.0,179.0,66.0,138.0,1,-1,-1,-1
238,16.0,170.0,190.0,48.0,131.0,1,-1,-1,-1
239,1.0,281.0,170.0,66.0,156.0,1,-1,-1,-1
239,3.0,333.0,180.0,52.0,146.0,1,-1,-1,-1
239,13.0,219.0,195.0,42.0,117.0,1,-1,-1,-1
239,14.0,132.0,177.0,48.0,139.0,1,-1,-1,-1
239,15.0,61.0,176.0,66.0,139.0,1,-1,-1,-1
239,16.0,165.0,185.0,50.0,137.0,1,-1,-1,-1
240,1.0,280.0,169.0,67.0,156.0,1,-1,-1,-1
240,3.0,333.0,180.0,53.0,147.0,1,-1,-1,-1
240,13.0,219.0,194.0,42.0,120.0,1,-1,-1,-1
240,14.0,126.0,176.0,50.0,144.0,1,-1,-1,-1
240,15.0,59.0,176.0,64.0,141.0,1,-1,-1,-1
240,16.0,160.0,192.0,48.0,133.0,1,-1,-1,-1
241,1.0,280.0,171.0,66.0,156.0,1,-1,-1,-1
241,3.0,333.0,181.0,53.0,149.0,1,-1,-1,-1
241,13.0,219.0,194.0,43.0,123.0,1,-1,-1,-1
241,14.0,120.0,176.0,53.0,145.0,1,-1,-1,-1
241,15.0,53.0,175.0,67.0,146.0,1,-1,-1,-1
241,16.0,159.0,185.0,48.0,142.0,1,-1,-1,-1
242,1.0,280.0,172.0,65.0,157.0,1,-1,-1,-1
242,3.0,333.0,182.0,52.0,149.0,1,-1,-1,-1
242,13.0,218.0,192.0,43.0,122.0,1,-1,-1,-1
242,14.0,117.0,175.0,53.0,148.0,1,-1,-1,-1
242,15.0,47.0,174.0,67.0,148.0,1,-1,-1,-1
242,16.0,152.0,179.0,51.0,150.0,1,-1,-1,-1
243,1.0,280.0,176.0,66.0,156.0,1,-1,-1,-1
243,3.0,333.0,186.0,52.0,147.0,1,-1,-1,-1
243,13.0,215.0,193.0,45.0,123.0,1,-1,-1,-1
243,14.0,109.0,175.0,57.0,155.0,1,-1,-1,-1
243,15.0,39.0,173.0,68.0,153.0,1,-1,-1,-1
243,16.0,143.0,179.0,56.0,155.0,1,-1,-1,-1
244,1.0,282.0,180.0,64.0,156.0,1,-1,-1,-1
244,3.0,333.0,190.0,51.0,148.0,1,-1,-1,-1
244,13.0,212.0,197.0,47.0,129.0,1,-1,-1,-1
244,14.0,107.0,176.0,61.0,161.0,1,-1,-1,-1
244,15.0,29.0,175.0,71.0,161.0,1,-1,-1,-1
244,16.0,146.0,180.0,62.0,161.0,1,-1,-1,-1
245,1.0,283.0,178.0,64.0,157.0,1,-1,-1,-1
245,3.0,332.0,188.0,52.0,148.0,1,-1,-1,-1
245,13.0,211.0,197.0,42.0,127.0,1,-1,-1,-1
245,14.0,100.0,172.0,63.0,167.0,1,-1,-1,-1
245,15.0,25.0,173.0,68.0,161.0,1,-1,-1,-1
245,16.0,135.0,178.0,70.0,162.0,1,-1,-1,-1
246,1.0,284.0,175.0,64.0,156.0,1,-1,-1,-1
246,3.0,331.0,185.0,52.0,146.0,1,-1,-1,-1
246,13.0,207.0,191.0,45.0,137.0,1,-1,-1,-1
246,14.0,95.0,166.0,62.0,172.0,1,-1,-1,-1
246,15.0,14.0,167.0,69.0,167.0,1,-1,-1,-1
246,16.0,127.0,171.0,73.0,170.0,1,-1,-1,-1
247,1.0,284.0,174.0,62.0,154.0,1,-1,-1,-1
247,3.0,332.0,185.0,50.0,144.0,1,-1,-1,-1
247,13.0,204.0,189.0,47.0,141.0,1,-1,-1,-1
247,14.0,85.0,162.0,65.0,180.0,1,-1,-1,-1
247,15.0,7.0,169.0,65.0,168.0,1,-1,-1,-1
247,16.0,128.0,171.0,69.0,169.0,1,-1,-1,-1
248,1.0,283.0,170.0,63.0,156.0,1,-1,-1,-1
248,3.0,332.0,180.0,49.0,146.0,1,-1,-1,-1
248,13.0,201.0,186.0,50.0,142.0,1,-1,-1,-1
248,14.0,83.0,158.0,66.0,184.0,1,-1,-1,-1
248,15.0,2.0,162.0,70.0,175.0,1,-1,-1,-1
248,16.0,129.0,167.0,63.0,173.0,1,-1,-1,-1
249,1.0,284.0,171.0,61.0,157.0,1,-1,-1,-1
249,3.0,331.0,182.0,48.0,146.0,1,-1,-1,-1
249,13.0,198.0,186.0,52.0,143.0,1,-1,-1,-1
249,14.0,70.0,158.0,72.0,187.0,1,-1,-1,-1
249,15.0,1.0,162.0,67.0,183.0,1,-1,-1,-1
249,16.0,123.0,169.0,64.0,172.0,1,-1,-1,-1
250,1.0,285.0,171.0,59.0,157.0,1,-1,-1,-1
250,3.0,330.0,181.0,48.0,147.0,1,-1,-1,-1
250,13.0,193.0,182.0,55.0,147.0,1,-1,-1,-1
250,14.0,59.0,155.0,79.0,191.0,1,-1,-1,-1
250,15.0,1.0,163.0,63.0,177.0,1,-1,-1,-1
250,16.0,103.0,163.0,78.0,184.0,1,-1,-1,-1
251,1.0,285.0,172.0,59.0,156.0,1,-1,-1,-1
251,3.0,330.0,185.0,48.0,143.0,1,-1,-1,-1
251,13.0,189.0,179.0,57.0,152.0,1,-1,-1,-1
251,14.0,36.0,152.0,96.0,196.0,1,-1,-1,-1
251,15.0,1.0,159.0,58.0,182.0,1,-1,-1,-1
251,16.0,89.0,160.0,87.0,190.0,1,-1,-1,-1
252,1.0,285.0,174.0,59.0,156.0,1,-1,-1,-1
252,3.0,333.0,187.0,48.0,143.0,1,-1,-1,-1
252,13.0,183.0,178.0,61.0,161.0,1,-1,-1,-1
252,14.0,32.0,149.0,92.0,205.0,1,-1,-1,-1
252,16.0,81.0,160.0,89.0,195.0,1,-1,-1,-1
253,1.0,285.0,173.0,59.0,156.0,1,-1,-1,-1
253,3.0,333.0,185.0,48.0,144.0,1,-1,-1,-1
253,13.0,183.0,176.0,60.0,161.0,1,-1,-1,-1
253,14.0,17.0,145.0,92.0,215.0,1,-1,-1,-1
253,16.0,73.0,155.0,90.0,204.0,1,-1,-1,-1
254,1.0,283.0,173.0,60.0,155.0,1,-1,-1,-1
254,3.0,331.0,186.0,46.0,143.0,1,-1,-1,-1
254,13.0,181.0,175.0,61.0,163.0,1,-1,-1,-1
254,14.0,11.0,143.0,95.0,219.0,1,-1,-1,-1
254,16.0,71.0,151.0,81.0,211.0,1,-1,-1,-1
255,1.0,281.0,171.0,61.0,156.0,1,-1,-1,-1
255,3.0,329.0,185.0,46.0,143.0,1,-1,-1,-1
255,13.0,180.0,173.0,59.0,165.0,1,-1,-1,-1
255,14.0,1.0,135.0,84.0,227.0,1,-1,-1,-1
255,16.0,53.0,144.0,91.0,231.0,1,-1,-1,-1
256,1.0,280.0,171.0,61.0,159.0,1,-1,-1,-1
256,3.0,328.0,184.0,46.0,144.0,1,-1,-1,-1
256,13.0,174.0,172.0,62.0,173.0,1,-1,-1,-1
256,14.0,1.0,131.0,80.0,235.0,1,-1,-1,-1
256,16.0,51.0,145.0,85.0,234.0,1,-1,-1,-1
257,1.0,279.0,171.0,61.0,157.0,1,-1,-1,-1
257,3.0,327.0,183.0,48.0,147.0,1,-1,-1,-1
257,13.0,172.0,171.0,62.0,174.0,1,-1,-1,-1
257,14.0,1.0,129.0,70.0,239.0,1,-1,-1,-1
257,16.0,45.0,142.0,86.0,243.0,1,-1,-1,-1
258,1.0,278.0,174.0,61.0,158.0,1,-1,-1,-1
258,3.0,326.0,187.0,51.0,146.0,1,-1,-1,-1
258,13.0,169.0,172.0,64.0,175.0,1,-1,-1,-1
258,14.0,1.0,143.0,79.0,227.0,1,-1,-1,-1
258,16.0,42.0,143.0,84.0,247.0,1,-1,-1,-1
259,1.0,277.0,175.0,60.0,159.0,1,-1,-1,-1
259,3.0,326.0,187.0,49.0,147.0,1,-1,-1,-1
259,13.0,166.0,170.0,68.0,182.0,1,-1,-1,-1
259,16.0,25.0,139.0,89.0,260.0,1,-1,-1,-1
260,1.0,275.0,179.0,61.0,158.0,1,-1,-1,-1
260,3.0,327.0,191.0,47.0,146.0,1,-1,-1,-1
260,13.0,163.0,170.0,66.0,187.0,1,-1,-1,-1
260,16.0,15.0,137.0,94.0,270.0,1,-1,-1,-1
261,1.0,274.0,180.0,62.0,158.0,1,-1,-1,-1
261,3.0,325.0,191.0,48.0,148.0,1,-1,-1,-1
261,13.0,160.0,168.0,67.0,196.0,1,-1,-1,-1
261,16.0,8.0,133.0,96.0,289.0,1,-1,-1,-1
262,1.0,273.0,179.0,63.0,158.0,1,-1,-1,-1
262,3.0,323.0,189.0,49.0,148.0,1,-1,-1,-1
262,13.0,154.0,164.0,72.0,212.0,1,-1,-1,-1
262,16.0,1.0,123.0,95.0,315.0,1,-1,-1,-1
263,1.0,272.0,179.0,63.0,156.0,1,-1,-1,-1
263,3.0,323.0,187.0,48.0,148.0,1,-1,-1,-1
263,13.0,150.0,163.0,74.0,212.0,1,-1,-1,-1
263,16.0,1.0,112.0,83.0,337.0,1,-1,-1,-1
264,1.0,271.0,175.0,63.0,155.0,1,-1,-1,-1
264,3.0,323.0,185.0,47.0,146.0,1,-1,-1,-1
264,13.0,139.0,157.0,82.0,217.0,1,-1,-1,-1
264,16.0,1.0,99.0,80.0,354.0,1,-1,-1,-1
265,1.0,272.0,172.0,62.0,155.0,1,-1,-1,-1
265,3.0,321.0,182.0,50.0,150.0,1,-1,-1,-1
265,13.0,137.0,153.0,86.0,227.0,1,-1,-1,-1
266,1.0,272.0,173.0,62.0,156.0,1,-1,-1,-1
266,3.0,321.0,184.0,51.0,150.0,1,-1,-1,-1
266,13.0,137.0,153.0,86.0,231.0,1,-1,-1,-1
267,1.0,272.0,169.0,62.0,157.0,1,-1,-1,-1
267,3.0,322.0,180.0,49.0,146.0,1,-1,-1,-1
267,13.0,136.0,146.0,87.0,238.0,1,-1,-1,-1
268,1.0,272.0,172.0,62.0,156.0,1,-1,-1,-1
268,3.0,322.0,184.0,50.0,147.0,1,-1,-1,-1
268,13.0,135.0,144.0,86.0,249.0,1,-1,-1,-1
269,1.0,272.0,171.0,61.0,157.0,1,-1,-1,-1
269,3.0,322.0,184.0,51.0,148.0,1,-1,-1,-1
269,13.0,133.0,138.0,88.0,255.0,1,-1,-1,-1
270,1.0,267.0,171.0,63.0,158.0,1,-1,-1,-1
270,3.0,320.0,186.0,52.0,148.0,1,-1,-1,-1
270,13.0,129.0,130.0,92.0,269.0,1,-1,-1,-1
271,1.0,267.0,168.0,63.0,157.0,1,-1,-1,-1
271,3.0,320.0,184.0,51.0,144.0,1,-1,-1,-1
271,13.0,126.0,123.0,95.0,280.0,1,-1,-1,-1
272,1.0,266.0,167.0,62.0,158.0,1,-1,-1,-1
272,3.0,320.0,184.0,50.0,141.0,1,-1,-1,-1
272,13.0,114.0,118.0,105.0,297.0,1,-1,-1,-1
273,1.0,264.0,165.0,63.0,158.0,1,-1,-1,-1
273,3.0,318.0,180.0,51.0,146.0,1,-1,-1,-1
273,13.0,109.0,110.0,110.0,303.0,1,-1,-1,-1
274,1.0,263.0,165.0,63.0,157.0,1,-1,-1,-1
274,3.0,317.0,178.0,53.0,150.0,1,-1,-1,-1
274,13.0,99.0,104.0,117.0,311.0,1,-1,-1,-1
275,1.0,262.0,166.0,63.0,156.0,1,-1,-1,-1
275,3.0,318.0,179.0,53.0,149.0,1,-1,-1,-1
275,13.0,88.0,100.0,121.0,317.0,1,-1,-1,-1
276,1.0,260.0,167.0,64.0,155.0,1,-1,-1,-1
276,3.0,317.0,179.0,54.0,149.0,1,-1,-1,-1
276,13.0,74.0,93.0,131.0,332.0,1,-1,-1,-1
277,1.0,259.0,169.0,64.0,156.0,1,-1,-1,-1
277,3.0,317.0,182.0,52.0,148.0,1,-1,-1,-1
277,13.0,54.0,81.0,146.0,360.0,1,-1,-1,-1
278,1.0,258.0,170.0,62.0,157.0,1,-1,-1,-1
278,3.0,317.0,184.0,53.0,145.0,1,-1,-1,-1
278,13.0,37.0,77.0,154.0,381.0,1,-1,-1,-1
279,1.0,260.0,170.0,62.0,156.0,1,-1,-1,-1
279,3.0,318.0,184.0,52.0,139.0,1,-1,-1,-1
279,13.0,22.0,67.0,160.0,396.0,1,-1,-1,-1
280,1.0,261.0,169.0,62.0,155.0,1,-1,-1,-1
280,3.0,319.0,182.0,51.0,143.0,1,-1,-1,-1
280,13.0,1.0,51.0,165.0,421.0,1,-1,-1,-1
281,1.0,262.0,166.0,62.0,155.0,1,-1,-1,-1
281,3.0,320.0,177.0,51.0,147.0,1,-1,-1,-1
281,13.0,1.0,26.0,163.0,455.0,1,-1,-1,-1
281,17.0,188.0,212.0,17.0,61.0,1,-1,-1,-1
282,1.0,262.0,167.0,63.0,156.0,1,-1,-1,-1
282,3.0,321.0,177.0,51.0,149.0,1,-1,-1,-1
282,13.0,1.0,14.0,151.0,467.0,1,-1,-1,-1
282,17.0,187.5,212.5,20.0,63.0,1,-1,-1,-1
283,1.0,264.0,168.0,63.0,158.0,1,-1,-1,-1
283,3.0,322.0,179.0,51.0,150.0,1,-1,-1,-1
283,13.0,1.0,42.0,140.0,439.0,1,-1,-1,-1
283,17.0,187.0,213.0,23.0,65.0,1,-1,-1,-1
284,1.0,265.0,170.0,63.0,157.0,1,-1,-1,-1
284,3.0,324.0,181.0,49.0,150.0,1,-1,-1,-1
284,17.0,188.0,214.0,23.0,65.0,1,-1,-1,-1
285,1.0,266.0,172.0,63.0,156.0,1,-1,-1,-1
285,3.0,326.0,183.0,48.0,149.0,1,-1,-1,-1
285,17.0,190.0,216.0,22.0,63.0,1,-1,-1,-1
286,1.0,266.0,174.0,63.0,155.0,1,-1,-1,-1
286,3.0,327.0,185.0,49.0,150.0,1,-1,-1,-1
286,17.0,189.0,217.0,22.0,65.0,1,-1,-1,-1
287,1.0,268.0,176.0,64.0,155.0,1,-1,-1,-1
287,3.0,325.0,186.0,55.0,153.0,1,-1,-1,-1
287,17.0,192.0,219.0,21.0,64.0,1,-1,-1,-1
287,18.0,175.0,218.0,20.0,66.0,1,-1,-1,-1
288,1.0,272.0,173.0,64.0,155.0,1,-1,-1,-1
288,3.0,330.0,185.0,57.0,151.0,1,-1,-1,-1
288,17.0,195.0,216.0,22.0,66.0,1,-1,-1,-1
288,18.0,179.0,220.0,20.0,61.0,1,-1,-1,-1
289,1.0,276.0,172.0,63.0,156.0,1,-1,-1,-1
289,3.0,336.0,184.0,56.0,150.0,1,-1,-1,-1
289,17.0,202.0,216.0,21.0,66.0,1,-1,-1,-1
289,18.0,183.0,218.0,24.0,64.0,1,-1,-1,-1
290,1.0,279.0,171.0,63.0,156.0,1,-1,-1,-1
290,3.0,339.0,183.0,57.0,151.0,1,-1,-1,-1
290,17.0,204.0,216.0,22.0,68.0,1,-1,-1,-1
290,18.0,187.0,221.0,22.0,62.0,1,-1,-1,-1
290,19.0,131.0,219.0,25.0,61.0,1,-1,-1,-1
291,1.0,283.0,168.0,65.0,159.0,1,-1,-1,-1
291,3.0,344.0,178.0,60.0,153.0,1,-1,-1,-1
291,17.0,211.0,213.0,22.0,70.0,1,-1,-1,-1
291,18.0,194.0,216.0,22.0,65.0,1,-1,-1,-1
291,19.0,137.0,218.0,24.0,58.0,1,-1,-1,-1
292,1.0,285.0,169.0,63.0,158.0,1,-1,-1,-1
292,3.0,346.0,178.0,61.0,154.0,1,-1,-1,-1
292,17.0,211.0,213.0,24.0,69.0,1,-1,-1,-1
292,18.0,194.0,216.0,22.0,64.0,1,-1,-1,-1
292,19.0,137.0,218.0,23.0,56.0,1,-1,-1,-1
292,20.0,236.0,217.0,19.0,52.0,1,-1,-1,-1
293,1.0,287.0,170.0,63.0,158.0,1,-1,-1,-1
293,3.0,349.0,180.0,61.0,153.0,1,-1,-1,-1
293,17.0,212.0,213.0,23.0,69.0,1,-1,-1,-1
293,18.0,195.0,216.0,23.0,66.0,1,-1,-1,-1
293,19.0,137.0,220.0,23.0,55.0,1,-1,-1,-1
293,20.0,237.0,219.0,20.0,51.0,1,-1,-1,-1
294,1.0,291.0,170.0,61.0,156.0,1,-1,-1,-1
294,3.0,352.0,182.0,60.0,151.0,1,-1,-1,-1
294,17.0,212.0,212.0,25.0,71.0,1,-1,-1,-1
294,18.0,196.0,216.0,22.0,66.0,1,-1,-1,-1
294,19.0,138.0,220.0,21.0,53.0,1,-1,-1,-1
294,20.0,238.0,216.0,20.0,54.0,1,-1,-1,-1
295,1.0,294.0,172.0,60.0,157.0,1,-1,-1,-1
295,3.0,355.0,184.0,59.0,149.0,1,-1,-1,-1
295,17.0,214.0,213.0,25.0,70.0,1,-1,-1,-1
295,18.0,195.0,215.0,22.0,68.0,1,-1,-1,-1
295,19.0,140.0,222.0,23.0,54.0,1,-1,-1,-1
295,20.0,241.0,219.0,19.0,52.0,1,-1,-1,-1
296,1.0,300.0,171.0,60.0,157.0,1,-1,-1,-1
296,3.0,360.0,188.0,58.0,142.0,1,-1,-1,-1
296,17.0,220.0,213.0,24.0,71.0,1,-1,-1,-1
296,18.0,200.0,216.0,22.0,68.0,1,-1,-1,-1
296,19.0,144.0,223.0,21.0,53.0,1,-1,-1,-1
296,20.0,245.0,218.0,19.0,54.0,1,-1,-1,-1
297,1.0,306.0,170.0,61.0,157.0,1,-1,-1,-1
297,3.0,367.0,187.0,57.0,140.0,1,-1,-1,-1
297,17.0,223.0,212.0,25.0,73.0,1,-1,-1,-1
297,18.0,203.0,216.0,24.0,68.0,1,-1,-1,-1
297,19.0,150.0,222.0,23.0,54.0,1,-1,-1,-1
297,20.0,249.0,217.0,21.0,54.0,1,-1,-1,-1
298,1.0,310.0,168.0,63.0,159.0,1,-1,-1,-1
298,3.0,372.0,183.0,57.0,142.0,1,-1,-1,-1
298,17.0,228.0,210.0,25.0,73.0,1,-1,-1,-1
298,18.0,208.0,215.0,23.0,68.0,1,-1,-1,-1
298,19.0,153.0,221.0,21.0,52.0,1,-1,-1,-1
298,20.0,251.0,214.0,23.0,56.0,1,-1,-1,-1
299,1.0,313.0,169.0,63.0,159.0,1,-1,-1,-1
299,3.0,376.0,181.0,54.0,146.0,1,-1,-1,-1
299,17.0,229.0,210.0,26.0,74.0,1,-1,-1,-1
299,18.0,207.0,216.0,24.0,69.0,1,-1,-1,-1
299,19.0,153.0,220.0,21.0,55.0,1,-1,-1,-1
299,20.0,253.0,214.0,22.0,57.0,1,-1,-1,-1
300,1.0,316.0,167.0,64.0,159.0,1,-1,-1,-1
300,3.0,378.0,177.0,55.0,151.0,1,-1,-1,-1
300,17.0,230.0,208.0,27.0,74.0,1,-1,-1,-1
300,18.0,210.0,213.0,23.0,70.0,1,-1,-1,-1
300,19.0,154.0,218.0,20.0,55.0,1,-1,-1,-1
300,20.0,255.0,215.0,21.0,54.0,1,-1,-1,-1
301,1.0,319.0,168.0,64.0,158.0,1,-1,-1,-1
301,3.0,382.0,178.0,53.0,150.0,1,-1,-1,-1
301,17.0,230.0,207.0,28.0,76.0,1,-1,-1,-1
301,18.0,208.0,212.0,27.0,73.0,1,-1,-1,-1
301,19.0,154.0,217.0,22.0,56.0,1,-1,-1,-1
301,20.0,257.0,213.0,22.0,57.0,1,-1,-1,-1
302,1.0,322.0,169.0,64.0,158.0,1,-1,-1,-1
302,3.0,385.0,179.0,53.0,149.0,1,-1,-1,-1
302,17.0,231.0,207.0,28.0,77.0,1,-1,-1,-1
302,18.0,210.0,213.0,25.0,71.0,1,-1,-1,-1
302,19.0,152.0,217.0,23.0,56.0,1,-1,-1,-1
302,20.0,260.0,215.0,20.0,53.0,1,-1,-1,-1
303,1.0,324.0,169.0,64.0,159.0,1,-1,-1,-1
303,3.0,389.0,180.0,52.0,150.0,1,-1,-1,-1
303,17.0,231.0,207.0,28.0,78.0,1,-1,-1,-1
303,18.0,212.0,210.0,26.0,74.0,1,-1,-1,-1
303,19.0,152.0,215.0,23.0,59.0,1,-1,-1,-1
303,20.0,263.29999999999995,214.7,20.2,54.3,1,-1,-1,-1
304,1.0,328.0,169.0,62.0,159.0,1,-1,-1,-1
304,3.0,393.0,182.0,52.0,150.0,1,-1,-1,-1
304,17.0,234.0,207.0,28.0,80.0,1,-1,-1,-1
304,18.0,214.0,211.0,25.0,75.0,1,-1,-1,-1
304,19.0,154.0,215.0,24.0,61.0,1,-1,-1,-1
304,20.0,266.6,214.39999999999998,20.4,55.6,1,-1,-1,-1
305,1.0,333.0,169.0,63.0,159.0,1,-1,-1,-1
305,3.0,398.0,183.0,52.0,147.0,1,-1,-1,-1
305,17.0,239.0,206.0,29.0,84.0,1,-1,-1,-1
305,18.0,217.0,211.0,27.0,77.0,1,-1,-1,-1
305,19.0,156.0,215.0,23.0,63.0,1,-1,-1,-1
305,20.0,269.9,214.10000000000002,20.6,56.9,1,-1,-1,-1
306,1.0,340.0,167.0,64.0,157.0,1,-1,-1,-1
306,3.0,405.0,179.0,54.0,148.0,1,-1,-1,-1
306,17.0,244.0,205.0,31.0,84.0,1,-1,-1,-1
306,18.0,222.0,211.0,27.0,76.0,1,-1,-1,-1
306,19.0,161.0,213.0,24.0,65.0,1,-1,-1,-1
306,20.0,273.20000000000005,213.8,20.8,58.2,1,-1,-1,-1
307,1.0,344.0,167.0,64.0,157.0,1,-1,-1,-1
307,3.0,409.0,178.0,55.0,151.0,1,-1,-1,-1
307,17.0,246.0,204.0,32.0,87.0,1,-1,-1,-1
307,18.0,224.0,211.0,28.0,78.0,1,-1,-1,-1
307,19.0,157.0,212.0,28.0,69.0,1,-1,-1,-1
307,20.0,276.5,213.5,21.0,59.5,1,-1,-1,-1
308,1.0,349.0,167.0,64.0,158.0,1,-1,-1,-1
308,3.0,413.0,177.0,57.0,153.0,1,-1,-1,-1
308,17.0,249.0,203.0,31.0,88.0,1,-1,-1,-1
308,18.0,228.0,208.0,27.0,80.0,1,-1,-1,-1
308,19.0,162.0,213.0,26.0,65.0,1,-1,-1,-1
308,20.0,279.79999999999995,213.2,21.2,60.8,1,-1,-1,-1
309,1.0,355.0,167.0,61.0,157.0,1,-1,-1,-1
309,3.0,417.0,175.0,59.0,154.0,1,-1,-1,-1
309,17.0,252.0,201.0,32.0,89.0,1,-1,-1,-1
309,18.0,230.0,206.0,27.0,80.0,1,-1,-1,-1
309,19.0,165.0,212.0,25.0,65.0,1,-1,-1,-1
309,20.0,283.1,212.89999999999998,21.4,62.1,1,-1,-1,-1
310,1.0,357.0,169.0,61.0,159.0,1,-1,-1,-1
310,3.0,420.0,179.0,61.0,153.0,1,-1,-1,-1
310,17.0,252.0,203.0,33.0,90.0,1,-1,-1,-1
310,18.0,227.0,206.0,30.0,84.0,1,-1,-1,-1
310,19.0,161.85714285714286,212.0,25.571428571428573,65.28571428571429,1,-1,-1,-1
310,20.0,286.4,212.60000000000002,21.6,63.4,1,-1,-1,-1
311,1.0,363.0,170.0,64.0,158.0,1,-1,-1,-1
311,3.0,424.0,181.0,61.0,152.0,1,-1,-1,-1
311,17.0,253.0,203.0,34.0,92.0,1,-1,-1,-1
311,18.0,228.0,205.0,30.0,85.0,1,-1,-1,-1
311,19.0,158.7142857142857,212.0,26.142857142857142,65.57142857142857,1,-1,-1,-1
311,20.0,289.70000000000005,212.3,21.8,64.7,1,-1,-1,-1
312,1.0,367.0,170.0,64.0,159.0,1,-1,-1,-1
312,3.0,429.0,182.0,60.0,151.0,1,-1,-1,-1
312,17.0,253.0,203.0,34.0,93.0,1,-1,-1,-1
312,18.0,228.0,205.0,31.0,87.0,1,-1,-1,-1
312,19.0,155.57142857142856,212.0,26.714285714285715,65.85714285714286,1,-1,-1,-1
312,20.0,293.0,212.0,22.0,66.0,1,-1,-1,-1
313,1.0,370.0,170.0,64.0,159.0,1,-1,-1,-1
313,3.0,434.0,182.0,57.0,151.0,1,-1,-1,-1
313,17.0,254.0,202.0,34.0,96.0,1,-1,-1,-1
313,18.0,230.0,207.0,29.0,86.0,1,-1,-1,-1
313,19.0,152.42857142857144,212.0,27.285714285714285,66.14285714285714,1,-1,-1,-1
313,20.0,294.0,212.0,24.0,66.0,1,-1,-1,-1
314,1.0,374.0,168.0,64.0,159.0,1,-1,-1,-1
314,3.0,440.0,178.0,56.0,151.0,1,-1,-1,-1
314,17.0,255.0,198.0,36.0,100.0,1,-1,-1,-1
314,18.0,230.0,205.0,30.0,88.0,1,-1,-1,-1
314,19.0,149.2857142857143,212.0,27.857142857142858,66.42857142857143,1,-1,-1,-1
314,20.0,293.0,213.0,24.0,64.0,1,-1,-1,-1
315,1.0,377.0,166.0,66.0,162.0,1,-1,-1,-1
315,3.0,441.0,176.0,58.0,151.0,1,-1,-1,-1
315,17.0,255.0,196.0,35.0,102.0,1,-1,-1,-1
315,18.0,228.0,201.0,34.0,92.0,1,-1,-1,-1
315,19.0,146.14285714285714,212.0,28.428571428571427,66.71428571428571,1,-1,-1,-1
315,20.0,294.0,211.0,25.0,65.0,1,-1,-1,-1
316,1.0,379.0,167.0,66.0,162.0,1,-1,-1,-1
316,3.0,444.0,176.0,58.0,152.0,1,-1,-1,-1
316,17.0,255.0,196.0,35.0,104.0,1,-1,-1,-1
316,18.0,223.0,198.0,38.0,97.0,1,-1,-1,-1
316,19.0,143.0,212.0,29.0,67.0,1,-1,-1,-1
316,20.0,295.0,212.0,23.0,63.0,1,-1,-1,-1
316,21.0,177.0,216.0,25.0,61.0,1,-1,-1,-1
317,1.0,381.0,166.0,66.0,162.0,1,-1,-1,-1
317,3.0,446.0,175.0,58.0,154.0,1,-1,-1,-1
317,17.0,253.0,194.0,37.0,105.0,1,-1,-1,-1
317,18.0,220.2222222222222,198.1111111111111,38.666666666666664,99.11111111111111,1,-1,-1,-1
317,19.0,142.0,210.0,28.0,68.0,1,-1,-1,-1
317,20.0,294.0,208.0,25.0,66.0,1,-1,-1,-1
317,21.0,179.0,214.0,24.0,61.0,1,-1,-1,-1
318,1.0,383.0,167.0,67.0,162.0,1,-1,-1,-1
318,3.0,449.0,176.0,57.0,154.0,1,-1,-1,-1
318,17.0,253.0,194.0,38.0,107.0,1,-1,-1,-1
318,18.0,217.44444444444446,198.22222222222223,39.333333333333336,101.22222222222223,1,-1,-1,-1
318,19.0,140.0,209.0,28.0,70.0,1,-1,-1,-1
318,20.0,295.0,208.0,25.0,67.0,1,-1,-1,-1
318,21.0,180.0,215.0,24.0,60.0,1,-1,-1,-1
319,1.0,385.0,171.0,66.0,162.0,1,-1,-1,-1
319,3.0,452.0,180.0,56.0,156.0,1,-1,-1,-1
319,17.0,253.0,198.0,37.0,107.0,1,-1,-1,-1
319,18.0,214.66666666666666,198.33333333333334,40.0,103.33333333333333,1,-1,-1,-1
319,19.0,136.0,211.0,26.0,73.0,1,-1,-1,-1
319,20.0,296.0,213.0,24.0,66.0,1,-1,-1,-1
319,21.0,181.0,219.0,24.0,60.0,1,-1,-1,-1
320,1.0,388.0,174.0,64.0,161.0,1,-1,-1,-1
320,3.0,453.0,185.0,56.0,154.0,1,-1,-1,-1
320,17.0,252.0,200.0,38.0,110.0,1,-1,-1,-1
320,18.0,211.88888888888889,198.44444444444443,40.666666666666664,105.44444444444444,1,-1,-1,-1
320,19.0,129.0,214.0,27.0,74.0,1,-1,-1,-1
320,20.0,296.0,215.0,25.0,68.0,1,-1,-1,-1
320,21.0,184.0,222.0,23.0,59.0,1,-1,-1,-1
321,1.0,389.0,173.0,64.0,163.0,1,-1,-1,-1
321,3.0,454.0,185.0,57.0,154.0,1,-1,-1,-1
321,17.0,251.0,198.0,39.0,113.0,1,-1,-1,-1
321,18.0,209.11111111111111,198.55555555555557,41.333333333333336,107.55555555555556,1,-1,-1,-1
321,19.0,123.0,211.0,32.0,77.0,1,-1,-1,-1
321,20.0,296.0,214.0,25.0,71.0,1,-1,-1,-1
321,21.0,186.0,223.0,24.0,60.0,1,-1,-1,-1
322,1.0,390.0,170.0,64.0,164.0,1,-1,-1,-1
322,3.0,455.0,182.0,58.0,155.0,1,-1,-1,-1
322,17.0,250.0,195.0,39.0,116.0,1,-1,-1,-1
322,18.0,206.33333333333334,198.66666666666666,42.0,109.66666666666667,1,-1,-1,-1
322,19.0,117.0,213.0,35.0,74.0,1,-1,-1,-1
322,20.0,297.0,213.0,25.0,71.0,1,-1,-1,-1
322,21.0,186.0,221.0,23.0,60.0,1,-1,-1,-1
323,1.0,390.0,170.0,64.0,164.0,1,-1,-1,-1
323,3.0,453.0,182.0,62.0,157.0,1,-1,-1,-1
323,17.0,247.0,194.0,41.0,119.0,1,-1,-1,-1
323,18.0,203.55555555555554,198.77777777777777,42.666666666666664,111.77777777777777,1,-1,-1,-1
323,19.0,112.0,211.0,37.0,78.0,1,-1,-1,-1
323,20.0,296.0,213.0,26.0,72.0,1,-1,-1,-1
323,21.0,187.0,222.0,25.0,59.0,1,-1,-1,-1
324,1.0,391.0,171.0,64.0,164.0,1,-1,-1,-1
324,3.0,453.0,181.0,64.0,159.0,1,-1,-1,-1
324,17.0,246.0,193.0,41.0,124.0,1,-1,-1,-1
324,18.0,200.7777777777778,198.8888888888889,43.333333333333336,113.88888888888889,1,-1,-1,-1
324,19.0,108.0,209.0,35.0,81.0,1,-1,-1,-1
324,20.0,295.0,213.0,27.0,73.0,1,-1,-1,-1
324,21.0,188.0,223.0,28.0,59.0,1,-1,-1,-1
325,1.0,393.0,172.0,62.0,164.0,1,-1,-1,-1
325,3.0,453.0,182.0,66.0,159.0,1,-1,-1,-1
325,17.0,245.0,193.0,42.0,127.0,1,-1,-1,-1
325,18.0,198.0,199.0,44.0,116.0,1,-1,-1,-1
325,19.0,103.0,210.0,31.0,79.0,1,-1,-1,-1
325,20.0,295.0,214.0,26.0,71.0,1,-1,-1,-1
326,1.0,394.0,173.0,64.0,164.0,1,-1,-1,-1
326,3.0,456.0,180.0,65.0,159.0,1,-1,-1,-1
326,17.0,244.0,191.0,43.0,129.0,1,-1,-1,-1
326,18.0,195.0,196.875,45.0,119.875,1,-1,-1,-1
326,19.0,98.0,201.0,28.0,85.0,1,-1,-1,-1
326,20.0,295.0,215.0,26.0,70.0,1,-1,-1,-1
327,1.0,395.0,174.0,65.0,162.0,1,-1,-1,-1
327,3.0,461.0,183.0,65.0,157.0,1,-1,-1,-1
327,17.0,242.0,190.0,45.0,131.0,1,-1,-1,-1
327,18.0,192.0,194.75,46.0,123.75,1,-1,-1,-1
327,20.0,294.0,211.0,28.0,74.0,1,-1,-1,-1
328,1.0,397.0,175.0,65.0,163.0,1,-1,-1,-1
328,3.0,463.0,186.0,64.0,158.0,1,-1,-1,-1
328,17.0,237.0,188.0,49.0,136.0,1,-1,-1,-1
328,18.0,189.0,192.625,47.0,127.625,1,-1,-1,-1
328,20.0,293.0,213.0,27.0,73.0,1,-1,-1,-1
329,1.0,401.0,173.0,67.0,163.0,1,-1,-1,-1
329,3.0,466.0,187.0,63.0,157.0,1,-1,-1,-1
329,17.0,235.0,186.0,50.0,138.0,1,-1,-1,-1
329,18.0,186.0,190.5,48.0,131.5,1,-1,-1,-1
329,20.0,293.0,208.0,28.0,78.0,1,-1,-1,-1
330,1.0,400.0,171.0,68.0,162.0,1,-1,-1,-1
330,3.0,467.0,185.0,61.0,157.0,1,-1,-1,-1
330,17.0,229.0,183.0,52.0,144.0,1,-1,-1,-1
330,18.0,183.0,188.375,49.0,135.375,1,-1,-1,-1
330,20.0,291.0,208.0,29.0,78.0,1,-1,-1,-1
331,1.0,400.0,169.0,68.0,161.0,1,-1,-1,-1
331,3.0,468.0,182.0,60.0,155.0,1,-1,-1,-1
331,17.0,226.0,179.0,51.0,149.0,1,-1,-1,-1
331,18.0,180.0,186.25,50.0,139.25,1,-1,-1,-1
331,20.0,288.0,206.0,31.0,80.0,1,-1,-1,-1
332,1.0,402.0,170.0,66.0,162.0,1,-1,-1,-1
332,3.0,467.0,181.0,60.0,154.0,1,-1,-1,-1
332,17.0,221.0,177.0,53.0,155.0,1,-1,-1,-1
332,18.0,177.0,184.125,51.0,143.125,1,-1,-1,-1
332,20.0,286.0,206.0,31.0,82.0,1,-1,-1,-1
333,1.0,401.0,169.0,65.0,162.0,1,-1,-1,-1
333,3.0,469.0,178.0,61.0,156.0,1,-1,-1,-1
333,17.0,216.0,175.0,55.0,156.0,1,-1,-1,-1
333,18.0,174.0,182.0,52.0,147.0,1,-1,-1,-1
333,20.0,284.0,203.0,31.0,83.0,1,-1,-1,-1
334,1.0,402.0,170.0,65.0,163.0,1,-1,-1,-1
334,3.0,470.0,180.0,60.0,155.0,1,-1,-1,-1
334,17.0,211.0,175.0,57.0,159.0,1,-1,-1,-1
334,18.0,164.0,178.0,56.0,155.0,1,-1,-1,-1
334,20.0,284.0,202.0,31.0,85.0,1,-1,-1,-1
335,1.0,403.0,171.0,64.0,163.0,1,-1,-1,-1
335,3.0,472.0,181.0,59.0,155.0,1,-1,-1,-1
335,17.0,203.0,173.0,61.0,167.0,1,-1,-1,-1
335,18.0,154.0,177.0,62.0,160.0,1,-1,-1,-1
335,20.0,283.0,203.0,31.0,85.0,1,-1,-1,-1
335,22.0,578.0,214.0,44.0,98.0,1,-1,-1,-1
336,1.0,402.0,170.0,65.0,162.0,1,-1,-1,-1
336,3.0,473.0,181.0,59.0,152.0,1,-1,-1,-1
336,17.0,199.0,170.0,62.0,175.0,1,-1,-1,-1
336,18.0,149.0,176.0,63.0,162.0,1,-1,-1,-1
336,20.0,282.0,203.0,30.0,85.0,1,-1,-1,-1
336,22.0,576.0,213.0,46.0,97.0,1,-1,-1,-1
336,23.0,252.0,200.0,31.0,91.0,1,-1,-1,-1
337,1.0,402.0,171.0,65.0,162.0,1,-1,-1,-1
337,3.0,473.0,183.0,59.0,153.0,1,-1,-1,-1
337,17.0,195.0,168.0,61.0,181.0,1,-1,-1,-1
337,18.0,145.0,177.0,62.0,163.0,1,-1,-1,-1
337,20.0,280.0,202.0,34.0,89.0,1,-1,-1,-1
337,22.0,577.0,212.0,50.0,100.0,1,-1,-1,-1
337,23.0,251.0,202.0,30.0,90.0,1,-1,-1,-1
338,1.0,402.0,171.0,65.0,163.0,1,-1,-1,-1
338,3.0,472.0,184.0,59.0,153.0,1,-1,-1,-1
338,17.0,190.0,163.0,63.0,189.0,1,-1,-1,-1
338,18.0,135.0,174.0,69.0,171.0,1,-1,-1,-1
338,20.0,279.0,203.0,33.0,89.0,1,-1,-1,-1
338,22.0,576.0,211.0,47.0,102.0,1,-1,-1,-1
338,23.0,248.0,202.0,33.0,91.0,1,-1,-1,-1
339,1.0,401.0,171.0,65.0,165.0,1,-1,-1,-1
339,3.0,471.0,186.0,59.0,154.0,1,-1,-1,-1
339,17.0,184.0,160.0,67.0,199.0,1,-1,-1,-1
339,18.0,133.0,172.0,68.0,176.0,1,-1,-1,-1
339,20.0,277.0,205.0,34.0,89.0,1,-1,-1,-1
339,22.0,573.0,212.0,47.0,104.0,1,-1,-1,-1
339,23.0,245.0,205.0,34.0,90.0,1,-1,-1,-1
340,1.0,400.0,170.0,65.0,165.0,1,-1,-1,-1
340,3.0,469.0,184.0,61.0,157.0,1,-1,-1,-1
340,17.0,173.0,157.0,72.0,211.0,1,-1,-1,-1
340,18.0,118.0,167.0,74.0,182.0,1,-1,-1,-1
340,20.0,275.0,204.0,35.0,90.0,1,-1,-1,-1
340,22.0,571.0,211.0,46.0,104.0,1,-1,-1,-1
340,23.0,243.0,204.0,34.0,92.0,1,-1,-1,-1
341,1.0,400.0,169.0,64.0,163.0,1,-1,-1,-1
341,3.0,467.0,179.0,63.0,159.0,1,-1,-1,-1
341,17.0,168.0,153.0,74.0,220.0,1,-1,-1,-1
341,18.0,111.0,166.0,74.0,185.0,1,-1,-1,-1
341,20.0,273.0,200.0,37.0,93.0,1,-1,-1,-1
341,22.0,571.0,208.0,43.0,104.0,1,-1,-1,-1
341,23.0,240.0,201.0,35.0,94.0,1,-1,-1,-1
342,1.0,400.0,171.0,65.0,163.0,1,-1,-1,-1
342,3.0,468.0,179.0,67.0,160.0,1,-1,-1,-1
342,17.0,159.0,149.0,78.0,228.0,1,-1,-1,-1
342,18.0,100.33333333333334,158.33333333333337,83.0,199.66666666666666,1,-1,-1,-1
342,20.0,272.0,200.0,38.0,94.0,1,-1,-1,-1
342,22.0,564.0,209.0,51.0,105.0,1,-1,-1,-1
342,23.0,237.0,202.0,37.0,95.0,1,-1,-1,-1
343,1.0,402.0,171.0,64.0,161.0,1,-1,-1,-1
343,3.0,467.0,178.0,69.0,160.0,1,-1,-1,-1
343,17.0,155.0,143.0,80.0,238.0,1,-1,-1,-1
343,18.0,89.66666666666666,150.66666666666663,92.0,214.33333333333334,1,-1,-1,-1
343,20.0,271.0,196.0,38.0,96.0,1,-1,-1,-1
343,22.0,562.0,209.0,53.0,102.0,1,-1,-1,-1
343,23.0,234.0,197.0,39.0,98.0,1,-1,-1,-1
344,1.0,407.0,168.0,64.0,158.0,1,-1,-1,-1
344,3.0,471.0,179.0,68.0,156.0,1,-1,-1,-1
344,17.0,143.0,131.0,88.0,261.0,1,-1,-1,-1
344,18.0,79.0,143.0,101.0,229.0,1,-1,-1,-1
344,20.0,272.0,193.0,36.0,98.0,1,-1,-1,-1
344,22.0,562.0,207.0,55.0,102.0,1,-1,-1,-1
344,23.0,233.0,192.0,39.0,100.0,1,-1,-1,-1
345,1.0,407.0,170.0,63.0,160.0,1,-1,-1,-1
345,3.0,472.0,183.0,67.0,155.0,1,-1,-1,-1
345,17.0,139.0,128.0,91.0,273.0,1,-1,-1,-1
345,18.0,65.0,144.0,99.0,246.0,1,-1,-1,-1
345,20.0,270.0,194.0,37.0,100.0,1,-1,-1,-1
345,22.0,562.0,210.0,57.0,102.0,1,-1,-1,-1
345,23.0,231.0,194.0,40.0,103.0,1,-1,-1,-1
346,1.0,406.0,173.0,63.0,159.0,1,-1,-1,-1
346,3.0,472.0,187.0,68.0,155.0,1,-1,-1,-1
346,17.0,133.0,124.0,95.0,283.0,1,-1,-1,-1
346,18.0,51.0,142.0,110.0,256.0,1,-1,-1,-1
346,20.0,267.0,197.0,37.0,101.0,1,-1,-1,-1
346,22.0,560.0,212.0,56.0,104.0,1,-1,-1,-1
346,23.0,230.0,197.0,39.0,103.0,1,-1,-1,-1
347,1.0,405.0,170.0,65.0,159.0,1,-1,-1,-1
347,3.0,473.0,186.0,65.0,153.0,1,-1,-1,-1
347,17.0,120.0,115.0,102.0,303.0,1,-1,-1,-1
347,18.0,41.0,132.0,111.0,277.0,1,-1,-1,-1
347,20.0,263.0,197.0,39.0,102.0,1,-1,-1,-1
347,22.0,558.0,212.0,51.0,103.0,1,-1,-1,-1
347,23.0,226.0,197.0,37.0,103.0,1,-1,-1,-1
348,1.0,407.0,171.0,63.0,161.0,1,-1,-1,-1
348,3.0,473.0,186.0,66.0,153.0,1,-1,-1,-1
348,17.0,98.0,109.0,113.0,330.0,1,-1,-1,-1
348,18.0,21.0,125.0,116.0,306.0,1,-1,-1,-1
348,20.0,262.0,198.0,38.0,104.0,1,-1,-1,-1
348,22.0,554.0,212.0,49.0,105.0,1,-1,-1,-1
348,23.0,221.0,199.0,38.0,104.0,1,-1,-1,-1
349,1.0,401.0,172.0,64.0,161.0,1,-1,-1,-1
349,3.0,468.0,183.0,64.0,154.0,1,-1,-1,-1
349,17.0,75.0,99.0,121.0,356.0,1,-1,-1,-1
349,18.0,1.0,107.0,122.0,334.0,1,-1,-1,-1
349,20.0,253.0,196.0,42.0,108.0,1,-1,-1,-1
349,22.0,549.0,210.0,47.0,107.0,1,-1,-1,-1
349,23.0,214.0,198.0,39.0,107.0,1,-1,-1,-1
350,1.0,395.0,171.0,64.0,160.0,1,-1,-1,-1
350,3.0,464.0,181.0,63.0,155.0,1,-1,-1,-1
350,17.0,52.0,91.0,126.0,366.0,1,-1,-1,-1
350,20.0,247.0,193.0,43.0,110.0,1,-1,-1,-1
350,22.0,545.0,208.0,44.0,105.0,1,-1,-1,-1
350,23.0,209.0,196.0,40.0,109.0,1,-1,-1,-1
351,1.0,392.0,173.0,66.0,160.0,1,-1,-1,-1
351,3.0,464.0,184.0,62.0,153.0,1,-1,-1,-1
351,17.0,12.0,70.0,149.0,411.0,1,-1,-1,-1
351,20.0,245.0,192.0,43.0,113.0,1,-1,-1,-1
351,22.0,536.0,207.0,49.0,109.0,1,-1,-1,-1
351,23.0,206.0,196.0,40.0,112.0,1,-1,-1,-1
352,1.0,392.0,173.0,66.0,160.0,1,-1,-1,-1
352,3.0,464.0,185.0,61.0,152.0,1,-1,-1,-1
352,17.0,1.0,32.0,136.0,449.0,1,-1,-1,-1
352,20.0,242.0,190.0,45.0,116.0,1,-1,-1,-1
352,22.0,534.0,208.0,50.0,107.0,1,-1,-1,-1
352,23.0,202.0,194.0,42.0,114.0,1,-1,-1,-1
353,1.0,392.0,174.0,65.0,160.0,1,-1,-1,-1
353,3.0,464.0,187.0,63.0,151.0,1,-1,-1,-1
353,20.0,240.0,190.0,45.0,119.0,1,-1,-1,-1
353,22.0,533.0,210.0,52.0,106.0,1,-1,-1,-1
353,23.0,200.0,193.0,44.0,118.0,1,-1,-1,-1
354,1.0,390.0,173.0,65.0,160.0,1,-1,-1,-1
354,3.0,463.0,186.0,63.0,152.0,1,-1,-1,-1
354,20.0,234.0,188.0,50.0,121.0,1,-1,-1,-1
354,22.0,531.0,210.0,52.0,107.0,1,-1,-1,-1
354,23.0,197.0,191.0,45.0,119.0,1,-1,-1,-1
