1,0.0,435.0,93.0,92.0,241.0,1,-1,-1,-1
1,1.0,338.0,79.0,99.0,252.0,1,-1,-1,-1
1,2.0,510.0,114.0,52.0,127.0,1,-1,-1,-1
1,3.0,172.0,94.0,85.0,233.0,1,-1,-1,-1
1,4.0,94.0,89.0,85.0,238.0,1,-1,-1,-1
1,5.0,572.0,82.0,69.0,202.0,1,-1,-1,-1
2,0.0,438.0,92.0,89.0,241.0,1,-1,-1,-1
2,1.0,341.0,78.0,97.0,255.0,1,-1,-1,-1
2,2.0,511.0,113.0,50.0,127.0,1,-1,-1,-1
2,3.0,178.0,94.0,82.0,231.0,1,-1,-1,-1
2,4.0,85.0,95.0,82.0,231.0,1,-1,-1,-1
2,5.0,571.0,82.0,70.0,204.0,1,-1,-1,-1
3,0.0,442.0,90.0,86.0,242.0,1,-1,-1,-1
3,1.0,345.0,78.0,96.0,257.0,1,-1,-1,-1
3,2.0,510.0,114.0,50.0,126.0,1,-1,-1,-1
3,3.0,186.0,94.0,81.0,231.0,1,-1,-1,-1
3,4.0,74.0,100.0,85.0,225.0,1,-1,-1,-1
3,5.0,569.0,84.0,72.0,202.0,1,-1,-1,-1
4,0.0,445.0,89.0,85.0,242.0,1,-1,-1,-1
4,1.0,347.0,79.0,97.0,256.0,1,-1,-1,-1
4,2.0,509.0,114.0,50.0,127.0,1,-1,-1,-1
4,3.0,189.0,92.0,81.0,232.0,1,-1,-1,-1
4,4.0,70.0,101.0,86.0,223.0,1,-1,-1,-1
4,5.0,568.0,85.0,73.0,202.0,1,-1,-1,-1
5,0.0,447.0,88.0,85.0,241.0,1,-1,-1,-1
5,1.0,350.0,81.0,97.0,255.0,1,-1,-1,-1
5,2.0,505.0,114.0,52.0,129.0,1,-1,-1,-1
5,3.0,195.0,91.0,84.0,232.0,1,-1,-1,-1
5,4.0,63.0,102.0,93.0,224.0,1,-1,-1,-1
5,5.0,567.0,86.0,74.0,201.0,1,-1,-1,-1
6,0.0,450.0,87.0,86.0,240.0,1,-1,-1,-1
6,1.0,353.0,82.0,97.0,252.0,1,-1,-1,-1
6,2.0,499.0,113.0,49.0,138.0,1,-1,-1,-1
6,3.0,202.0,92.0,85.0,229.0,1,-1,-1,-1
6,4.0,56.0,103.0,98.0,223.0,1,-1,-1,-1
6,5.0,566.0,87.0,75.0,200.0,1,-1,-1,-1
6,6.0,177.0,94.0,51.0,164.0,1,-1,-1,-1
7,0.0,453.0,86.0,88.0,241.0,1,-1,-1,-1
7,1.0,357.0,84.0,97.0,249.0,1,-1,-1,-1
7,2.0,497.25,112.83333333333334,49.111111111111114,138.0,1,-1,-1,-1
7,3.0,209.0,93.0,83.0,228.0,1,-1,-1,-1
7,4.0,54.0,104.0,92.0,223.0,1,-1,-1,-1
7,5.0,564.0,87.0,75.0,200.0,1,-1,-1,-1
7,6.0,175.0,94.0,51.0,163.0,1,-1,-1,-1
8,0.0,457.0,86.0,87.0,241.0,1,-1,-1,-1
8,1.0,360.0,85.0,97.0,247.0,1,-1,-1,-1
8,2.0,495.5,112.66666666666666,49.22222222222222,138.0,1,-1,-1,-1
8,3.0,211.0,95.0,86.0,226.0,1,-1,-1,-1
8,4.0,51.0,102.0,90.0,225.0,1,-1,-1,-1
8,5.0,562.0,87.0,75.0,200.0,1,-1,-1,-1
8,6.0,174.0,94.0,51.0,162.0,1,-1,-1,-1
9,0.0,460.0,85.0,86.0,242.0,1,-1,-1,-1
9,1.0,364.0,85.0,94.0,247.0,1,-1,-1,-1
9,2.0,493.74999999999994,112.5,49.333333333333336,138.0,1,-1,-1,-1
9,3.0,217.0,97.0,91.0,225.0,1,-1,-1,-1
9,4.0,48.0,101.0,83.0,225.0,1,-1,-1,-1
9,5.0,561.0,87.0,74.0,200.0,1,-1,-1,-1
9,6.0,173.0,94.0,52.0,162.0,1,-1,-1,-1
10,0.0,464.0,84.0,85.0,242.0,1,-1,-1,-1
10,1.0,367.0,84.0,95.0,248.0,1,-1,-1,-1
10,2.0,491.99999999999994,112.33333333333334,49.44444444444444,138.0,1,-1,-1,-1
10,3.0,219.0,98.0,93.0,223.0,1,-1,-1,-1
10,4.0,41.0,100.0,77.0,226.0,1,-1,-1,-1
10,5.0,560.0,87.0,72.0,200.0,1,-1,-1,-1
10,6.0,172.0,94.0,53.0,162.0,1,-1,-1,-1
11,0.0,466.0,84.0,86.0,243.0,1,-1,-1,-1
11,1.0,371.0,83.0,93.0,249.0,1,-1,-1,-1
11,2.0,490.25000000000006,112.16666666666666,49.55555555555556,138.0,1,-1,-1,-1
11,3.0,223.0,99.0,92.0,222.0,1,-1,-1,-1
11,4.0,35.0,98.0,76.0,229.0,1,-1,-1,-1
11,5.0,558.0,87.0,72.0,200.0,1,-1,-1,-1
11,6.0,171.0,94.0,53.0,162.0,1,-1,-1,-1
12,0.0,469.0,85.0,88.0,242.0,1,-1,-1,-1
12,1.0,374.0,82.0,92.0,248.0,1,-1,-1,-1
12,2.0,488.50000000000006,112.0,49.666666666666664,138.0,1,-1,-1,-1
12,3.0,226.0,100.0,91.0,221.0,1,-1,-1,-1
12,4.0,29.0,98.0,74.0,229.0,1,-1,-1,-1
12,5.0,556.0,86.0,71.0,201.0,1,-1,-1,-1
12,6.0,172.0,95.0,53.0,161.0,1,-1,-1,-1
13,0.0,472.0,87.0,90.0,240.0,1,-1,-1,-1
13,1.0,376.0,81.0,92.0,248.0,1,-1,-1,-1
13,2.0,486.75,111.83333333333334,49.77777777777778,138.0,1,-1,-1,-1
13,3.0,230.0,98.0,89.0,223.0,1,-1,-1,-1
13,4.0,18.0,97.0,77.0,232.0,1,-1,-1,-1
13,5.0,554.0,86.0,70.0,202.0,1,-1,-1,-1
13,6.0,171.0,95.0,53.0,161.0,1,-1,-1,-1
14,0.0,474.0,88.0,92.0,238.0,1,-1,-1,-1
14,1.0,378.0,80.0,93.0,249.0,1,-1,-1,-1
14,2.0,485.0,111.66666666666666,49.888888888888886,138.0,1,-1,-1,-1
14,3.0,234.0,97.0,87.0,221.0,1,-1,-1,-1
14,4.0,10.0,97.0,83.0,233.0,1,-1,-1,-1
14,5.0,552.0,86.0,69.0,200.0,1,-1,-1,-1
14,6.0,171.0,95.0,54.0,161.0,1,-1,-1,-1
15,0.0,476.0,89.0,94.0,235.0,1,-1,-1,-1
15,1.0,380.0,79.0,94.0,250.0,1,-1,-1,-1
15,2.0,483.25,111.5,50.0,138.0,1,-1,-1,-1
15,3.0,239.0,95.0,84.0,219.0,1,-1,-1,-1
15,4.0,1.0,99.0,90.0,230.0,1,-1,-1,-1
15,5.0,548.0,85.0,67.0,202.0,1,-1,-1,-1
15,6.0,172.0,95.0,52.0,161.0,1,-1,-1,-1
16,0.0,479.0,90.0,92.0,234.0,1,-1,-1,-1
16,1.0,382.0,79.0,93.0,250.0,1,-1,-1,-1
16,2.0,481.5,111.33333333333334,50.111111111111114,138.0,1,-1,-1,-1
16,3.0,242.0,94.0,85.0,220.0,1,-1,-1,-1
16,4.0,1.0,100.0,89.0,231.0,1,-1,-1,-1
16,5.0,541.0,86.0,66.0,205.0,1,-1,-1,-1
16,6.0,171.0,95.0,53.0,161.0,1,-1,-1,-1
16,7.0,589.0,107.0,52.0,133.0,1,-1,-1,-1
17,0.0,482.0,90.0,89.0,234.0,1,-1,-1,-1
17,1.0,385.0,79.0,95.0,250.0,1,-1,-1,-1
17,2.0,479.75,111.16666666666666,50.22222222222222,138.0,1,-1,-1,-1
17,3.0,246.0,94.0,84.0,220.0,1,-1,-1,-1
17,4.0,1.0,101.0,89.0,231.0,1,-1,-1,-1
17,5.0,540.0,87.0,67.0,208.0,1,-1,-1,-1
17,6.0,171.0,95.0,54.0,161.0,1,-1,-1,-1
17,7.0,591.0,108.0,50.0,133.0,1,-1,-1,-1
18,0.0,484.0,90.0,89.0,234.0,1,-1,-1,-1
18,1.0,389.0,81.0,96.0,247.0,1,-1,-1,-1
18,2.0,478.0,111.0,50.333333333333336,138.0,1,-1,-1,-1
18,3.0,250.0,94.0,82.0,220.0,1,-1,-1,-1
18,4.0,1.0,102.0,89.0,230.0,1,-1,-1,-1
18,5.0,535.0,89.0,69.0,203.0,1,-1,-1,-1
18,6.0,171.0,95.0,53.0,161.0,1,-1,-1,-1
18,7.0,590.0,108.0,51.0,134.0,1,-1,-1,-1
19,0.0,486.0,89.0,92.0,234.0,1,-1,-1,-1
19,1.0,393.0,83.0,98.0,244.0,1,-1,-1,-1
19,2.0,476.25,110.83333333333334,50.44444444444444,138.0,1,-1,-1,-1
19,3.0,254.0,93.0,82.0,221.0,1,-1,-1,-1
19,4.0,1.0,103.0,87.0,229.0,1,-1,-1,-1
19,5.0,524.0,92.0,79.0,203.0,1,-1,-1,-1
19,6.0,170.0,95.0,54.0,161.0,1,-1,-1,-1
19,7.0,589.0,108.0,52.0,135.0,1,-1,-1,-1
20,0.0,491.0,89.0,95.0,234.0,1,-1,-1,-1
20,1.0,396.0,84.0,98.0,243.0,1,-1,-1,-1
20,2.0,474.5,110.66666666666666,50.55555555555556,138.0,1,-1,-1,-1
20,3.0,258.0,95.0,83.0,219.0,1,-1,-1,-1
20,4.0,1.0,103.0,83.0,229.0,1,-1,-1,-1
20,5.0,521.4827586206897,92.17241379310344,78.3103448275862,202.3448275862069,1,-1,-1,-1
20,6.0,170.0,95.0,53.0,161.0,1,-1,-1,-1
20,7.0,588.0,109.0,52.0,134.0,1,-1,-1,-1
21,0.0,496.0,88.0,92.0,233.0,1,-1,-1,-1
21,1.0,398.0,85.0,99.0,242.0,1,-1,-1,-1
21,2.0,472.75,110.5,50.666666666666664,138.0,1,-1,-1,-1
21,3.0,260.0,97.0,86.0,216.0,1,-1,-1,-1
21,4.0,1.0,102.0,78.0,229.0,1,-1,-1,-1
21,5.0,518.9655172413793,92.34482758620689,77.62068965517241,201.68965517241378,1,-1,-1,-1
21,6.0,170.0,95.0,53.0,161.0,1,-1,-1,-1
21,7.0,589.0,109.0,51.0,135.0,1,-1,-1,-1
22,0.0,503.0,87.0,85.0,233.0,1,-1,-1,-1
22,1.0,400.0,85.0,100.0,241.0,1,-1,-1,-1
22,2.0,471.0,110.33333333333334,50.77777777777778,138.0,1,-1,-1,-1
22,3.0,263.0,99.0,86.0,214.0,1,-1,-1,-1
22,4.0,1.0,96.0,73.0,230.0,1,-1,-1,-1
22,5.0,516.448275862069,92.51724137931035,76.93103448275862,201.0344827586207,1,-1,-1,-1
22,6.0,170.0,95.0,53.0,161.0,1,-1,-1,-1
22,7.0,588.0,110.0,51.0,135.0,1,-1,-1,-1
23,0.0,505.0,86.0,85.0,234.0,1,-1,-1,-1
23,1.0,402.0,85.0,97.0,241.0,1,-1,-1,-1
23,2.0,469.25,110.16666666666666,50.888888888888886,138.0,1,-1,-1,-1
23,3.0,265.0,100.0,85.0,213.0,1,-1,-1,-1
23,5.0,513.9310344827586,92.6896551724138,76.24137931034483,200.3793103448276,1,-1,-1,-1
23,6.0,170.0,95.0,53.0,160.0,1,-1,-1,-1
23,7.0,585.0,112.0,52.0,134.0,1,-1,-1,-1
24,0.0,507.0,86.0,83.0,233.0,1,-1,-1,-1
24,1.0,406.0,85.0,98.0,241.0,1,-1,-1,-1
24,2.0,467.5,110.0,51.0,138.0,1,-1,-1,-1
24,3.0,270.0,102.0,82.0,210.0,1,-1,-1,-1
24,5.0,511.4137931034483,92.86206896551724,75.55172413793103,199.72413793103448,1,-1,-1,-1
24,6.0,170.0,95.0,53.0,159.0,1,-1,-1,-1
24,7.0,585.0,113.0,52.0,133.0,1,-1,-1,-1
25,0.0,510.0,86.0,82.0,231.0,1,-1,-1,-1
25,1.0,408.0,84.0,98.0,241.0,1,-1,-1,-1
25,2.0,465.75,109.83333333333334,51.111111111111114,138.0,1,-1,-1,-1
25,3.0,272.0,101.0,81.0,210.0,1,-1,-1,-1
25,5.0,508.8965517241379,93.03448275862068,74.86206896551724,199.06896551724137,1,-1,-1,-1
25,6.0,170.0,96.0,52.0,158.0,1,-1,-1,-1
25,7.0,584.0,113.0,51.0,134.0,1,-1,-1,-1
26,0.0,512.0,87.0,82.0,228.0,1,-1,-1,-1
26,1.0,412.0,84.0,99.0,239.0,1,-1,-1,-1
26,2.0,464.0,109.66666666666666,51.22222222222222,138.0,1,-1,-1,-1
26,3.0,278.0,100.0,79.0,210.0,1,-1,-1,-1
26,5.0,506.37931034482756,93.20689655172414,74.17241379310344,198.41379310344828,1,-1,-1,-1
26,6.0,167.0,96.0,56.0,159.0,1,-1,-1,-1
26,7.0,582.0,112.0,51.0,135.0,1,-1,-1,-1
27,0.0,513.0,88.0,83.0,225.0,1,-1,-1,-1
27,1.0,416.0,84.0,95.0,238.0,1,-1,-1,-1
27,2.0,462.25,109.5,51.333333333333336,138.0,1,-1,-1,-1
27,3.0,287.0,98.0,77.0,210.0,1,-1,-1,-1
27,5.0,503.86206896551727,93.37931034482759,73.48275862068965,197.75862068965517,1,-1,-1,-1
27,6.0,167.0,96.0,56.0,159.0,1,-1,-1,-1
27,7.0,579.0,111.0,53.0,136.0,1,-1,-1,-1
28,0.0,523.0,89.0,86.0,229.0,1,-1,-1,-1
28,1.0,421.0,82.0,94.0,238.0,1,-1,-1,-1
28,2.0,460.5,109.33333333333334,51.44444444444444,138.0,1,-1,-1,-1
28,3.0,293.0,96.0,76.0,212.0,1,-1,-1,-1
28,5.0,501.344827586207,93.55172413793103,72.79310344827586,197.10344827586206,1,-1,-1,-1
28,6.0,165.0,96.0,57.0,159.0,1,-1,-1,-1
28,7.0,575.0,110.0,53.0,138.0,1,-1,-1,-1
29,0.0,524.0,89.0,86.0,230.0,1,-1,-1,-1
29,1.0,425.0,81.0,91.0,239.0,1,-1,-1,-1
29,2.0,458.75,109.16666666666666,51.55555555555556,138.0,1,-1,-1,-1
29,3.0,297.0,95.0,77.0,212.0,1,-1,-1,-1
29,5.0,498.8275862068965,93.72413793103448,72.10344827586206,196.44827586206895,1,-1,-1,-1
29,6.0,167.0,98.0,55.0,156.0,1,-1,-1,-1
29,7.0,574.0,109.0,53.0,139.0,1,-1,-1,-1
30,0.0,526.0,91.0,85.0,229.0,1,-1,-1,-1
30,1.0,430.0,81.0,89.0,237.0,1,-1,-1,-1
30,2.0,457.0,109.0,51.666666666666664,138.0,1,-1,-1,-1
30,3.0,301.0,93.0,77.0,214.0,1,-1,-1,-1
30,5.0,496.3103448275862,93.89655172413794,71.41379310344827,195.79310344827587,1,-1,-1,-1
30,6.0,165.0,97.0,57.0,158.0,1,-1,-1,-1
30,7.0,574.0,109.0,52.0,143.0,1,-1,-1,-1
31,0.0,533.0,94.0,79.0,226.0,1,-1,-1,-1
31,1.0,432.0,81.0,89.0,236.0,1,-1,-1,-1
31,2.0,455.25,108.83333333333334,51.77777777777778,138.0,1,-1,-1,-1
31,3.0,303.0,92.0,82.0,214.0,1,-1,-1,-1
31,5.0,493.79310344827593,94.06896551724138,70.72413793103448,195.13793103448276,1,-1,-1,-1
31,6.0,164.0,97.0,57.0,158.0,1,-1,-1,-1
31,7.0,576.0,109.0,50.0,143.0,1,-1,-1,-1
32,0.0,536.0,93.0,82.0,226.0,1,-1,-1,-1
32,1.0,435.0,82.0,88.0,235.0,1,-1,-1,-1
32,2.0,453.5,108.66666666666666,51.888888888888886,138.0,1,-1,-1,-1
32,3.0,307.0,93.0,82.0,214.0,1,-1,-1,-1
32,5.0,491.27586206896547,94.24137931034483,70.03448275862068,194.48275862068965,1,-1,-1,-1
32,6.0,161.0,98.0,60.0,158.0,1,-1,-1,-1
32,7.0,575.5555555555555,109.03703703703704,50.22222222222222,143.35185185185185,1,-1,-1,-1
33,0.0,539.0,92.0,81.0,226.0,1,-1,-1,-1
33,1.0,438.0,84.0,90.0,232.0,1,-1,-1,-1
33,2.0,451.75,108.5,52.0,138.0,1,-1,-1,-1
33,3.0,313.0,95.0,79.0,211.0,1,-1,-1,-1
33,5.0,488.7586206896552,94.41379310344827,69.34482758620689,193.82758620689654,1,-1,-1,-1
33,6.0,161.0,98.0,60.0,157.0,1,-1,-1,-1
33,7.0,575.1111111111112,109.07407407407408,50.44444444444444,143.7037037037037,1,-1,-1,-1
34,0.0,544.0,90.0,81.0,227.0,1,-1,-1,-1
34,1.0,442.0,86.0,87.0,230.0,1,-1,-1,-1
34,2.0,450.0,108.33333333333334,52.111111111111114,138.0,1,-1,-1,-1
34,3.0,316.0,96.0,80.0,211.0,1,-1,-1,-1
34,5.0,486.2413793103448,94.58620689655173,68.65517241379311,193.17241379310346,1,-1,-1,-1
34,6.0,162.0,98.0,59.0,157.0,1,-1,-1,-1
34,7.0,574.6666666666666,109.11111111111111,50.666666666666664,144.05555555555554,1,-1,-1,-1
35,0.0,548.0,90.0,77.0,224.0,1,-1,-1,-1
35,1.0,448.0,86.0,90.0,232.0,1,-1,-1,-1
35,2.0,448.25,108.16666666666666,52.22222222222222,138.0,1,-1,-1,-1
35,3.0,319.0,98.0,81.0,209.0,1,-1,-1,-1
35,5.0,483.72413793103453,94.75862068965517,67.9655172413793,192.51724137931035,1,-1,-1,-1
35,6.0,157.0,98.0,63.0,159.0,1,-1,-1,-1
35,7.0,574.2222222222222,109.14814814814814,50.888888888888886,144.40740740740742,1,-1,-1,-1
36,0.0,549.0,87.0,79.0,227.0,1,-1,-1,-1
36,1.0,449.0,87.0,91.0,230.0,1,-1,-1,-1
36,2.0,446.5,108.0,52.333333333333336,138.0,1,-1,-1,-1
36,3.0,320.0,99.0,83.0,208.0,1,-1,-1,-1
36,5.0,481.20689655172407,94.93103448275862,67.27586206896552,191.86206896551724,1,-1,-1,-1
36,6.0,156.0,98.0,65.0,158.0,1,-1,-1,-1
36,7.0,573.7777777777778,109.18518518518518,51.111111111111114,144.75925925925927,1,-1,-1,-1
37,0.0,552.0,88.0,79.0,225.0,1,-1,-1,-1
37,1.0,452.0,89.0,91.0,227.0,1,-1,-1,-1
37,2.0,444.75,107.83333333333334,52.44444444444444,138.0,1,-1,-1,-1
37,3.0,323.0,99.0,83.0,207.0,1,-1,-1,-1
37,5.0,478.6896551724138,95.10344827586206,66.58620689655172,191.20689655172413,1,-1,-1,-1
37,6.0,159.0,98.0,62.0,158.0,1,-1,-1,-1
37,7.0,573.3333333333334,109.22222222222221,51.333333333333336,145.11111111111111,1,-1,-1,-1
38,0.0,554.0,89.0,80.0,223.0,1,-1,-1,-1
38,1.0,454.0,88.0,90.0,228.0,1,-1,-1,-1
38,2.0,443.0,107.66666666666666,52.55555555555556,138.0,1,-1,-1,-1
38,3.0,329.0,99.0,79.0,206.0,1,-1,-1,-1
38,5.0,476.1724137931035,95.27586206896552,65.89655172413794,190.55172413793105,1,-1,-1,-1
38,6.0,159.0,98.0,61.0,158.0,1,-1,-1,-1
38,7.0,572.8888888888888,109.25925925925925,51.55555555555556,145.46296296296296,1,-1,-1,-1
39,0.0,556.0,89.0,79.0,223.0,1,-1,-1,-1
39,1.0,457.0,88.0,90.0,228.0,1,-1,-1,-1
39,2.0,441.25,107.5,52.666666666666664,138.0,1,-1,-1,-1
39,3.0,334.0,97.0,77.0,207.0,1,-1,-1,-1
39,5.0,473.6551724137931,95.44827586206897,65.20689655172414,189.89655172413794,1,-1,-1,-1
39,6.0,160.0,98.0,61.0,158.0,1,-1,-1,-1
39,7.0,572.4444444444445,109.29629629629629,51.77777777777778,145.8148148148148,1,-1,-1,-1
40,0.0,559.0,89.0,80.0,223.0,1,-1,-1,-1
40,1.0,460.0,87.0,89.0,228.0,1,-1,-1,-1
40,2.0,439.5,107.33333333333334,52.77777777777778,138.0,1,-1,-1,-1
40,3.0,339.0,96.0,75.0,206.0,1,-1,-1,-1
40,5.0,471.13793103448273,95.62068965517241,64.51724137931035,189.24137931034483,1,-1,-1,-1
40,6.0,161.0,98.0,60.0,158.0,1,-1,-1,-1
40,7.0,572.0,109.33333333333333,52.0,146.16666666666666,1,-1,-1,-1
41,0.0,561.0,89.0,80.0,223.0,1,-1,-1,-1
41,1.0,462.0,87.0,89.0,227.0,1,-1,-1,-1
41,2.0,437.75,107.16666666666666,52.888888888888886,138.0,1,-1,-1,-1
41,3.0,342.0,95.0,75.0,205.0,1,-1,-1,-1
41,5.0,468.62068965517244,95.79310344827586,63.827586206896555,188.58620689655172,1,-1,-1,-1
41,6.0,161.0,98.0,60.0,158.0,1,-1,-1,-1
41,7.0,571.5555555555555,109.37037037037037,52.22222222222222,146.5185185185185,1,-1,-1,-1
42,0.0,563.0,89.0,78.0,224.0,1,-1,-1,-1
42,1.0,465.0,85.0,89.0,228.0,1,-1,-1,-1
42,2.0,436.0,107.0,53.0,138.0,1,-1,-1,-1
42,3.0,344.0,94.0,76.0,206.0,1,-1,-1,-1
42,5.0,466.10344827586204,95.96551724137932,63.13793103448276,187.93103448275863,1,-1,-1,-1
42,6.0,158.0,97.0,62.0,160.0,1,-1,-1,-1
42,7.0,571.1111111111112,109.40740740740739,52.44444444444444,146.87037037037038,1,-1,-1,-1
43,0.0,565.0,90.0,76.0,223.0,1,-1,-1,-1
43,1.0,467.0,84.0,90.0,228.0,1,-1,-1,-1
43,2.0,437.0,109.0,49.0,136.0,1,-1,-1,-1
43,3.0,347.0,95.0,75.0,204.0,1,-1,-1,-1
43,5.0,463.58620689655174,96.13793103448276,62.44827586206897,187.27586206896552,1,-1,-1,-1
43,6.0,161.0,98.0,60.0,157.0,1,-1,-1,-1
43,7.0,570.6666666666666,109.44444444444443,52.666666666666664,147.22222222222223,1,-1,-1,-1
44,0.0,570.0,92.0,71.0,221.0,1,-1,-1,-1
44,1.0,468.0,84.0,92.0,229.0,1,-1,-1,-1
44,2.0,436.0,111.0,46.0,132.0,1,-1,-1,-1
44,3.0,350.0,95.0,76.0,204.0,1,-1,-1,-1
44,5.0,461.0689655172414,96.3103448275862,61.758620689655174,186.6206896551724,1,-1,-1,-1
44,6.0,158.0,97.0,63.0,160.0,1,-1,-1,-1
44,7.0,570.2222222222222,109.48148148148147,52.888888888888886,147.57407407407408,1,-1,-1,-1
45,0.0,568.0,90.0,73.0,224.0,1,-1,-1,-1
45,1.0,470.0,84.0,94.0,228.0,1,-1,-1,-1
45,2.0,435.0,111.0,48.0,131.0,1,-1,-1,-1
45,3.0,355.0,96.0,78.0,203.0,1,-1,-1,-1
45,5.0,458.55172413793105,96.48275862068965,61.06896551724138,185.9655172413793,1,-1,-1,-1
45,6.0,158.0,97.0,62.0,160.0,1,-1,-1,-1
45,7.0,569.7777777777778,109.51851851851853,53.111111111111114,147.92592592592592,1,-1,-1,-1
46,0.0,570.0,91.0,71.0,222.0,1,-1,-1,-1
46,1.0,477.0,85.0,91.0,225.0,1,-1,-1,-1
46,2.0,431.0,111.0,50.0,130.0,1,-1,-1,-1
46,3.0,358.0,98.0,80.0,201.0,1,-1,-1,-1
46,5.0,456.0344827586207,96.65517241379311,60.37931034482759,185.31034482758622,1,-1,-1,-1
46,6.0,159.0,97.0,61.0,159.0,1,-1,-1,-1
46,7.0,569.3333333333334,109.55555555555557,53.333333333333336,148.27777777777777,1,-1,-1,-1
47,0.0,571.0,89.0,70.0,223.0,1,-1,-1,-1
47,1.0,483.0,86.0,91.0,223.0,1,-1,-1,-1
47,2.0,430.0,112.0,46.0,129.0,1,-1,-1,-1
47,3.0,363.0,100.0,79.0,198.0,1,-1,-1,-1
47,5.0,453.5172413793103,96.82758620689656,59.689655172413794,184.6551724137931,1,-1,-1,-1
47,6.0,158.0,97.0,62.0,159.0,1,-1,-1,-1
47,7.0,568.8888888888888,109.59259259259261,53.55555555555556,148.62962962962962,1,-1,-1,-1
48,0.0,574.0,88.0,67.0,224.0,1,-1,-1,-1
48,1.0,485.0,86.0,92.0,224.0,1,-1,-1,-1
48,2.0,430.0,111.0,47.0,134.0,1,-1,-1,-1
48,3.0,367.0,101.0,76.0,197.0,1,-1,-1,-1
48,5.0,451.0,97.0,59.0,184.0,1,-1,-1,-1
48,6.0,158.0,97.0,62.0,159.0,1,-1,-1,-1
48,7.0,568.4444444444445,109.62962962962963,53.77777777777778,148.9814814814815,1,-1,-1,-1
49,0.0,578.0,85.0,63.0,225.0,1,-1,-1,-1
49,1.0,487.0,87.0,94.0,222.0,1,-1,-1,-1
49,2.0,428.94117647058823,110.94117647058825,47.11764705882353,134.2941176470588,1,-1,-1,-1
49,3.0,370.0,101.0,75.0,196.0,1,-1,-1,-1
49,5.0,450.0,95.0,58.0,185.0,1,-1,-1,-1
49,6.0,158.0,97.0,62.0,159.0,1,-1,-1,-1
49,7.0,568.0,109.66666666666667,54.0,149.33333333333334,1,-1,-1,-1
50,0.0,579.0,82.0,62.0,228.0,1,-1,-1,-1
50,1.0,489.0,88.0,96.0,221.0,1,-1,-1,-1
50,2.0,427.88235294117646,110.88235294117648,47.23529411764706,134.58823529411765,1,-1,-1,-1
50,3.0,372.0,101.0,74.0,196.0,1,-1,-1,-1
50,5.0,446.0,92.0,58.0,189.0,1,-1,-1,-1
50,6.0,160.0,97.0,60.0,159.0,1,-1,-1,-1
50,7.0,567.5555555555555,109.70370370370371,54.22222222222222,149.6851851851852,1,-1,-1,-1
51,0.0,582.0,83.0,59.0,228.0,1,-1,-1,-1
51,1.0,491.0,90.0,98.0,219.0,1,-1,-1,-1
51,2.0,426.8235294117647,110.8235294117647,47.35294117647059,134.88235294117646,1,-1,-1,-1
51,3.0,375.0,101.0,74.0,195.0,1,-1,-1,-1
51,5.0,445.0,92.0,59.0,189.0,1,-1,-1,-1
51,6.0,158.0,97.0,61.0,159.0,1,-1,-1,-1
51,7.0,567.1111111111112,109.74074074074075,54.44444444444444,150.03703703703704,1,-1,-1,-1
52,0.0,587.0,81.0,54.0,227.0,1,-1,-1,-1
52,1.0,494.0,90.0,97.0,219.0,1,-1,-1,-1
52,2.0,425.7647058823529,110.76470588235293,47.470588235294116,135.1764705882353,1,-1,-1,-1
52,3.0,385.0,99.0,72.0,195.0,1,-1,-1,-1
52,5.0,442.0,91.0,60.0,191.0,1,-1,-1,-1
52,6.0,157.0,96.0,63.0,161.0,1,-1,-1,-1
52,7.0,566.6666666666666,109.77777777777779,54.666666666666664,150.38888888888889,1,-1,-1,-1
53,0.0,590.0,85.0,51.0,223.0,1,-1,-1,-1
53,1.0,498.0,90.0,97.0,218.0,1,-1,-1,-1
53,2.0,424.70588235294116,110.70588235294117,47.588235294117645,135.47058823529412,1,-1,-1,-1
53,3.0,389.0,98.0,71.0,196.0,1,-1,-1,-1
53,5.0,440.0,91.0,58.0,190.0,1,-1,-1,-1
53,6.0,159.0,96.0,61.0,159.0,1,-1,-1,-1
53,7.0,566.2222222222222,109.81481481481482,54.888888888888886,150.74074074074073,1,-1,-1,-1
54,0.0,592.0,85.0,49.0,223.0,1,-1,-1,-1
54,1.0,501.0,90.0,97.0,219.0,1,-1,-1,-1
54,2.0,423.6470588235294,110.64705882352942,47.705882352941174,135.76470588235293,1,-1,-1,-1
54,3.0,394.0,96.0,70.0,198.0,1,-1,-1,-1
54,5.0,439.0,92.0,58.0,189.0,1,-1,-1,-1
54,6.0,159.0,96.0,61.0,161.0,1,-1,-1,-1
54,7.0,565.7777777777778,109.85185185185186,55.111111111111114,151.09259259259258,1,-1,-1,-1
55,0.0,592.0,92.0,49.0,217.0,1,-1,-1,-1
55,1.0,505.0,90.0,97.0,218.0,1,-1,-1,-1
55,2.0,422.5882352941176,110.58823529411765,47.8235294117647,136.05882352941177,1,-1,-1,-1
55,3.0,396.0,96.0,70.0,195.0,1,-1,-1,-1
55,5.0,437.0,93.0,58.0,187.0,1,-1,-1,-1
55,6.0,158.0,96.0,62.0,160.0,1,-1,-1,-1
55,7.0,565.3333333333334,109.88888888888889,55.333333333333336,151.44444444444446,1,-1,-1,-1
56,0.0,592.0,92.0,49.0,214.0,1,-1,-1,-1
56,1.0,509.0,89.0,96.0,218.0,1,-1,-1,-1
56,2.0,421.52941176470586,110.5294117647059,47.94117647058823,136.35294117647058,1,-1,-1,-1
56,3.0,401.0,97.0,78.0,192.0,1,-1,-1,-1
56,5.0,426.0,95.0,67.0,185.0,1,-1,-1,-1
56,6.0,155.0,95.0,64.0,163.0,1,-1,-1,-1
56,7.0,564.8888888888888,109.92592592592592,55.55555555555556,151.7962962962963,1,-1,-1,-1
57,0.0,596.0,97.0,45.0,204.0,1,-1,-1,-1
57,1.0,513.0,88.0,94.0,218.0,1,-1,-1,-1
57,2.0,420.47058823529414,110.4705882352941,48.05882352941177,136.64705882352942,1,-1,-1,-1
57,3.0,402.0,97.0,81.0,193.0,1,-1,-1,-1
57,5.0,422.25,95.0,66.75,183.875,1,-1,-1,-1
57,6.0,156.0,95.0,64.0,162.0,1,-1,-1,-1
57,7.0,564.4444444444445,109.96296296296296,55.77777777777778,152.14814814814815,1,-1,-1,-1
58,0.0,594.4583333333333,97.27083333333333,45.229166666666664,202.77083333333334,1,-1,-1,-1
58,1.0,517.0,86.0,91.0,219.0,1,-1,-1,-1
58,2.0,419.4117647058824,110.41176470588235,48.1764705882353,136.94117647058823,1,-1,-1,-1
58,3.0,405.0,98.0,79.0,194.0,1,-1,-1,-1
58,5.0,418.5,95.0,66.5,182.75,1,-1,-1,-1
58,6.0,159.0,96.0,60.0,160.0,1,-1,-1,-1
58,7.0,564.0,110.0,56.0,152.5,1,-1,-1,-1
59,0.0,592.9166666666667,97.54166666666667,45.458333333333336,201.54166666666666,1,-1,-1,-1
59,1.0,521.0,86.0,85.0,217.0,1,-1,-1,-1
59,2.0,418.3529411764706,110.35294117647058,48.294117647058826,137.23529411764707,1,-1,-1,-1
59,3.0,406.0,100.0,80.0,193.0,1,-1,-1,-1
59,5.0,414.75,95.0,66.25,181.625,1,-1,-1,-1
59,6.0,161.0,96.0,59.0,160.0,1,-1,-1,-1
59,7.0,563.5555555555555,110.03703703703704,56.22222222222222,152.85185185185185,1,-1,-1,-1
60,0.0,591.375,97.8125,45.6875,200.3125,1,-1,-1,-1
60,1.0,525.0,86.0,85.0,217.0,1,-1,-1,-1
60,2.0,417.29411764705884,110.29411764705883,48.411764705882355,137.52941176470588,1,-1,-1,-1
60,3.0,408.0,100.0,80.0,193.0,1,-1,-1,-1
60,5.0,411.0,95.0,66.0,180.5,1,-1,-1,-1
60,6.0,159.0,95.0,61.0,162.0,1,-1,-1,-1
60,7.0,563.1111111111112,110.07407407407408,56.44444444444444,153.2037037037037,1,-1,-1,-1
61,0.0,589.8333333333333,98.08333333333333,45.916666666666664,199.08333333333334,1,-1,-1,-1
61,1.0,529.0,86.0,89.0,219.0,1,-1,-1,-1
61,2.0,416.2352941176471,110.23529411764707,48.529411764705884,137.8235294117647,1,-1,-1,-1
61,3.0,415.0,101.0,77.0,192.0,1,-1,-1,-1
61,5.0,407.25,95.0,65.75,179.375,1,-1,-1,-1
61,6.0,160.0,95.0,60.0,161.0,1,-1,-1,-1
61,7.0,562.6666666666666,110.11111111111111,56.666666666666664,153.55555555555554,1,-1,-1,-1
62,0.0,588.2916666666667,98.35416666666667,46.145833333333336,197.85416666666666,1,-1,-1,-1
62,1.0,531.0,88.0,90.0,216.0,1,-1,-1,-1
62,2.0,415.1764705882353,110.1764705882353,48.64705882352941,138.11764705882354,1,-1,-1,-1
62,3.0,418.0,100.0,78.0,195.0,1,-1,-1,-1
62,5.0,403.5,95.0,65.5,178.25,1,-1,-1,-1
62,6.0,159.0,94.0,61.0,163.0,1,-1,-1,-1
62,7.0,562.2222222222222,110.14814814814814,56.888888888888886,153.90740740740742,1,-1,-1,-1
63,0.0,586.75,98.625,46.375,196.625,1,-1,-1,-1
63,1.0,534.0,90.0,89.0,214.0,1,-1,-1,-1
63,2.0,414.11764705882354,110.11764705882352,48.76470588235294,138.41176470588235,1,-1,-1,-1
63,3.0,423.0,100.0,76.0,194.0,1,-1,-1,-1
63,5.0,399.75,95.0,65.25,177.125,1,-1,-1,-1
63,6.0,159.0,94.0,61.0,163.0,1,-1,-1,-1
63,7.0,561.7777777777778,110.18518518518518,57.111111111111114,154.25925925925927,1,-1,-1,-1
64,0.0,585.2083333333333,98.89583333333333,46.604166666666664,195.39583333333334,1,-1,-1,-1
64,1.0,540.0,91.0,85.0,211.0,1,-1,-1,-1
64,2.0,413.05882352941177,110.05882352941175,48.88235294117647,138.7058823529412,1,-1,-1,-1
64,3.0,426.0,99.0,76.0,194.0,1,-1,-1,-1
64,5.0,396.0,95.0,65.0,176.0,1,-1,-1,-1
64,6.0,159.0,94.0,62.0,163.0,1,-1,-1,-1
64,7.0,561.3333333333334,110.22222222222221,57.333333333333336,154.61111111111111,1,-1,-1,-1
65,0.0,583.6666666666667,99.16666666666667,46.833333333333336,194.16666666666666,1,-1,-1,-1
65,1.0,544.0,92.0,83.0,210.0,1,-1,-1,-1
65,2.0,412.0,110.0,49.0,139.0,1,-1,-1,-1
65,3.0,430.0,99.0,74.0,190.0,1,-1,-1,-1
65,5.0,396.0,94.0,68.0,181.0,1,-1,-1,-1
65,6.0,159.0,93.0,62.0,165.0,1,-1,-1,-1
65,7.0,560.8888888888888,110.25925925925925,57.55555555555556,154.96296296296296,1,-1,-1,-1
66,0.0,582.125,99.4375,47.0625,192.9375,1,-1,-1,-1
66,1.0,546.0,91.0,83.0,213.0,1,-1,-1,-1
66,2.0,410.94117647058823,109.94117647058825,49.11764705882353,139.2941176470588,1,-1,-1,-1
66,3.0,434.0,98.0,71.0,190.0,1,-1,-1,-1
66,5.0,395.0,94.0,67.0,180.0,1,-1,-1,-1
66,6.0,158.0,93.0,63.0,165.0,1,-1,-1,-1
66,7.0,560.4444444444445,110.29629629629629,57.77777777777778,155.3148148148148,1,-1,-1,-1
67,0.0,580.5833333333333,99.70833333333333,47.291666666666664,191.70833333333334,1,-1,-1,-1
67,1.0,548.0,90.0,84.0,214.0,1,-1,-1,-1
67,2.0,409.88235294117646,109.88235294117648,49.23529411764706,139.58823529411765,1,-1,-1,-1
67,3.0,439.0,97.0,68.0,191.0,1,-1,-1,-1
67,5.0,394.0,94.0,66.0,180.0,1,-1,-1,-1
67,6.0,158.0,94.0,63.0,163.0,1,-1,-1,-1
67,7.0,560.0,110.33333333333333,58.0,155.66666666666666,1,-1,-1,-1
68,0.0,579.0416666666667,99.97916666666667,47.520833333333336,190.47916666666666,1,-1,-1,-1
68,1.0,550.0,90.0,83.0,212.0,1,-1,-1,-1
68,2.0,408.8235294117647,109.8235294117647,49.35294117647059,139.88235294117646,1,-1,-1,-1
68,3.0,443.0,96.0,66.0,191.0,1,-1,-1,-1
68,5.0,391.0,94.0,64.0,180.0,1,-1,-1,-1
68,6.0,159.0,93.0,63.0,165.0,1,-1,-1,-1
68,7.0,559.5555555555555,110.37037037037035,58.22222222222222,156.01851851851853,1,-1,-1,-1
69,0.0,577.5,100.25,47.75,189.25,1,-1,-1,-1
69,1.0,551.0,89.0,86.0,213.0,1,-1,-1,-1
69,2.0,407.7647058823529,109.76470588235293,49.470588235294116,140.1764705882353,1,-1,-1,-1
69,3.0,445.0,95.0,67.0,192.0,1,-1,-1,-1
69,5.0,389.0,93.0,65.0,181.0,1,-1,-1,-1
69,6.0,160.0,93.0,62.0,166.0,1,-1,-1,-1
69,7.0,559.1111111111112,110.40740740740739,58.44444444444444,156.37037037037038,1,-1,-1,-1
70,0.0,575.9583333333333,100.52083333333333,47.979166666666664,188.02083333333334,1,-1,-1,-1
70,1.0,552.0,88.0,85.0,212.0,1,-1,-1,-1
70,2.0,406.70588235294116,109.70588235294117,49.588235294117645,140.47058823529412,1,-1,-1,-1
70,3.0,447.0,94.0,70.0,193.0,1,-1,-1,-1
70,5.0,387.0,93.0,65.0,181.0,1,-1,-1,-1
70,6.0,161.0,93.0,62.0,165.0,1,-1,-1,-1
70,7.0,558.6666666666666,110.44444444444443,58.666666666666664,156.72222222222223,1,-1,-1,-1
71,0.0,574.4166666666667,100.79166666666667,48.208333333333336,186.79166666666666,1,-1,-1,-1
71,1.0,553.0,87.0,86.0,211.0,1,-1,-1,-1
71,2.0,405.6470588235294,109.64705882352942,49.705882352941174,140.76470588235293,1,-1,-1,-1
71,3.0,449.0,94.0,70.0,192.0,1,-1,-1,-1
71,5.0,385.0,95.0,64.0,179.0,1,-1,-1,-1
71,6.0,161.0,93.0,62.0,164.0,1,-1,-1,-1
71,7.0,558.2222222222222,110.4814814814815,58.888888888888886,157.07407407407408,1,-1,-1,-1
72,0.0,572.875,101.0625,48.4375,185.5625,1,-1,-1,-1
72,1.0,556.0,86.0,84.0,210.0,1,-1,-1,-1
72,2.0,404.5882352941176,109.58823529411765,49.8235294117647,141.05882352941177,1,-1,-1,-1
72,3.0,452.0,95.0,69.0,191.0,1,-1,-1,-1
72,5.0,383.0,96.0,64.0,179.0,1,-1,-1,-1
72,6.0,166.0,93.0,59.0,164.0,1,-1,-1,-1
72,7.0,557.7777777777778,110.5185185185185,59.111111111111114,157.42592592592592,1,-1,-1,-1
73,0.0,571.3333333333333,101.33333333333333,48.666666666666664,184.33333333333334,1,-1,-1,-1
73,1.0,558.0,85.0,83.0,212.0,1,-1,-1,-1
73,2.0,403.52941176470586,109.5294117647059,49.94117647058823,141.35294117647058,1,-1,-1,-1
73,3.0,454.0,96.0,68.0,191.0,1,-1,-1,-1
73,5.0,382.0,97.0,64.0,177.0,1,-1,-1,-1
73,6.0,164.0,93.0,62.0,165.0,1,-1,-1,-1
73,7.0,557.3333333333334,110.55555555555557,59.33333333333333,157.77777777777777,1,-1,-1,-1
74,0.0,569.7916666666667,101.60416666666667,48.895833333333336,183.10416666666666,1,-1,-1,-1
74,1.0,561.0,85.0,80.0,213.0,1,-1,-1,-1
74,2.0,402.47058823529414,109.4705882352941,50.05882352941177,141.64705882352942,1,-1,-1,-1
74,3.0,455.0,97.0,70.0,190.0,1,-1,-1,-1
74,5.0,380.0,98.0,65.0,177.0,1,-1,-1,-1
74,6.0,166.0,92.0,60.0,166.0,1,-1,-1,-1
74,7.0,556.8888888888888,110.59259259259261,59.55555555555556,158.12962962962962,1,-1,-1,-1
75,0.0,568.25,101.875,49.125,181.875,1,-1,-1,-1
75,1.0,568.0,85.0,73.0,213.0,1,-1,-1,-1
75,2.0,401.4117647058824,109.41176470588235,50.1764705882353,141.94117647058823,1,-1,-1,-1
75,3.0,460.0,98.0,70.0,189.0,1,-1,-1,-1
75,5.0,378.0,98.0,65.0,177.0,1,-1,-1,-1
75,6.0,169.0,92.0,58.0,165.0,1,-1,-1,-1
75,7.0,556.4444444444445,110.62962962962965,59.77777777777778,158.48148148148147,1,-1,-1,-1
76,0.0,566.7083333333333,102.14583333333333,49.354166666666664,180.64583333333334,1,-1,-1,-1
76,1.0,569.0,86.0,72.0,213.0,1,-1,-1,-1
76,2.0,400.3529411764706,109.35294117647058,50.294117647058826,142.23529411764707,1,-1,-1,-1
76,3.0,462.0,99.0,70.0,187.0,1,-1,-1,-1
76,5.0,375.0,99.0,65.0,176.0,1,-1,-1,-1
76,6.0,169.0,92.0,59.0,165.0,1,-1,-1,-1
76,7.0,556.0,110.66666666666667,60.0,158.83333333333334,1,-1,-1,-1
77,0.0,565.1666666666667,102.41666666666667,49.583333333333336,179.41666666666666,1,-1,-1,-1
77,1.0,568.0,88.0,73.0,210.0,1,-1,-1,-1
77,2.0,399.29411764705884,109.29411764705883,50.411764705882355,142.52941176470588,1,-1,-1,-1
77,3.0,464.0,98.0,70.0,187.0,1,-1,-1,-1
77,5.0,372.0,100.0,64.0,173.0,1,-1,-1,-1
77,6.0,170.0,92.0,59.0,165.0,1,-1,-1,-1
77,7.0,555.5555555555555,110.70370370370371,60.22222222222222,159.1851851851852,1,-1,-1,-1
78,0.0,563.625,102.6875,49.8125,178.1875,1,-1,-1,-1
78,1.0,569.0,90.0,72.0,203.0,1,-1,-1,-1
78,2.0,398.2352941176471,109.23529411764707,50.529411764705884,142.8235294117647,1,-1,-1,-1
78,3.0,466.0,98.0,70.0,187.0,1,-1,-1,-1
78,5.0,368.0,99.0,63.0,174.0,1,-1,-1,-1
78,6.0,172.0,92.0,57.0,164.0,1,-1,-1,-1
78,7.0,555.1111111111112,110.74074074074075,60.44444444444444,159.53703703703704,1,-1,-1,-1
79,0.0,562.0833333333333,102.95833333333333,50.041666666666664,176.95833333333334,1,-1,-1,-1
79,1.0,572.0,92.0,69.0,199.0,1,-1,-1,-1
79,2.0,397.1764705882353,109.1764705882353,50.64705882352941,143.11764705882354,1,-1,-1,-1
79,3.0,469.0,97.0,73.0,187.0,1,-1,-1,-1
79,5.0,366.0,98.0,63.0,175.0,1,-1,-1,-1
79,6.0,173.0,92.0,57.0,165.0,1,-1,-1,-1
79,7.0,554.6666666666666,110.77777777777779,60.666666666666664,159.88888888888889,1,-1,-1,-1
80,0.0,560.5416666666667,103.22916666666667,50.270833333333336,175.72916666666666,1,-1,-1,-1
80,1.0,577.0,91.0,64.0,200.0,1,-1,-1,-1
80,2.0,396.11764705882354,109.11764705882352,50.76470588235294,143.41176470588235,1,-1,-1,-1
80,3.0,474.0,97.0,71.0,185.0,1,-1,-1,-1
80,5.0,363.0,96.0,64.0,177.0,1,-1,-1,-1
80,6.0,175.0,92.0,56.0,164.0,1,-1,-1,-1
80,7.0,554.2222222222222,110.81481481481482,60.888888888888886,160.24074074074073,1,-1,-1,-1
81,0.0,559.0,103.5,50.5,174.5,1,-1,-1,-1
81,1.0,575.0,92.0,66.0,200.0,1,-1,-1,-1
81,2.0,395.05882352941177,109.05882352941175,50.88235294117647,143.7058823529412,1,-1,-1,-1
81,3.0,480.0,98.0,72.0,185.0,1,-1,-1,-1
81,5.0,361.0,95.0,64.0,178.0,1,-1,-1,-1
81,6.0,177.0,92.0,55.0,164.0,1,-1,-1,-1
81,7.0,553.7777777777778,110.85185185185186,61.111111111111114,160.59259259259258,1,-1,-1,-1
82,0.0,557.4583333333333,103.77083333333333,50.729166666666664,173.27083333333334,1,-1,-1,-1
82,1.0,575.0,92.0,66.0,201.0,1,-1,-1,-1
82,2.0,394.0,109.0,51.0,144.0,1,-1,-1,-1
82,3.0,481.0,98.0,73.0,184.0,1,-1,-1,-1
82,5.0,359.0,96.0,62.0,176.0,1,-1,-1,-1
82,6.0,177.0,93.0,56.0,163.0,1,-1,-1,-1
82,7.0,553.3333333333334,110.88888888888889,61.33333333333333,160.94444444444446,1,-1,-1,-1
83,0.0,555.9166666666667,104.04166666666667,50.958333333333336,172.04166666666666,1,-1,-1,-1
83,1.0,579.0,93.0,62.0,199.0,1,-1,-1,-1
83,2.0,395.0,110.0,50.0,138.0,1,-1,-1,-1
83,3.0,483.0,99.0,71.0,183.0,1,-1,-1,-1
83,5.0,357.0,95.0,62.0,176.0,1,-1,-1,-1
83,6.0,177.0,94.0,58.0,162.0,1,-1,-1,-1
83,7.0,552.8888888888888,110.92592592592592,61.55555555555556,161.2962962962963,1,-1,-1,-1
84,0.0,554.375,104.3125,51.1875,170.8125,1,-1,-1,-1
84,1.0,584.0,91.0,57.0,199.0,1,-1,-1,-1
84,2.0,395.0,110.0,49.0,137.0,1,-1,-1,-1
84,3.0,488.0,100.0,70.0,182.0,1,-1,-1,-1
84,5.0,356.0,94.0,61.0,177.0,1,-1,-1,-1
84,6.0,177.0,94.0,58.0,162.0,1,-1,-1,-1
84,7.0,552.4444444444445,110.96296296296296,61.77777777777778,161.64814814814815,1,-1,-1,-1
85,0.0,552.8333333333333,104.58333333333334,51.416666666666664,169.58333333333331,1,-1,-1,-1
85,1.0,591.0,92.0,50.0,195.0,1,-1,-1,-1
85,2.0,395.0,109.0,49.0,138.0,1,-1,-1,-1
85,3.0,490.0,101.0,70.0,181.0,1,-1,-1,-1
85,5.0,353.0,93.0,59.0,177.0,1,-1,-1,-1
85,6.0,177.0,94.0,59.0,162.0,1,-1,-1,-1
85,7.0,552.0,111.0,62.0,162.0,1,-1,-1,-1
86,0.0,551.2916666666667,104.85416666666667,51.645833333333336,168.35416666666666,1,-1,-1,-1
86,1.0,596.0,92.0,45.0,194.0,1,-1,-1,-1
86,2.0,395.0,110.0,50.0,136.0,1,-1,-1,-1
86,3.0,493.0,102.0,70.0,180.0,1,-1,-1,-1
86,5.0,352.0,92.0,58.0,178.0,1,-1,-1,-1
86,6.0,177.0,94.0,61.0,162.0,1,-1,-1,-1
86,7.0,551.0,110.0,60.0,163.0,1,-1,-1,-1
87,0.0,549.75,105.125,51.875,167.125,1,-1,-1,-1
87,2.0,395.0,109.0,50.0,137.0,1,-1,-1,-1
87,3.0,494.0,103.0,72.0,180.0,1,-1,-1,-1
87,5.0,351.0,92.0,58.0,178.0,1,-1,-1,-1
87,6.0,179.0,95.0,59.0,161.0,1,-1,-1,-1
87,7.0,550.0,111.0,56.0,161.0,1,-1,-1,-1
88,0.0,548.2083333333333,105.39583333333334,52.104166666666664,165.89583333333331,1,-1,-1,-1
88,2.0,394.0,109.0,51.0,138.0,1,-1,-1,-1
88,3.0,498.0,104.0,74.0,179.0,1,-1,-1,-1
88,5.0,348.0,92.0,60.0,179.0,1,-1,-1,-1
88,6.0,179.0,95.0,60.0,161.0,1,-1,-1,-1
88,7.0,550.0,110.0,55.0,162.0,1,-1,-1,-1
89,0.0,546.6666666666667,105.66666666666667,52.333333333333336,164.66666666666666,1,-1,-1,-1
89,2.0,393.0,108.0,52.0,139.0,1,-1,-1,-1
89,3.0,502.0,104.0,75.0,179.0,1,-1,-1,-1
89,5.0,345.0,93.0,62.0,177.0,1,-1,-1,-1
89,6.0,181.0,95.0,59.0,161.0,1,-1,-1,-1
89,7.0,548.0,110.0,58.0,162.0,1,-1,-1,-1
90,0.0,545.125,105.9375,52.5625,163.4375,1,-1,-1,-1
90,2.0,392.0,108.0,53.0,139.0,1,-1,-1,-1
90,3.0,508.0,104.0,77.0,180.0,1,-1,-1,-1
90,5.0,339.0,93.0,66.0,178.0,1,-1,-1,-1
90,6.0,181.0,95.0,59.0,161.0,1,-1,-1,-1
90,7.0,548.0,111.0,62.0,158.0,1,-1,-1,-1
91,0.0,543.5833333333333,106.20833333333334,52.791666666666664,162.20833333333331,1,-1,-1,-1
91,2.0,392.0,107.0,52.0,141.0,1,-1,-1,-1
91,3.0,514.0,103.0,74.0,179.0,1,-1,-1,-1
91,5.0,336.0,93.0,67.0,178.0,1,-1,-1,-1
91,6.0,183.0,94.0,58.0,162.0,1,-1,-1,-1
91,7.0,541.0,107.0,70.0,163.0,1,-1,-1,-1
92,0.0,542.0416666666667,106.47916666666667,53.02083333333333,160.97916666666666,1,-1,-1,-1
92,2.0,391.0,107.0,53.0,141.0,1,-1,-1,-1
92,3.0,522.0,102.0,80.0,177.0,1,-1,-1,-1
92,5.0,333.0,94.0,69.0,177.0,1,-1,-1,-1
92,6.0,184.0,94.0,57.0,162.0,1,-1,-1,-1
92,7.0,536.8571428571429,108.00000000000001,68.42857142857143,162.14285714285714,1,-1,-1,-1
93,0.0,540.5,106.75,53.25,159.75,1,-1,-1,-1
93,2.0,391.0,107.0,52.0,141.0,1,-1,-1,-1
93,3.0,524.0,100.0,87.0,179.0,1,-1,-1,-1
93,5.0,330.0,95.0,71.0,176.0,1,-1,-1,-1
93,6.0,184.0,94.0,58.0,162.0,1,-1,-1,-1
93,7.0,532.7142857142857,109.0,66.85714285714286,161.28571428571428,1,-1,-1,-1
94,0.0,538.9583333333333,107.02083333333334,53.479166666666664,158.52083333333331,1,-1,-1,-1
94,2.0,390.0,107.0,53.0,141.0,1,-1,-1,-1
94,3.0,525.0,100.0,84.0,178.0,1,-1,-1,-1
94,5.0,328.0,95.0,72.0,176.0,1,-1,-1,-1
94,6.0,185.0,93.0,57.0,163.0,1,-1,-1,-1
94,7.0,528.5714285714286,110.00000000000001,65.28571428571429,160.42857142857142,1,-1,-1,-1
95,0.0,537.4166666666667,107.29166666666667,53.70833333333333,157.29166666666666,1,-1,-1,-1
95,2.0,389.0,107.0,54.0,142.0,1,-1,-1,-1
95,3.0,524.0,100.0,83.0,178.0,1,-1,-1,-1
95,5.0,327.0,96.0,72.0,175.0,1,-1,-1,-1
95,6.0,185.0,93.0,57.0,163.0,1,-1,-1,-1
95,7.0,524.4285714285714,110.99999999999999,63.714285714285715,159.57142857142858,1,-1,-1,-1
96,0.0,535.875,107.5625,53.9375,156.0625,1,-1,-1,-1
96,2.0,387.0,107.0,56.0,142.0,1,-1,-1,-1
96,3.0,522.0,102.0,86.0,176.0,1,-1,-1,-1
96,5.0,326.0,96.0,71.0,174.0,1,-1,-1,-1
96,6.0,185.0,93.0,58.0,163.0,1,-1,-1,-1
96,7.0,520.2857142857143,112.0,62.142857142857146,158.71428571428572,1,-1,-1,-1
97,0.0,534.3333333333333,107.83333333333334,54.166666666666664,154.83333333333331,1,-1,-1,-1
97,2.0,386.0,108.0,57.0,141.0,1,-1,-1,-1
97,3.0,533.0,104.0,85.0,172.0,1,-1,-1,-1
97,5.0,325.0,97.0,71.0,173.0,1,-1,-1,-1
97,6.0,185.0,94.0,58.0,161.0,1,-1,-1,-1
97,7.0,516.1428571428571,112.99999999999999,60.57142857142857,157.85714285714286,1,-1,-1,-1
98,0.0,532.7916666666667,108.10416666666667,54.39583333333333,153.60416666666666,1,-1,-1,-1
98,2.0,385.0,108.0,58.0,141.0,1,-1,-1,-1
98,3.0,539.0,104.0,82.0,171.0,1,-1,-1,-1
98,5.0,324.0,97.0,70.0,173.0,1,-1,-1,-1
98,6.0,185.0,94.0,58.0,161.0,1,-1,-1,-1
98,7.0,512.0,114.0,59.0,157.0,1,-1,-1,-1
99,0.0,531.25,108.375,54.625,152.375,1,-1,-1,-1
99,2.0,385.0,109.0,58.0,139.0,1,-1,-1,-1
99,3.0,542.0,104.0,79.0,170.0,1,-1,-1,-1
99,5.0,323.0,96.0,69.0,173.0,1,-1,-1,-1
99,6.0,186.0,94.0,57.0,160.0,1,-1,-1,-1
99,7.0,511.0,115.0,59.0,157.0,1,-1,-1,-1
100,0.0,529.7083333333333,108.64583333333334,54.854166666666664,151.14583333333331,1,-1,-1,-1
100,2.0,385.0,109.0,58.0,139.0,1,-1,-1,-1
100,3.0,545.0,105.0,75.0,169.0,1,-1,-1,-1
100,5.0,322.0,96.0,68.0,173.0,1,-1,-1,-1
100,6.0,186.0,94.0,57.0,160.0,1,-1,-1,-1
100,7.0,508.0,114.0,61.0,158.0,1,-1,-1,-1
101,0.0,528.1666666666667,108.91666666666667,55.08333333333333,149.91666666666666,1,-1,-1,-1
101,2.0,385.0,108.0,58.0,141.0,1,-1,-1,-1
101,3.0,547.0,105.0,74.0,169.0,1,-1,-1,-1
101,5.0,322.0,95.0,66.0,174.0,1,-1,-1,-1
101,6.0,186.0,94.0,58.0,159.0,1,-1,-1,-1
101,7.0,506.0,113.0,60.0,160.0,1,-1,-1,-1
102,0.0,526.625,109.1875,55.3125,148.6875,1,-1,-1,-1
102,2.0,384.0,109.0,58.0,140.0,1,-1,-1,-1
102,3.0,551.0,104.0,71.0,171.0,1,-1,-1,-1
102,5.0,320.0,94.0,66.0,176.0,1,-1,-1,-1
102,6.0,187.0,94.0,57.0,160.0,1,-1,-1,-1
102,7.0,502.0,112.0,57.0,160.0,1,-1,-1,-1
103,0.0,525.0833333333333,109.45833333333334,55.541666666666664,147.45833333333331,1,-1,-1,-1
103,2.0,384.0,108.0,58.0,141.0,1,-1,-1,-1
103,3.0,558.0,104.0,70.0,171.0,1,-1,-1,-1
103,5.0,319.0,94.0,65.0,175.0,1,-1,-1,-1
103,6.0,187.0,94.0,56.0,160.0,1,-1,-1,-1
103,7.0,499.0,113.0,57.0,158.0,1,-1,-1,-1
104,0.0,523.5416666666667,109.72916666666667,55.77083333333333,146.22916666666666,1,-1,-1,-1
104,2.0,383.0,108.0,59.0,141.0,1,-1,-1,-1
104,3.0,564.0,103.0,66.0,171.0,1,-1,-1,-1
104,5.0,318.0,94.0,64.0,175.0,1,-1,-1,-1
104,6.0,187.0,94.0,56.0,160.0,1,-1,-1,-1
104,7.0,495.0,115.0,57.0,157.0,1,-1,-1,-1
105,0.0,522.0,110.0,56.0,145.0,1,-1,-1,-1
105,2.0,383.0,108.0,59.0,141.0,1,-1,-1,-1
105,3.0,567.0,102.0,64.0,171.0,1,-1,-1,-1
105,5.0,316.0,94.0,63.0,174.0,1,-1,-1,-1
105,6.0,186.0,94.0,57.0,160.0,1,-1,-1,-1
105,7.0,488.0,114.0,60.0,157.0,1,-1,-1,-1
106,0.0,520.0,111.0,57.0,141.0,1,-1,-1,-1
106,2.0,384.0,108.0,57.0,141.0,1,-1,-1,-1
106,3.0,572.0,99.0,62.0,174.0,1,-1,-1,-1
106,5.0,315.0,94.0,61.0,173.0,1,-1,-1,-1
106,6.0,186.0,94.0,56.0,160.0,1,-1,-1,-1
106,7.0,483.0,114.0,64.0,156.0,1,-1,-1,-1
107,0.0,520.0,111.0,57.0,140.0,1,-1,-1,-1
107,2.0,384.0,107.0,57.0,142.0,1,-1,-1,-1
107,3.0,574.0,99.0,65.0,173.0,1,-1,-1,-1
107,5.0,314.0,95.0,61.0,171.0,1,-1,-1,-1
107,6.0,186.0,94.0,56.0,160.0,1,-1,-1,-1
107,7.0,475.0,114.0,70.0,156.0,1,-1,-1,-1
108,0.0,519.0,110.0,57.0,143.0,1,-1,-1,-1
108,2.0,385.0,107.0,55.0,143.0,1,-1,-1,-1
108,3.0,576.0,98.0,65.0,174.0,1,-1,-1,-1
108,5.0,312.0,95.0,61.0,171.0,1,-1,-1,-1
108,6.0,185.0,93.0,57.0,161.0,1,-1,-1,-1
108,7.0,470.0,115.0,74.0,155.0,1,-1,-1,-1
109,0.0,518.0,110.0,57.0,143.0,1,-1,-1,-1
109,2.0,385.0,107.0,55.0,143.0,1,-1,-1,-1
109,3.0,578.0,98.0,63.0,174.0,1,-1,-1,-1
109,5.0,311.0,95.0,61.0,170.0,1,-1,-1,-1
109,6.0,185.0,93.0,57.0,161.0,1,-1,-1,-1
109,7.0,466.0,115.0,76.0,153.0,1,-1,-1,-1
110,0.0,512.0,109.0,60.0,145.0,1,-1,-1,-1
110,2.0,385.0,107.0,55.0,143.0,1,-1,-1,-1
110,3.0,580.0,98.0,61.0,174.0,1,-1,-1,-1
110,5.0,309.0,95.0,61.0,170.0,1,-1,-1,-1
110,6.0,185.0,93.0,57.0,161.0,1,-1,-1,-1
110,7.0,463.0,116.0,78.0,153.0,1,-1,-1,-1
111,0.0,511.0,110.0,62.0,147.0,1,-1,-1,-1
111,2.0,385.0,107.0,55.0,143.0,1,-1,-1,-1
111,3.0,582.0,100.0,59.0,172.0,1,-1,-1,-1
111,5.0,307.0,94.0,62.0,171.0,1,-1,-1,-1
111,6.0,185.0,93.0,57.0,161.0,1,-1,-1,-1
111,7.0,461.0,118.0,78.0,151.0,1,-1,-1,-1
112,0.0,509.0,110.0,62.0,147.0,1,-1,-1,-1
112,2.0,385.0,108.0,56.0,142.0,1,-1,-1,-1
112,3.0,586.0,101.0,55.0,171.0,1,-1,-1,-1
112,5.0,306.0,95.0,62.0,171.0,1,-1,-1,-1
112,6.0,185.0,93.0,57.0,161.0,1,-1,-1,-1
112,7.0,460.0,119.0,77.0,150.0,1,-1,-1,-1
113,0.0,508.0,110.0,62.0,148.0,1,-1,-1,-1
113,2.0,385.0,108.0,57.0,142.0,1,-1,-1,-1
113,3.0,589.0,99.0,52.0,174.0,1,-1,-1,-1
113,5.0,305.0,96.0,62.0,170.0,1,-1,-1,-1
113,6.0,185.0,93.0,57.0,161.0,1,-1,-1,-1
113,7.0,458.0,119.0,77.0,149.0,1,-1,-1,-1
114,0.0,507.0,111.0,62.0,148.0,1,-1,-1,-1
114,2.0,385.0,108.0,58.0,142.0,1,-1,-1,-1
114,3.0,592.0,98.0,49.0,176.0,1,-1,-1,-1
114,5.0,304.0,97.0,61.0,169.0,1,-1,-1,-1
114,6.0,186.0,93.0,56.0,161.0,1,-1,-1,-1
114,7.0,456.0,118.0,76.0,150.0,1,-1,-1,-1
115,0.0,506.0,112.0,62.0,147.0,1,-1,-1,-1
115,2.0,386.0,109.0,58.0,141.0,1,-1,-1,-1
115,3.0,593.0,97.0,48.0,177.0,1,-1,-1,-1
115,5.0,303.0,98.0,61.0,167.0,1,-1,-1,-1
115,6.0,186.0,93.0,57.0,161.0,1,-1,-1,-1
115,7.0,453.0,118.0,74.0,149.0,1,-1,-1,-1
116,0.0,505.0,112.0,63.0,146.0,1,-1,-1,-1
116,2.0,387.0,110.0,58.0,140.0,1,-1,-1,-1
116,3.0,596.0,96.0,45.0,174.0,1,-1,-1,-1
116,5.0,303.0,98.0,59.0,167.0,1,-1,-1,-1
116,6.0,186.0,93.0,57.0,162.0,1,-1,-1,-1
116,7.0,452.0,117.0,70.0,150.0,1,-1,-1,-1
117,0.0,504.0,112.0,63.0,145.0,1,-1,-1,-1
117,2.0,388.0,110.0,57.0,140.0,1,-1,-1,-1
117,3.0,598.0,95.0,43.0,176.0,1,-1,-1,-1
117,5.0,303.0,97.0,58.0,167.0,1,-1,-1,-1
117,6.0,186.0,92.0,58.0,162.0,1,-1,-1,-1
117,7.0,450.0,115.0,64.0,151.0,1,-1,-1,-1
118,0.0,505.0,112.0,60.0,144.0,1,-1,-1,-1
118,2.0,389.0,110.0,57.0,140.0,1,-1,-1,-1
118,3.0,602.0,94.0,39.0,178.0,1,-1,-1,-1
118,5.0,302.0,97.0,58.0,167.0,1,-1,-1,-1
118,6.0,186.0,92.0,59.0,162.0,1,-1,-1,-1
118,7.0,449.0,114.0,60.0,152.0,1,-1,-1,-1
119,0.0,504.0,111.0,61.0,145.0,1,-1,-1,-1
119,2.0,389.0,110.0,58.0,140.0,1,-1,-1,-1
119,3.0,603.0,94.0,38.0,177.0,1,-1,-1,-1
119,5.0,302.0,96.0,57.0,168.0,1,-1,-1,-1
119,6.0,187.0,92.0,58.0,162.0,1,-1,-1,-1
119,7.0,447.0,113.0,55.0,153.0,1,-1,-1,-1
120,0.0,504.0,111.0,59.0,146.0,1,-1,-1,-1
120,2.0,390.0,109.0,58.0,141.0,1,-1,-1,-1
120,3.0,606.0,95.0,35.0,176.0,1,-1,-1,-1
120,5.0,302.0,95.0,56.0,170.0,1,-1,-1,-1
120,6.0,187.0,92.0,58.0,162.0,1,-1,-1,-1
120,7.0,443.0,112.0,52.0,154.0,1,-1,-1,-1
121,0.0,502.0,110.0,57.0,146.0,1,-1,-1,-1
121,2.0,391.0,109.0,56.0,141.0,1,-1,-1,-1
121,3.0,607.0,96.0,34.0,175.0,1,-1,-1,-1
121,5.0,301.0,94.0,56.0,171.0,1,-1,-1,-1
121,6.0,187.0,92.0,59.0,162.0,1,-1,-1,-1
121,7.0,441.0,112.0,51.0,155.0,1,-1,-1,-1
122,0.0,497.0,110.0,56.0,146.0,1,-1,-1,-1
122,2.0,391.0,109.0,56.0,142.0,1,-1,-1,-1
122,3.0,608.0,97.0,33.0,173.0,1,-1,-1,-1
122,5.0,300.0,93.0,56.0,170.0,1,-1,-1,-1
122,6.0,188.0,92.0,59.0,161.0,1,-1,-1,-1
122,7.0,438.0,112.0,51.0,155.0,1,-1,-1,-1
123,0.0,495.0,110.0,55.0,147.0,1,-1,-1,-1
123,2.0,392.0,109.0,55.0,143.0,1,-1,-1,-1
123,3.0,609.0,104.0,32.0,166.0,1,-1,-1,-1
123,5.0,299.0,93.0,56.0,169.0,1,-1,-1,-1
123,6.0,189.0,92.0,59.0,161.0,1,-1,-1,-1
123,7.0,433.0,112.0,53.0,156.0,1,-1,-1,-1
124,0.0,494.0,110.0,57.0,147.0,1,-1,-1,-1
124,2.0,393.0,108.0,54.0,145.0,1,-1,-1,-1
124,5.0,298.0,93.0,56.0,168.0,1,-1,-1,-1
124,6.0,189.0,92.0,59.0,161.0,1,-1,-1,-1
124,7.0,429.0,113.0,56.0,155.0,1,-1,-1,-1
125,0.0,493.0,110.0,58.0,147.0,1,-1,-1,-1
125,2.0,393.0,109.0,55.0,145.0,1,-1,-1,-1
125,5.0,297.0,93.0,57.0,168.0,1,-1,-1,-1
125,6.0,190.0,92.0,58.0,161.0,1,-1,-1,-1
125,7.0,423.0,113.0,59.0,156.0,1,-1,-1,-1
126,0.0,491.0,110.0,57.0,147.0,1,-1,-1,-1
126,2.0,393.0,109.0,55.0,145.0,1,-1,-1,-1
126,5.0,296.0,92.0,57.0,169.0,1,-1,-1,-1
126,6.0,190.0,92.0,59.0,161.0,1,-1,-1,-1
126,7.0,420.0,114.0,61.0,155.0,1,-1,-1,-1
127,0.0,489.0,110.0,58.0,147.0,1,-1,-1,-1
127,2.0,393.0,110.0,58.0,144.0,1,-1,-1,-1
127,5.0,295.0,92.0,56.0,169.0,1,-1,-1,-1
127,6.0,190.0,92.0,59.0,160.0,1,-1,-1,-1
127,7.0,413.0,114.0,67.0,155.0,1,-1,-1,-1
128,0.0,486.0,111.0,59.0,146.0,1,-1,-1,-1
128,2.0,393.0,111.0,63.0,143.0,1,-1,-1,-1
128,5.0,293.0,92.0,56.0,169.0,1,-1,-1,-1
128,6.0,191.0,92.0,59.0,160.0,1,-1,-1,-1
128,7.0,408.0,115.0,70.0,154.0,1,-1,-1,-1
129,0.0,484.0,112.0,60.0,146.0,1,-1,-1,-1
129,2.0,393.9375,111.0,62.1875,143.25,1,-1,-1,-1
129,5.0,289.0,92.0,60.0,169.0,1,-1,-1,-1
129,6.0,191.0,91.0,59.0,161.0,1,-1,-1,-1
129,7.0,403.0,115.0,71.0,154.0,1,-1,-1,-1
130,0.0,481.0,112.0,62.0,147.0,1,-1,-1,-1
130,2.0,394.875,111.0,61.375,143.5,1,-1,-1,-1
130,5.0,284.0,93.0,66.0,168.0,1,-1,-1,-1
130,6.0,191.0,91.0,59.0,161.0,1,-1,-1,-1
130,7.0,402.0,115.0,70.0,154.0,1,-1,-1,-1
131,0.0,477.0,113.0,65.0,147.0,1,-1,-1,-1
131,2.0,395.8125,111.0,60.5625,143.75,1,-1,-1,-1
131,5.0,280.0,93.0,69.0,168.0,1,-1,-1,-1
131,6.0,191.0,92.0,59.0,160.0,1,-1,-1,-1
131,7.0,401.0,114.0,68.0,155.0,1,-1,-1,-1
132,0.0,471.0,115.0,66.0,146.0,1,-1,-1,-1
132,2.0,396.75,111.0,59.75,144.0,1,-1,-1,-1
132,5.0,279.0,93.0,69.0,168.0,1,-1,-1,-1
132,6.0,191.0,92.0,58.0,159.0,1,-1,-1,-1
132,7.0,401.0,114.0,65.0,155.0,1,-1,-1,-1
133,0.0,470.0,115.0,66.0,144.0,1,-1,-1,-1
133,2.0,397.6875,111.0,58.9375,144.25,1,-1,-1,-1
133,5.0,277.0,94.0,70.0,167.0,1,-1,-1,-1
133,6.0,190.0,91.0,59.0,160.0,1,-1,-1,-1
133,7.0,399.0,113.0,61.0,155.0,1,-1,-1,-1
134,0.0,470.0,114.0,65.0,145.0,1,-1,-1,-1
134,2.0,398.625,111.0,58.125,144.5,1,-1,-1,-1
134,5.0,276.0,94.0,70.0,167.0,1,-1,-1,-1
134,6.0,190.0,92.0,58.0,159.0,1,-1,-1,-1
134,7.0,398.0,112.0,59.0,155.0,1,-1,-1,-1
135,0.0,470.0,114.0,63.0,143.0,1,-1,-1,-1
135,2.0,399.5625,111.0,57.3125,144.75,1,-1,-1,-1
135,5.0,275.0,95.0,70.0,166.0,1,-1,-1,-1
135,6.0,190.0,91.0,58.0,160.0,1,-1,-1,-1
135,7.0,398.0,112.0,57.0,154.0,1,-1,-1,-1
136,0.0,469.0,113.0,63.0,144.0,1,-1,-1,-1
136,2.0,400.5,111.0,56.5,145.0,1,-1,-1,-1
136,5.0,274.0,95.0,69.0,166.0,1,-1,-1,-1
136,6.0,190.0,92.0,57.0,159.0,1,-1,-1,-1
136,7.0,396.0,110.0,57.0,154.0,1,-1,-1,-1
137,0.0,468.0,113.0,62.0,143.0,1,-1,-1,-1
137,2.0,401.4375,111.0,55.6875,145.25,1,-1,-1,-1
137,5.0,273.0,95.0,69.0,166.0,1,-1,-1,-1
137,6.0,189.0,92.0,57.0,159.0,1,-1,-1,-1
137,7.0,395.0,110.0,57.0,155.0,1,-1,-1,-1
138,0.0,467.0,113.0,60.0,143.0,1,-1,-1,-1
138,2.0,402.375,111.0,54.875,145.5,1,-1,-1,-1
138,5.0,271.0,96.0,69.0,165.0,1,-1,-1,-1
138,6.0,189.0,92.0,57.0,159.0,1,-1,-1,-1
138,7.0,392.0,110.0,60.0,155.0,1,-1,-1,-1
139,0.0,467.0,112.0,58.0,143.0,1,-1,-1,-1
139,2.0,403.3125,111.0,54.0625,145.75,1,-1,-1,-1
139,5.0,271.0,96.0,69.0,165.0,1,-1,-1,-1
139,6.0,189.0,91.0,57.0,160.0,1,-1,-1,-1
139,7.0,389.0,110.0,61.0,155.0,1,-1,-1,-1
139,8.0,1.0,117.0,60.0,178.0,1,-1,-1,-1
140,0.0,465.0,112.0,57.0,144.0,1,-1,-1,-1
140,2.0,404.25,111.0,53.25,146.0,1,-1,-1,-1
140,5.0,270.0,97.0,70.0,164.0,1,-1,-1,-1
140,6.0,188.0,92.0,58.0,159.0,1,-1,-1,-1
140,7.0,384.0,111.0,64.0,154.0,1,-1,-1,-1
140,8.0,1.0,115.0,57.0,181.0,1,-1,-1,-1
141,0.0,464.0,113.0,55.0,144.0,1,-1,-1,-1
141,2.0,405.1875,111.0,52.4375,146.25,1,-1,-1,-1
141,5.0,270.0,98.0,69.0,162.0,1,-1,-1,-1
141,6.0,188.0,92.0,57.0,159.0,1,-1,-1,-1
141,7.0,375.0,112.0,69.0,153.0,1,-1,-1,-1
141,8.0,1.0,113.0,60.0,184.0,1,-1,-1,-1
142,0.0,462.0,113.0,56.0,145.0,1,-1,-1,-1
142,2.0,406.125,111.0,51.625,146.5,1,-1,-1,-1
142,5.0,269.0,98.0,70.0,162.0,1,-1,-1,-1
142,6.0,187.0,92.0,57.0,159.0,1,-1,-1,-1
142,7.0,372.0,114.0,69.0,150.0,1,-1,-1,-1
142,8.0,3.0,114.0,60.0,182.0,1,-1,-1,-1
143,0.0,462.0,114.0,56.0,145.0,1,-1,-1,-1
143,2.0,407.0625,111.0,50.8125,146.75,1,-1,-1,-1
143,5.0,268.0,98.0,69.0,161.0,1,-1,-1,-1
143,6.0,187.0,92.0,56.0,159.0,1,-1,-1,-1
143,7.0,369.0,116.0,69.0,147.0,1,-1,-1,-1
143,8.0,7.0,115.0,59.0,181.0,1,-1,-1,-1
144,0.0,460.0,115.0,55.0,144.0,1,-1,-1,-1
144,2.0,408.0,111.0,50.0,147.0,1,-1,-1,-1
144,5.0,267.0,96.0,68.0,163.0,1,-1,-1,-1
144,6.0,186.0,92.0,57.0,160.0,1,-1,-1,-1
144,7.0,368.0,117.0,67.0,144.0,1,-1,-1,-1
144,8.0,12.0,115.0,60.0,181.0,1,-1,-1,-1
145,0.0,458.0,115.0,56.0,145.0,1,-1,-1,-1
145,2.0,407.0,111.0,52.0,148.0,1,-1,-1,-1
145,5.0,266.0,96.0,65.0,162.0,1,-1,-1,-1
145,6.0,185.0,92.0,57.0,160.0,1,-1,-1,-1
145,7.0,367.0,117.0,65.0,143.0,1,-1,-1,-1
145,8.0,16.0,116.0,74.0,178.0,1,-1,-1,-1
146,0.0,457.0,117.0,57.0,144.0,1,-1,-1,-1
146,2.0,407.0,111.0,52.0,149.0,1,-1,-1,-1
146,5.0,265.0,95.0,64.0,163.0,1,-1,-1,-1
146,6.0,184.0,92.0,58.0,159.0,1,-1,-1,-1
146,7.0,366.0,117.0,65.0,144.0,1,-1,-1,-1
146,8.0,17.0,117.0,79.0,176.0,1,-1,-1,-1
147,0.0,457.0,117.0,57.0,144.0,1,-1,-1,-1
147,2.0,406.0,111.0,53.0,149.0,1,-1,-1,-1
147,5.0,263.0,94.0,65.0,164.0,1,-1,-1,-1
147,6.0,183.0,92.0,59.0,160.0,1,-1,-1,-1
147,7.0,365.0,116.0,63.0,145.0,1,-1,-1,-1
147,8.0,18.0,119.0,83.0,172.0,1,-1,-1,-1
148,0.0,456.0,117.0,57.0,144.0,1,-1,-1,-1
148,2.0,406.0,111.0,53.0,150.0,1,-1,-1,-1
148,5.0,263.0,94.0,63.0,164.0,1,-1,-1,-1
148,6.0,182.0,92.0,59.0,160.0,1,-1,-1,-1
148,7.0,362.0,115.0,62.0,146.0,1,-1,-1,-1
148,8.0,19.0,119.0,86.0,173.0,1,-1,-1,-1
149,0.0,455.0,116.0,58.0,146.0,1,-1,-1,-1
149,2.0,406.0,112.0,54.0,149.0,1,-1,-1,-1
149,5.0,261.0,94.0,63.0,165.0,1,-1,-1,-1
149,6.0,182.0,91.0,59.0,161.0,1,-1,-1,-1
149,7.0,361.0,114.0,60.0,147.0,1,-1,-1,-1
149,8.0,21.0,120.0,87.0,172.0,1,-1,-1,-1
150,0.0,453.0,114.0,58.0,148.0,1,-1,-1,-1
150,2.0,406.0,112.0,54.0,150.0,1,-1,-1,-1
150,5.0,261.0,95.0,61.0,163.0,1,-1,-1,-1
150,6.0,181.0,91.0,60.0,161.0,1,-1,-1,-1
150,7.0,360.0,113.0,59.0,148.0,1,-1,-1,-1
150,8.0,25.0,121.0,88.0,171.0,1,-1,-1,-1
151,0.0,452.0,114.0,59.0,148.0,1,-1,-1,-1
151,2.0,406.0,112.0,54.0,150.0,1,-1,-1,-1
151,5.0,261.0,95.0,60.0,163.0,1,-1,-1,-1
151,6.0,182.0,91.0,58.0,160.0,1,-1,-1,-1
151,7.0,358.0,112.0,58.0,148.0,1,-1,-1,-1
151,8.0,28.0,121.0,86.0,170.0,1,-1,-1,-1
152,0.0,452.0,113.0,58.0,149.0,1,-1,-1,-1
152,2.0,406.0,112.0,54.0,150.0,1,-1,-1,-1
152,5.0,259.0,94.0,60.0,163.0,1,-1,-1,-1
152,6.0,181.0,91.0,59.0,160.0,1,-1,-1,-1
152,7.0,357.0,111.0,56.0,149.0,1,-1,-1,-1
152,8.0,33.0,120.0,81.0,171.0,1,-1,-1,-1
153,0.0,451.0,112.0,57.0,150.0,1,-1,-1,-1
153,2.0,407.0,112.0,53.0,150.0,1,-1,-1,-1
153,5.0,258.0,94.0,60.0,163.0,1,-1,-1,-1
153,6.0,181.0,91.0,59.0,160.0,1,-1,-1,-1
153,7.0,355.0,111.0,53.0,148.0,1,-1,-1,-1
153,8.0,41.0,117.0,76.0,172.0,1,-1,-1,-1
154,0.0,449.0,112.0,57.0,150.0,1,-1,-1,-1
154,2.0,407.0,112.0,53.0,149.0,1,-1,-1,-1
154,5.0,258.0,95.0,59.0,161.0,1,-1,-1,-1
154,6.0,181.0,91.0,59.0,160.0,1,-1,-1,-1
154,7.0,354.0,111.0,52.0,148.0,1,-1,-1,-1
154,8.0,52.0,116.0,68.0,172.0,1,-1,-1,-1
155,0.0,447.0,111.0,57.0,151.0,1,-1,-1,-1
155,2.0,407.0,112.0,53.0,149.0,1,-1,-1,-1
155,5.0,258.0,95.0,58.0,161.0,1,-1,-1,-1
155,6.0,181.0,91.0,59.0,160.0,1,-1,-1,-1
155,7.0,353.0,111.0,51.0,148.0,1,-1,-1,-1
155,8.0,61.0,114.0,63.0,174.0,1,-1,-1,-1
156,0.0,445.0,112.0,58.0,151.0,1,-1,-1,-1
156,2.0,408.0,111.0,52.0,151.0,1,-1,-1,-1
156,5.0,257.0,95.0,57.0,161.0,1,-1,-1,-1
156,6.0,181.0,91.0,59.0,160.0,1,-1,-1,-1
156,7.0,350.0,111.0,51.0,148.0,1,-1,-1,-1
156,8.0,66.0,113.0,62.0,176.0,1,-1,-1,-1
157,0.0,442.0,111.0,59.0,153.0,1,-1,-1,-1
157,2.0,409.0,111.0,51.0,151.0,1,-1,-1,-1
157,5.0,257.0,94.0,57.0,163.0,1,-1,-1,-1
157,6.0,181.0,91.0,59.0,160.0,1,-1,-1,-1
157,7.0,349.0,112.0,49.0,147.0,1,-1,-1,-1
157,8.0,73.0,113.0,59.0,174.0,1,-1,-1,-1
158,0.0,442.0,112.0,58.0,152.0,1,-1,-1,-1
158,2.0,408.0,112.0,52.0,151.0,1,-1,-1,-1
158,5.0,256.0,94.0,57.0,163.0,1,-1,-1,-1
158,6.0,181.0,91.0,59.0,160.0,1,-1,-1,-1
158,7.0,348.0,112.0,49.0,147.0,1,-1,-1,-1
158,8.0,77.0,112.0,62.0,176.0,1,-1,-1,-1
159,0.0,440.0,112.0,59.0,153.0,1,-1,-1,-1
159,2.0,408.0,112.0,51.0,151.0,1,-1,-1,-1
159,5.0,256.0,94.0,56.0,163.0,1,-1,-1,-1
159,6.0,181.0,91.0,60.0,160.0,1,-1,-1,-1
159,7.0,346.0,112.0,49.0,147.0,1,-1,-1,-1
159,8.0,81.0,111.0,65.0,177.0,1,-1,-1,-1
160,0.0,439.0,113.0,60.0,152.0,1,-1,-1,-1
160,2.0,406.0,113.0,52.0,150.0,1,-1,-1,-1
160,5.0,256.0,93.0,55.0,164.0,1,-1,-1,-1
160,6.0,182.0,91.0,59.0,160.0,1,-1,-1,-1
160,7.0,344.0,113.0,48.0,147.0,1,-1,-1,-1
160,8.0,83.0,111.0,65.0,177.0,1,-1,-1,-1
161,0.0,439.0,113.0,59.0,152.0,1,-1,-1,-1
161,2.0,403.0,114.0,54.0,149.0,1,-1,-1,-1
161,5.0,256.0,93.0,55.0,164.0,1,-1,-1,-1
161,6.0,182.0,91.0,59.0,160.0,1,-1,-1,-1
161,7.0,341.0,114.0,49.0,146.0,1,-1,-1,-1
161,8.0,84.0,111.0,74.0,176.0,1,-1,-1,-1
162,0.0,438.0,113.0,59.0,152.0,1,-1,-1,-1
162,2.0,399.0,115.0,56.0,147.0,1,-1,-1,-1
162,5.0,255.0,92.0,55.0,165.0,1,-1,-1,-1
162,6.0,182.0,91.0,59.0,160.0,1,-1,-1,-1
162,7.0,340.0,114.0,49.0,145.0,1,-1,-1,-1
162,8.0,86.0,113.0,82.0,172.0,1,-1,-1,-1
163,0.0,437.0,112.0,60.0,153.0,1,-1,-1,-1
163,2.0,398.0,114.0,56.0,148.0,1,-1,-1,-1
163,5.0,255.0,92.0,54.0,164.0,1,-1,-1,-1
163,6.0,182.0,91.0,59.0,161.0,1,-1,-1,-1
163,7.0,338.0,114.0,51.0,145.0,1,-1,-1,-1
163,8.0,85.0,111.0,89.0,175.0,1,-1,-1,-1
164,0.0,436.0,112.0,60.0,153.0,1,-1,-1,-1
164,2.0,396.0,114.0,56.0,148.0,1,-1,-1,-1
164,5.0,255.0,92.0,54.0,163.0,1,-1,-1,-1
164,6.0,183.0,92.0,58.0,159.0,1,-1,-1,-1
164,7.0,337.0,114.0,51.0,144.0,1,-1,-1,-1
164,8.0,84.0,109.0,93.0,177.0,1,-1,-1,-1
165,0.0,434.0,112.0,62.0,153.0,1,-1,-1,-1
165,2.0,394.0,114.0,57.0,148.0,1,-1,-1,-1
165,5.0,255.0,91.0,53.0,164.0,1,-1,-1,-1
165,6.0,183.0,91.0,58.0,160.0,1,-1,-1,-1
165,7.0,336.0,113.0,51.0,145.0,1,-1,-1,-1
165,8.0,84.0,107.0,94.0,178.0,1,-1,-1,-1
166,0.0,434.0,112.0,61.0,153.0,1,-1,-1,-1
166,2.0,393.0,113.0,57.0,149.0,1,-1,-1,-1
166,5.0,255.0,90.0,53.0,164.0,1,-1,-1,-1
166,6.0,183.0,91.0,58.0,160.0,1,-1,-1,-1
166,7.0,335.0,113.0,51.0,145.0,1,-1,-1,-1
166,8.0,86.0,99.0,94.0,185.0,1,-1,-1,-1
167,0.0,433.0,112.0,61.0,153.0,1,-1,-1,-1
167,2.0,392.0,112.0,56.0,150.0,1,-1,-1,-1
167,5.0,255.0,90.0,53.0,163.0,1,-1,-1,-1
167,6.0,182.0,91.0,59.0,161.0,1,-1,-1,-1
167,7.0,333.0,112.0,52.0,145.0,1,-1,-1,-1
167,8.0,88.0,100.0,94.0,183.0,1,-1,-1,-1
168,0.0,432.0,111.0,62.0,154.0,1,-1,-1,-1
168,2.0,391.0,111.0,55.0,151.0,1,-1,-1,-1
168,5.0,255.0,89.0,52.0,164.0,1,-1,-1,-1
168,6.0,182.0,91.0,59.0,160.0,1,-1,-1,-1
168,7.0,332.0,111.0,52.0,145.0,1,-1,-1,-1
168,8.0,97.0,101.0,86.0,182.0,1,-1,-1,-1
169,0.0,432.0,111.0,61.0,155.0,1,-1,-1,-1
169,2.0,390.0,111.0,54.0,151.0,1,-1,-1,-1
169,5.0,254.0,88.0,53.0,164.0,1,-1,-1,-1
169,6.0,182.0,91.0,60.0,160.0,1,-1,-1,-1
169,7.0,332.0,111.0,51.0,143.0,1,-1,-1,-1
169,8.0,102.0,84.0,85.0,199.0,1,-1,-1,-1
170,0.0,430.0,111.0,61.0,155.0,1,-1,-1,-1
170,2.0,387.0,111.0,53.0,151.0,1,-1,-1,-1
170,5.0,254.0,88.0,52.0,164.0,1,-1,-1,-1
170,6.0,183.0,91.0,59.0,160.0,1,-1,-1,-1
170,7.0,331.0,112.0,50.0,142.0,1,-1,-1,-1
170,8.0,110.0,86.0,79.0,197.0,1,-1,-1,-1
171,0.0,428.0,111.0,62.0,156.0,1,-1,-1,-1
171,2.0,384.0,110.0,53.0,152.0,1,-1,-1,-1
171,5.0,254.0,88.0,52.0,164.0,1,-1,-1,-1
171,6.0,183.0,91.0,60.0,160.0,1,-1,-1,-1
171,7.0,330.0,112.0,49.0,142.0,1,-1,-1,-1
171,8.0,121.0,85.0,69.0,200.0,1,-1,-1,-1
172,0.0,426.0,111.0,62.0,156.0,1,-1,-1,-1
172,2.0,383.0,110.0,53.0,152.0,1,-1,-1,-1
172,5.0,254.0,88.0,52.0,164.0,1,-1,-1,-1
172,6.0,184.0,91.0,59.0,159.0,1,-1,-1,-1
172,7.0,329.0,112.0,50.0,142.0,1,-1,-1,-1
172,8.0,126.0,88.0,66.0,198.0,1,-1,-1,-1
173,0.0,425.0,112.0,62.0,155.0,1,-1,-1,-1
173,2.0,380.0,110.0,54.0,153.0,1,-1,-1,-1
173,5.0,253.0,88.0,53.0,164.0,1,-1,-1,-1
173,6.0,184.0,91.0,59.0,160.0,1,-1,-1,-1
173,7.0,328.0,111.0,50.0,143.0,1,-1,-1,-1
173,8.0,125.0,87.0,70.0,197.0,1,-1,-1,-1
174,0.0,425.0,112.0,61.0,155.0,1,-1,-1,-1
174,2.0,379.0,111.0,54.0,152.0,1,-1,-1,-1
174,5.0,252.0,88.0,54.0,164.0,1,-1,-1,-1
174,6.0,185.0,92.0,58.0,159.0,1,-1,-1,-1
174,7.0,327.0,111.0,50.0,143.0,1,-1,-1,-1
174,8.0,124.0,84.0,75.0,200.0,1,-1,-1,-1
175,0.0,424.0,112.0,61.0,156.0,1,-1,-1,-1
175,2.0,378.0,111.0,54.0,153.0,1,-1,-1,-1
175,5.0,252.0,87.0,54.0,165.0,1,-1,-1,-1
175,6.0,185.0,92.0,58.0,159.0,1,-1,-1,-1
175,7.0,326.0,110.0,51.0,143.0,1,-1,-1,-1
175,8.0,132.0,88.0,67.0,196.0,1,-1,-1,-1
176,0.0,424.0,112.0,59.0,156.0,1,-1,-1,-1
176,2.0,377.0,111.0,54.0,154.0,1,-1,-1,-1
176,5.0,251.0,88.0,55.0,164.0,1,-1,-1,-1
176,6.0,186.0,92.0,57.0,161.0,1,-1,-1,-1
176,7.0,325.0,110.0,51.0,143.0,1,-1,-1,-1
176,8.0,141.0,91.0,61.0,192.0,1,-1,-1,-1
177,0.0,422.0,112.0,60.0,156.0,1,-1,-1,-1
177,2.0,376.0,112.0,53.0,153.0,1,-1,-1,-1
177,5.0,251.0,88.0,55.0,165.0,1,-1,-1,-1
177,6.0,186.0,92.0,57.0,160.0,1,-1,-1,-1
177,7.0,323.0,109.0,51.0,143.0,1,-1,-1,-1
177,8.0,143.0,91.0,67.0,192.0,1,-1,-1,-1
178,0.0,421.0,111.0,60.0,157.0,1,-1,-1,-1
178,2.0,374.0,112.0,54.0,154.0,1,-1,-1,-1
178,5.0,251.0,88.0,54.0,165.0,1,-1,-1,-1
178,7.0,322.0,110.0,52.0,142.0,1,-1,-1,-1
178,8.0,140.0,92.0,81.0,188.0,1,-1,-1,-1
179,0.0,420.0,110.0,61.0,158.0,1,-1,-1,-1
179,2.0,372.0,112.0,54.0,154.0,1,-1,-1,-1
179,5.0,251.0,89.0,54.0,163.0,1,-1,-1,-1
179,7.0,320.0,110.0,53.0,141.0,1,-1,-1,-1
179,8.0,143.0,96.0,82.0,183.0,1,-1,-1,-1
