16, 0, 672.498169, 211.630068, 292.388458, 458.660660, 0.204031, -1, -1, -1
17, 0, 672.561340, 211.330669, 292.698364, 459.180965, 0.204448, -1, -1, -1
18, 0, 678.551407, 203.992424, 300.373535, 472.470303, 0.233645, -1, -1, -1
24, 0, 662.867508, 205.726204, 339.181213, 482.419710, 0.237335, -1, -1, -1
25, 0, 661.474304, 205.920396, 340.335846, 481.393948, 0.227269, -1, -1, -1
29, 0, 656.800461, 186.132774, 321.636200, 503.731298, 0.217254, -1, -1, -1
30, 0, 656.866074, 185.637660, 321.637268, 504.358120, 0.217636, -1, -1, -1
31, 0, 655.899811, 184.243340, 330.380859, 508.850155, 0.228506, -1, -1, -1
52, 0, 805.802460, -4.053440, 361.414490, 699.026327, 0.203991, -1, -1, -1
70, 0, 687.750397, 34.714222, 347.989349, 649.716811, 0.203678, -1, -1, -1
72, 0, 684.176788, 43.114772, 348.589172, 641.432734, 0.231429, -1, -1, -1
73, 0, 683.529816, 42.078388, 352.719727, 642.222462, 0.225853, -1, -1, -1
74, 0, 669.071503, 39.855094, 343.971558, 651.319227, 0.201241, -1, -1, -1
75, 0, 668.476181, 39.743171, 343.890228, 651.148767, 0.200968, -1, -1, -1
162, 0, 261.167908, -0.410196, 131.970291, 283.307834, 0.201293, -1, -1, -1
163, 0, 261.292610, -0.302521, 131.920547, 283.053260, 0.200974, -1, -1, -1
191, 0, 715.597076, 131.754549, 271.814728, 571.945839, 0.209184, -1, -1, -1
192, 0, 716.472473, 131.941895, 271.019287, 571.609039, 0.210255, -1, -1, -1
193, 0, 721.933136, 130.573797, 267.415619, 576.179180, 0.226935, -1, -1, -1
194, 0, 720.325470, 132.672787, 268.532715, 572.536783, 0.223387, -1, -1, -1
195, 0, 721.532593, 139.978416, 264.918365, 566.239128, 0.319888, -1, -1, -1
196, 0, 721.535263, 139.852116, 265.320892, 566.530094, 0.320024, -1, -1, -1
197, 0, 721.609344, 139.557202, 265.169830, 567.050142, 0.323367, -1, -1, -1
198, 0, 721.239777, 139.444056, 266.144562, 567.230644, 0.323156, -1, -1, -1
199, 0, 717.015381, 159.289162, 267.002716, 540.214405, 0.264321, -1, -1, -1
200, 0, 717.186127, 159.181252, 266.626892, 540.231314, 0.266352, -1, -1, -1
201, 0, 723.682861, 166.366911, 257.490540, 531.933975, 0.326880, -1, -1, -1
202, 0, 727.988510, 173.546176, 261.169586, 519.715204, 0.255424, -1, -1, -1
203, 0, 727.398224, 173.333852, 260.889282, 520.039558, 0.249334, -1, -1, -1
204, 0, 725.947342, 171.666698, 257.866974, 522.059155, 0.276687, -1, -1, -1
205, 0, 725.379028, 171.844325, 258.831177, 522.009888, 0.273732, -1, -1, -1
206, 0, 720.430450, 176.155751, 263.837280, 516.922531, 0.298719, -1, -1, -1
207, 0, 718.972931, 171.821258, 266.601257, 517.340527, 0.299698, -1, -1, -1
208, 0, 718.787994, 171.760769, 267.159882, 517.925549, 0.307216, -1, -1, -1
209, 0, 707.223434, 164.112804, 281.650085, 530.917912, 0.241786, -1, -1, -1
210, 0, 713.185272, 166.414483, 277.629242, 523.818684, 0.249709, -1, -1, -1
211, 0, 713.275146, 166.500378, 277.434540, 523.784008, 0.248271, -1, -1, -1
212, 0, 711.736984, 172.140484, 282.469025, 516.139154, 0.238723, -1, -1, -1
213, 0, 712.299042, 172.661026, 281.283569, 514.903793, 0.235708, -1, -1, -1
214, 0, 721.649475, 177.278523, 259.079742, 506.607399, 0.269540, -1, -1, -1
215, 0, 715.209885, 178.044863, 266.728210, 504.802294, 0.272328, -1, -1, -1
216, 0, 713.194275, 176.737533, 268.626709, 506.763182, 0.265010, -1, -1, -1
217, 0, 709.095306, 182.210569, 269.794922, 497.958069, 0.254567, -1, -1, -1
218, 0, 701.761169, 180.789042, 282.161560, 500.797176, 0.273360, -1, -1, -1
219, 0, 702.108688, 180.638645, 281.880951, 500.799923, 0.272414, -1, -1, -1
220, 0, 701.364517, 177.133985, 278.072510, 507.079639, 0.287781, -1, -1, -1
221, 0, 701.467590, 177.110145, 278.054657, 506.941366, 0.286341, -1, -1, -1
222, 0, 695.476837, 175.364971, 278.064270, 514.137497, 0.249995, -1, -1, -1
223, 0, 695.960007, 175.396063, 277.641449, 513.760014, 0.250925, -1, -1, -1
224, 0, 690.721054, 180.482690, 278.243256, 504.737749, 0.216726, -1, -1, -1
225, 0, 690.887833, 180.253308, 278.632507, 505.105190, 0.217094, -1, -1, -1
226, 0, 691.068497, 180.258007, 278.318939, 505.125275, 0.217590, -1, -1, -1
227, 0, 690.625076, 180.145183, 279.040985, 505.292130, 0.215932, -1, -1, -1
228, 0, 690.542755, 181.267676, 279.475098, 503.610020, 0.208039, -1, -1, -1
229, 0, 697.407990, 193.076627, 266.699524, 482.647762, 0.269024, -1, -1, -1
230, 0, 700.588684, 192.342775, 265.145111, 482.680035, 0.277916, -1, -1, -1
231, 0, 700.710220, 192.245035, 263.011475, 480.989084, 0.277213, -1, -1, -1
232, 0, 697.553101, 192.631810, 264.961243, 478.789415, 0.256393, -1, -1, -1
233, 0, 697.667770, 192.788815, 264.196320, 478.657408, 0.256855, -1, -1, -1
234, 0, 702.701416, 190.654614, 253.362579, 477.294159, 0.261861, -1, -1, -1
235, 0, 701.066208, 191.583517, 251.308289, 477.814980, 0.272548, -1, -1, -1
236, 0, 700.750885, 191.535473, 251.124268, 477.744684, 0.273507, -1, -1, -1
237, 0, 696.477661, 196.820884, 256.649475, 471.435871, 0.237559, -1, -1, -1
238, 0, 696.095581, 196.601951, 257.278595, 471.952143, 0.237654, -1, -1, -1
239, 0, 706.935654, 200.387299, 251.273651, 468.754005, 0.279808, -1, -1, -1
240, 0, 704.339066, 205.339622, 257.785950, 467.757854, 0.262117, -1, -1, -1
241, 0, 704.062119, 205.149615, 258.470917, 468.108473, 0.262605, -1, -1, -1
242, 0, 702.919769, 202.391467, 262.673035, 472.288084, 0.240681, -1, -1, -1
244, 0, 696.006012, 194.773607, 282.280273, 486.779051, 0.201049, -1, -1, -1
287, 0, 609.671516, 232.651892, 338.887901, 455.440292, 0.244581, -1, -1, -1
288, 0, 611.090469, 233.225799, 336.153412, 454.173861, 0.245813, -1, -1, -1
289, 0, 641.056976, 241.206980, 302.827454, 441.099787, 0.288924, -1, -1, -1
290, 0, 649.357529, 247.002139, 296.883850, 430.425110, 0.253473, -1, -1, -1
291, 0, 649.144287, 246.892748, 296.800537, 430.392408, 0.252538, -1, -1, -1
292, 0, 636.984291, 251.667252, 311.845894, 425.764418, 0.214968, -1, -1, -1
293, 0, 636.804619, 251.553547, 311.657143, 425.980453, 0.213755, -1, -1, -1
298, 0, 636.364670, 257.489984, 319.705811, 413.357849, 0.207649, -1, -1, -1
299, 0, 636.391945, 257.393296, 319.265556, 413.410206, 0.208226, -1, -1, -1
300, 0, 632.154617, 262.867835, 320.571594, 408.269634, 0.221942, -1, -1, -1
301, 0, 641.117172, 269.956141, 298.105316, 399.692316, 0.253901, -1, -1, -1
302, 0, 641.482925, 267.690017, 300.823975, 403.113527, 0.252966, -1, -1, -1
303, 0, 641.554794, 267.558911, 300.657043, 403.412476, 0.253726, -1, -1, -1
304, 0, 641.944885, 267.239900, 300.348358, 403.697433, 0.253518, -1, -1, -1
305, 0, 631.245117, 273.167045, 313.560638, 393.390112, 0.220716, -1, -1, -1
306, 0, 630.606918, 273.074369, 314.362183, 393.838577, 0.219332, -1, -1, -1
307, 0, 624.066849, 275.147524, 324.347839, 395.654154, 0.206226, -1, -1, -1
334, 0, 628.591232, 256.178963, 315.684509, 415.786772, 0.272216, -1, -1, -1
335, 0, 629.229584, 256.434267, 314.422302, 415.382938, 0.274393, -1, -1, -1
336, 0, 640.864258, 260.333769, 289.979706, 407.232285, 0.310122, -1, -1, -1
337, 0, 640.018921, 259.560499, 291.422577, 409.058590, 0.314684, -1, -1, -1
338, 0, 641.524124, 258.983331, 287.359009, 402.832432, 0.288698, -1, -1, -1
339, 0, 636.370316, 256.595993, 296.084137, 405.660982, 0.290180, -1, -1, -1
340, 0, 637.159500, 256.946182, 294.747925, 405.216980, 0.292965, -1, -1, -1
341, 0, 627.535934, 257.005556, 312.490845, 406.952305, 0.243727, -1, -1, -1
342, 0, 627.565079, 256.559300, 313.291779, 407.527800, 0.240988, -1, -1, -1
343, 0, 629.581184, 258.924236, 310.811119, 407.101908, 0.256562, -1, -1, -1
344, 0, 635.630798, 261.268079, 305.657654, 402.711067, 0.265545, -1, -1, -1
345, 0, 635.700035, 260.824227, 306.181221, 403.349562, 0.263617, -1, -1, -1
346, 0, 626.034317, 260.091577, 323.994446, 404.818211, 0.225231, -1, -1, -1
347, 0, 625.159149, 263.454916, 324.002380, 399.363327, 0.201201, -1, -1, -1
348, 0, 625.662117, 263.866110, 323.100090, 398.665867, 0.204267, -1, -1, -1
349, 0, 630.558701, 265.593216, 306.037445, 397.371025, 0.240263, -1, -1, -1
350, 0, 629.630852, 265.382545, 304.054222, 399.331398, 0.237823, -1, -1, -1
351, 0, 618.188667, 259.975662, 326.474724, 405.396366, 0.202254, -1, -1, -1
352, 0, 614.418755, 256.105921, 337.893410, 412.184973, 0.215254, -1, -1, -1
353, 0, 614.228134, 256.333137, 337.863922, 411.633425, 0.215678, -1, -1, -1
386, 0, 604.189758, 252.306132, 335.075684, 425.210552, 0.286049, -1, -1, -1
387, 0, 603.485641, 248.083842, 340.780182, 430.035696, 0.282906, -1, -1, -1
388, 0, 602.913971, 248.128366, 341.264954, 429.898882, 0.282041, -1, -1, -1
389, 0, 601.710358, 250.739594, 343.110809, 427.831478, 0.275625, -1, -1, -1
390, 0, 601.528854, 250.670950, 343.379517, 428.019447, 0.274594, -1, -1, -1
391, 0, 604.563446, 256.195014, 340.185242, 419.329948, 0.256197, -1, -1, -1
392, 0, 609.010925, 251.741281, 336.983337, 422.388353, 0.266467, -1, -1, -1
393, 0, 608.763504, 252.112927, 337.350311, 422.272911, 0.267248, -1, -1, -1
394, 0, 611.659966, 251.492457, 336.563606, 420.659895, 0.263045, -1, -1, -1
395, 0, 614.893265, 249.482818, 333.076324, 424.789295, 0.294670, -1, -1, -1
396, 0, 615.069427, 249.627764, 332.522583, 424.307957, 0.294900, -1, -1, -1
397, 0, 606.995773, 248.755016, 344.343262, 432.972565, 0.318273, -1, -1, -1
398, 0, 604.560013, 247.964365, 348.066864, 434.663000, 0.307582, -1, -1, -1
399, 0, 607.199249, 249.691064, 343.061066, 434.282341, 0.322434, -1, -1, -1
400, 0, 601.737633, 251.582816, 349.094734, 435.777683, 0.330937, -1, -1, -1
401, 0, 601.518402, 251.314316, 349.931641, 436.207094, 0.331416, -1, -1, -1
402, 0, 607.782059, 254.337358, 341.476135, 435.083399, 0.342954, -1, -1, -1
403, 0, 607.786713, 254.705250, 341.040955, 434.289465, 0.340980, -1, -1, -1
404, 0, 606.876106, 253.440492, 340.450249, 436.971245, 0.341041, -1, -1, -1
405, 0, 600.881958, 251.411111, 344.627533, 440.355978, 0.333628, -1, -1, -1
406, 0, 600.699768, 251.384826, 345.144348, 440.633554, 0.334264, -1, -1, -1
407, 0, 600.437317, 251.627834, 345.218658, 440.507555, 0.333298, -1, -1, -1
408, 0, 601.292572, 251.948047, 343.555908, 439.863396, 0.336610, -1, -1, -1
409, 0, 600.458641, 250.915718, 343.278694, 439.004660, 0.321787, -1, -1, -1
410, 0, 605.670738, 253.177357, 333.998756, 438.302822, 0.349388, -1, -1, -1
411, 0, 605.799789, 253.302948, 333.900452, 437.864914, 0.351060, -1, -1, -1
412, 0, 601.559753, 249.563155, 329.224091, 442.938452, 0.351196, -1, -1, -1
413, 0, 597.280502, 246.866891, 333.343658, 446.373396, 0.341376, -1, -1, -1
414, 0, 597.107010, 247.307932, 333.224335, 445.862188, 0.342993, -1, -1, -1
415, 0, 594.973831, 246.585882, 337.825012, 447.624378, 0.331851, -1, -1, -1
416, 0, 595.035858, 246.614485, 337.791748, 447.554169, 0.331822, -1, -1, -1
417, 0, 598.176346, 248.814776, 334.580383, 443.368549, 0.332273, -1, -1, -1
418, 0, 604.367561, 249.620876, 324.726830, 441.008034, 0.330309, -1, -1, -1
419, 0, 603.155594, 249.243350, 325.040741, 442.244768, 0.334650, -1, -1, -1
420, 0, 603.448792, 249.445953, 324.644775, 441.999722, 0.334626, -1, -1, -1
421, 0, 607.999954, 252.805474, 315.102081, 432.626238, 0.339587, -1, -1, -1
422, 0, 615.529099, 254.426708, 307.064819, 430.021191, 0.359556, -1, -1, -1
423, 0, 609.572296, 252.977822, 316.756897, 429.186058, 0.314736, -1, -1, -1
424, 0, 609.994507, 253.188879, 315.975189, 429.089928, 0.316920, -1, -1, -1
425, 0, 610.199738, 251.539149, 319.543152, 431.535158, 0.311238, -1, -1, -1
426, 0, 612.115097, 249.917808, 315.973663, 436.997166, 0.364968, -1, -1, -1
427, 0, 611.563950, 249.574056, 316.656036, 437.193546, 0.363698, -1, -1, -1
428, 0, 610.870514, 249.511571, 321.658020, 436.017580, 0.357970, -1, -1, -1
429, 0, 610.419312, 249.335339, 322.206268, 436.305370, 0.357143, -1, -1, -1
430, 0, 607.134399, 249.732156, 327.969666, 435.039625, 0.356795, -1, -1, -1
431, 0, 605.034637, 248.509133, 335.152130, 437.812386, 0.359489, -1, -1, -1
432, 0, 605.265198, 248.704698, 334.510193, 437.342720, 0.358649, -1, -1, -1
433, 0, 605.114937, 248.265803, 335.825462, 438.141460, 0.359755, -1, -1, -1
434, 0, 606.597595, 249.275579, 332.881775, 435.915184, 0.356415, -1, -1, -1
435, 0, 602.566681, 244.622226, 346.284790, 442.751856, 0.343659, -1, -1, -1
436, 0, 600.427971, 242.056339, 352.861061, 447.384911, 0.356606, -1, -1, -1
437, 0, 600.677414, 242.092988, 352.375183, 447.228012, 0.357388, -1, -1, -1
438, 0, 606.620712, 249.058449, 345.650787, 427.959023, 0.312052, -1, -1, -1
439, 0, 599.301834, 246.818655, 354.638824, 436.500120, 0.320580, -1, -1, -1
440, 0, 599.331398, 246.571805, 354.775047, 436.639423, 0.320611, -1, -1, -1
441, 0, 598.193817, 246.055834, 358.212433, 438.744078, 0.334486, -1, -1, -1
442, 0, 597.601852, 245.704765, 358.901520, 439.462395, 0.335428, -1, -1, -1
443, 0, 588.270721, 243.080835, 378.662872, 441.633224, 0.280100, -1, -1, -1
444, 0, 585.164871, 242.646275, 380.160675, 442.202539, 0.303542, -1, -1, -1
445, 0, 585.702438, 243.008780, 378.856201, 441.388435, 0.303756, -1, -1, -1
446, 0, 578.701286, 238.061521, 397.355995, 447.191963, 0.272628, -1, -1, -1
447, 0, 578.377686, 238.022490, 398.675079, 447.487993, 0.267547, -1, -1, -1
448, 0, 588.286591, 240.975215, 378.491516, 441.279945, 0.271683, -1, -1, -1
449, 0, 592.927933, 241.145482, 370.223541, 441.330671, 0.294855, -1, -1, -1
450, 0, 592.135811, 240.922730, 372.118034, 442.335749, 0.290503, -1, -1, -1
451, 0, 592.262001, 241.540217, 373.610802, 443.362455, 0.303734, -1, -1, -1
452, 0, 593.174362, 246.235671, 368.880463, 441.701202, 0.308688, -1, -1, -1
453, 0, 592.835236, 246.317146, 369.673309, 441.936550, 0.308120, -1, -1, -1
454, 0, 595.119324, 248.529410, 361.530151, 440.108957, 0.341474, -1, -1, -1
455, 0, 595.442162, 248.658714, 360.855446, 439.830780, 0.343133, -1, -1, -1
456, 0, 595.904541, 251.827991, 359.779510, 438.705883, 0.357996, -1, -1, -1
457, 0, 587.951050, 243.754585, 378.294983, 449.088993, 0.313814, -1, -1, -1
458, 0, 588.530960, 243.609595, 379.751434, 449.240828, 0.294852, -1, -1, -1
459, 0, 588.369598, 243.656781, 379.656525, 449.012089, 0.294650, -1, -1, -1
460, 0, 588.481064, 243.695147, 379.752502, 448.908920, 0.294074, -1, -1, -1
476, 0, 595.206528, 236.292036, 392.681122, 446.807785, 0.222316, -1, -1, -1
477, 0, 595.433655, 236.626818, 391.921539, 445.814896, 0.220267, -1, -1, -1
478, 0, 595.637283, 234.483004, 385.736389, 456.292677, 0.290467, -1, -1, -1
479, 0, 595.850067, 234.375587, 385.218353, 456.164875, 0.290865, -1, -1, -1
485, 0, 598.082008, 233.118875, 381.224022, 455.865755, 0.231007, -1, -1, -1
486, 0, 598.199844, 232.975066, 381.074066, 455.990982, 0.229833, -1, -1, -1
487, 0, 598.234177, 233.005772, 380.940857, 456.065998, 0.230642, -1, -1, -1
488, 0, 598.409386, 233.212087, 380.432014, 455.717096, 0.229549, -1, -1, -1
489, 0, 598.489609, 233.239360, 380.291901, 455.561399, 0.229350, -1, -1, -1
490, 0, 598.398628, 233.199277, 380.156975, 455.750055, 0.230289, -1, -1, -1
491, 0, 596.158752, 231.862185, 385.971985, 457.041035, 0.221866, -1, -1, -1
492, 0, 593.676834, 232.486646, 386.471710, 457.827158, 0.237675, -1, -1, -1
493, 0, 596.435013, 231.337137, 379.210510, 459.396143, 0.260669, -1, -1, -1
494, 0, 590.566483, 232.034104, 386.357880, 456.866455, 0.234824, -1, -1, -1
495, 0, 602.735138, 236.505003, 367.621155, 445.508480, 0.248043, -1, -1, -1
496, 0, 602.372055, 236.264226, 367.822876, 445.992994, 0.249006, -1, -1, -1
497, 0, 596.138000, 234.093525, 376.503296, 447.601461, 0.207502, -1, -1, -1
498, 0, 599.182091, 237.283208, 372.022743, 446.883917, 0.247079, -1, -1, -1
499, 0, 599.427261, 237.000954, 373.312836, 447.230415, 0.241312, -1, -1, -1
530, 0, 580.191956, 235.708752, 398.989716, 460.407829, 0.224511, -1, -1, -1
531, 0, 581.059647, 236.447411, 397.301636, 460.190248, 0.228805, -1, -1, -1
532, 0, 578.081169, 240.231063, 396.988716, 455.537109, 0.211962, -1, -1, -1
533, 0, 577.149811, 239.997518, 398.696289, 456.090889, 0.210259, -1, -1, -1
545, 0, 573.372040, 237.521796, 418.474731, 457.298613, 0.227194, -1, -1, -1
546, 0, 573.419952, 237.562544, 418.156281, 457.135277, 0.226076, -1, -1, -1
547, 0, 588.513145, 241.021500, 391.469612, 455.450935, 0.275354, -1, -1, -1
548, 0, 589.068718, 240.761905, 390.409889, 455.249662, 0.273027, -1, -1, -1
549, 0, 595.450706, 242.651296, 377.950783, 452.172375, 0.298682, -1, -1, -1
550, 0, 594.333649, 241.300428, 377.485504, 453.132992, 0.300299, -1, -1, -1
551, 0, 597.371216, 243.082917, 371.905823, 450.058537, 0.305110, -1, -1, -1
552, 0, 605.787697, 245.717189, 358.834038, 445.272102, 0.306032, -1, -1, -1
553, 0, 609.022903, 246.131494, 356.916046, 444.248486, 0.305925, -1, -1, -1
554, 0, 605.779495, 241.901801, 361.314392, 451.057863, 0.311150, -1, -1, -1
555, 0, 610.291519, 244.619715, 352.292023, 444.935560, 0.328840, -1, -1, -1
556, 0, 610.952950, 245.111847, 351.364250, 444.089355, 0.330072, -1, -1, -1
557, 0, 617.451973, 243.779948, 341.998253, 445.510969, 0.344910, -1, -1, -1
558, 0, 617.554169, 247.215686, 337.815247, 438.553963, 0.340758, -1, -1, -1
559, 0, 617.890091, 246.947336, 337.274475, 438.577824, 0.340684, -1, -1, -1
560, 0, 624.086952, 248.954637, 326.775322, 432.218628, 0.352260, -1, -1, -1
561, 0, 626.863174, 246.987977, 322.841797, 437.116556, 0.365454, -1, -1, -1
562, 0, 627.065697, 247.115500, 322.601662, 436.623030, 0.364388, -1, -1, -1
563, 0, 627.427826, 246.924012, 319.688263, 439.216490, 0.385890, -1, -1, -1
564, 0, 627.161331, 246.732073, 320.098724, 439.443340, 0.382756, -1, -1, -1
565, 0, 620.228577, 244.884031, 333.642578, 447.424221, 0.379045, -1, -1, -1
566, 0, 618.237991, 244.874740, 333.724670, 449.612217, 0.383093, -1, -1, -1
567, 0, 618.159447, 244.853754, 333.809700, 449.777870, 0.383133, -1, -1, -1
568, 0, 629.893341, 249.940982, 318.354034, 439.592342, 0.401531, -1, -1, -1
569, 0, 629.788971, 250.159507, 318.251953, 439.121389, 0.400673, -1, -1, -1
570, 0, 631.476631, 248.387403, 312.520866, 437.773676, 0.403299, -1, -1, -1
571, 0, 631.773529, 248.235891, 311.699829, 437.919846, 0.402018, -1, -1, -1
572, 0, 611.891098, 245.679874, 339.607086, 453.629522, 0.377896, -1, -1, -1
573, 0, 616.443710, 245.343525, 332.740631, 453.561459, 0.398754, -1, -1, -1
574, 0, 616.142540, 245.808620, 335.139198, 454.497013, 0.411978, -1, -1, -1
575, 0, 615.821648, 245.637431, 335.515633, 454.930372, 0.411037, -1, -1, -1
576, 0, 615.262833, 245.259004, 337.155304, 452.252884, 0.410928, -1, -1, -1
577, 0, 614.505692, 244.984946, 338.244019, 452.587452, 0.408376, -1, -1, -1
578, 0, 611.976318, 243.422227, 339.409637, 452.649765, 0.392481, -1, -1, -1
579, 0, 614.441757, 242.524674, 336.725311, 452.157869, 0.390280, -1, -1, -1
580, 0, 614.491425, 242.501993, 337.138519, 452.367125, 0.395913, -1, -1, -1
581, 0, 609.497795, 241.295686, 345.864906, 454.085026, 0.389504, -1, -1, -1
582, 0, 609.763870, 239.428010, 347.440033, 457.303333, 0.381075, -1, -1, -1
583, 0, 610.212097, 239.291325, 346.905212, 457.502203, 0.380038, -1, -1, -1
584, 0, 601.405334, 236.982372, 361.206970, 461.635723, 0.343351, -1, -1, -1
585, 0, 600.779877, 236.605060, 362.366333, 462.223663, 0.342477, -1, -1, -1
586, 0, 607.262650, 237.695882, 355.403595, 458.002253, 0.326521, -1, -1, -1
587, 0, 598.913422, 244.541824, 358.847656, 448.477793, 0.289130, -1, -1, -1
588, 0, 599.102859, 245.058331, 357.846832, 448.076878, 0.291197, -1, -1, -1
589, 0, 592.278290, 243.165851, 361.758575, 451.606836, 0.313164, -1, -1, -1
590, 0, 591.318893, 242.763884, 364.050140, 451.834545, 0.300364, -1, -1, -1
591, 0, 583.497391, 247.131829, 377.294464, 439.508228, 0.233554, -1, -1, -1
592, 0, 583.453903, 247.351105, 377.216797, 439.154005, 0.231548, -1, -1, -1
593, 0, 584.251633, 247.404814, 375.997467, 438.773174, 0.231797, -1, -1, -1
594, 0, 568.921585, 243.338048, 395.663910, 451.578169, 0.227994, -1, -1, -1
595, 0, 568.685150, 243.201063, 396.405640, 452.207136, 0.228393, -1, -1, -1
596, 0, 568.625259, 242.955136, 396.459808, 452.558098, 0.230396, -1, -1, -1
597, 0, 570.972214, 245.448325, 399.734039, 457.134590, 0.277015, -1, -1, -1
598, 0, 568.437195, 246.509814, 393.993378, 449.224348, 0.243310, -1, -1, -1
599, 0, 568.072510, 246.438124, 394.493103, 449.303570, 0.243609, -1, -1, -1
606, 0, 562.005692, 236.510131, 402.422638, 458.752413, 0.200313, -1, -1, -1
682, 0, 625.843506, 260.905530, 277.795258, 408.190413, 0.202981, -1, -1, -1
683, 0, 625.284042, 260.811803, 278.225861, 408.585320, 0.200726, -1, -1, -1
684, 0, 624.209709, 266.737833, 282.454185, 405.319719, 0.214348, -1, -1, -1
685, 0, 605.670013, 259.619358, 327.856750, 422.971230, 0.215386, -1, -1, -1
712, 0, 599.301262, 248.642793, 330.699501, 442.237043, 0.221399, -1, -1, -1
713, 0, 600.303688, 248.740811, 329.011192, 442.267771, 0.221009, -1, -1, -1
771, 0, 566.484222, 231.943402, 395.689545, 468.648691, 0.202300, -1, -1, -1
782, 0, 566.777954, 243.543999, 396.967468, 452.207222, 0.227931, -1, -1, -1
783, 0, 566.607895, 243.663797, 397.337952, 452.301893, 0.228943, -1, -1, -1
784, 0, 572.564392, 242.368162, 384.665222, 454.178238, 0.247918, -1, -1, -1
785, 0, 572.387619, 242.120991, 384.951782, 454.550400, 0.245785, -1, -1, -1
786, 0, 569.148636, 239.454124, 388.683319, 460.543270, 0.258996, -1, -1, -1
787, 0, 571.751328, 239.838302, 382.897491, 456.732731, 0.243469, -1, -1, -1
788, 0, 571.560745, 240.020628, 384.045105, 456.338339, 0.239336, -1, -1, -1
789, 0, 570.951080, 236.032805, 386.087189, 461.159277, 0.234901, -1, -1, -1
790, 0, 577.693329, 236.499295, 378.172302, 455.895195, 0.226807, -1, -1, -1
791, 0, 577.563972, 236.658769, 378.256645, 455.612211, 0.226626, -1, -1, -1
792, 0, 579.057617, 234.171996, 378.637238, 461.923084, 0.241469, -1, -1, -1
793, 0, 578.191986, 233.086345, 380.472107, 464.013147, 0.241240, -1, -1, -1
794, 0, 583.444595, 233.850088, 372.515869, 463.708963, 0.266206, -1, -1, -1
795, 0, 587.303848, 235.803809, 357.776947, 464.804764, 0.296311, -1, -1, -1
796, 0, 587.739639, 236.017163, 357.105713, 464.333124, 0.296570, -1, -1, -1
797, 0, 597.835884, 240.519497, 338.469963, 456.310787, 0.325896, -1, -1, -1
798, 0, 598.125076, 240.623760, 338.232117, 455.922575, 0.327849, -1, -1, -1
799, 0, 595.637131, 238.758209, 346.676941, 458.085337, 0.319970, -1, -1, -1
800, 0, 590.493851, 236.641624, 364.637604, 460.954742, 0.288861, -1, -1, -1
801, 0, 592.296486, 236.740630, 362.051201, 460.224066, 0.291410, -1, -1, -1
802, 0, 580.951843, 234.643958, 385.096436, 462.983608, 0.241298, -1, -1, -1
803, 0, 580.983582, 234.531262, 385.791168, 463.531122, 0.243007, -1, -1, -1
804, 0, 580.399895, 235.540760, 388.570747, 461.248798, 0.234841, -1, -1, -1
805, 0, 579.777832, 236.638083, 393.130798, 458.845282, 0.221508, -1, -1, -1
806, 0, 578.724518, 237.397342, 395.531921, 458.440847, 0.210059, -1, -1, -1
807, 0, 578.964462, 237.592607, 395.197601, 458.075380, 0.208579, -1, -1, -1
808, 0, 579.794121, 239.615421, 391.101265, 454.960241, 0.200082, -1, -1, -1
810, 0, 582.448044, 237.981548, 389.705963, 458.513975, 0.217622, -1, -1, -1
811, 0, 588.044357, 240.839775, 377.467804, 454.289904, 0.240217, -1, -1, -1
812, 0, 588.416367, 240.811772, 377.141418, 454.240122, 0.240023, -1, -1, -1
813, 0, 585.807800, 241.445761, 379.572754, 454.983845, 0.239316, -1, -1, -1
814, 0, 585.602798, 241.387117, 380.127106, 455.152330, 0.236114, -1, -1, -1
815, 0, 587.523041, 241.320984, 373.007507, 455.046673, 0.247149, -1, -1, -1
816, 0, 595.673866, 236.204574, 365.346642, 462.948847, 0.255140, -1, -1, -1
817, 0, 594.477997, 235.512006, 367.400208, 464.729061, 0.259234, -1, -1, -1
818, 0, 592.382965, 232.930133, 372.840729, 468.751345, 0.250466, -1, -1, -1
819, 0, 591.167603, 232.011380, 376.024170, 464.281282, 0.210025, -1, -1, -1
820, 0, 590.735931, 231.477363, 376.760406, 465.236320, 0.211375, -1, -1, -1
837, 0, 620.053024, 233.158529, 339.588623, 446.918335, 0.213223, -1, -1, -1
838, 0, 619.849358, 233.226593, 339.724922, 446.564798, 0.212011, -1, -1, -1
840, 0, 618.140182, 235.037019, 345.061798, 442.851677, 0.200590, -1, -1, -1
842, 0, 622.639923, 235.137012, 339.531250, 445.539808, 0.238169, -1, -1, -1
843, 0, 623.039932, 235.034916, 338.916016, 445.793266, 0.238426, -1, -1, -1
844, 0, 622.879562, 238.966177, 339.889069, 439.852066, 0.217041, -1, -1, -1
845, 0, 622.372932, 242.456439, 335.844841, 436.898804, 0.233191, -1, -1, -1
846, 0, 622.931824, 241.984391, 335.543365, 437.321262, 0.233204, -1, -1, -1
847, 0, 620.120888, 244.451380, 338.054924, 435.206909, 0.240271, -1, -1, -1
848, 0, 620.569077, 244.479060, 337.454071, 434.933367, 0.240571, -1, -1, -1
849, 0, 624.285126, 247.144060, 330.005188, 430.374556, 0.243956, -1, -1, -1
850, 0, 624.108582, 250.459979, 328.833923, 425.593185, 0.242541, -1, -1, -1
851, 0, 624.176178, 250.376873, 328.601379, 425.645285, 0.241699, -1, -1, -1
902, 0, 621.365700, 238.571377, 351.346397, 439.087744, 0.217390, -1, -1, -1
903, 0, 612.033310, 240.288248, 361.482086, 438.971872, 0.224444, -1, -1, -1
904, 0, 611.887054, 239.919176, 362.153168, 439.674311, 0.223310, -1, -1, -1
905, 0, 614.829063, 241.620169, 358.254280, 438.430796, 0.237370, -1, -1, -1
906, 0, 614.671288, 241.527750, 358.514137, 438.539886, 0.237206, -1, -1, -1
907, 0, 619.869576, 239.281411, 353.569450, 442.111301, 0.247636, -1, -1, -1
908, 0, 622.110023, 238.328905, 351.203880, 442.076197, 0.245753, -1, -1, -1
909, 0, 623.201294, 238.446987, 349.373627, 441.937237, 0.248886, -1, -1, -1
910, 0, 626.169243, 238.273416, 345.518227, 445.737991, 0.252718, -1, -1, -1
911, 0, 626.648102, 238.303564, 344.927216, 445.588989, 0.252258, -1, -1, -1
912, 0, 625.272446, 237.711010, 347.094574, 445.873346, 0.248040, -1, -1, -1
913, 0, 624.852028, 237.496562, 347.716637, 446.188431, 0.246800, -1, -1, -1
914, 0, 622.207489, 235.725274, 352.591553, 448.610315, 0.237224, -1, -1, -1
915, 0, 626.622963, 237.388330, 344.493828, 442.193098, 0.227608, -1, -1, -1
916, 0, 626.708527, 237.436373, 344.242096, 442.093792, 0.227383, -1, -1, -1
917, 0, 621.780701, 236.758997, 352.584839, 441.778107, 0.217463, -1, -1, -1
918, 0, 622.266769, 237.232654, 351.945953, 441.045542, 0.216332, -1, -1, -1
919, 0, 611.155853, 224.381890, 380.712891, 463.518677, 0.203706, -1, -1, -1
920, 0, 614.663696, 223.157601, 376.792297, 464.766483, 0.223741, -1, -1, -1
921, 0, 614.870300, 223.223197, 376.283569, 464.759274, 0.224275, -1, -1, -1
922, 0, 616.073761, 224.751821, 374.159546, 462.210445, 0.228789, -1, -1, -1
923, 0, 611.374588, 221.429164, 379.440002, 467.186394, 0.247214, -1, -1, -1
924, 0, 611.840439, 220.832105, 379.628448, 467.938700, 0.245471, -1, -1, -1
925, 0, 605.773506, 221.122684, 381.457634, 472.176590, 0.277041, -1, -1, -1
926, 0, 607.227325, 222.457974, 379.198151, 471.378450, 0.270494, -1, -1, -1
927, 0, 608.180847, 226.054301, 377.296448, 464.726143, 0.271516, -1, -1, -1
928, 0, 607.989807, 225.416665, 377.747498, 465.659380, 0.270978, -1, -1, -1
929, 0, 609.829330, 229.110367, 373.233032, 460.145016, 0.284690, -1, -1, -1
930, 0, 609.841118, 223.987327, 376.715126, 463.829641, 0.288690, -1, -1, -1
931, 0, 610.474930, 224.442101, 375.797577, 463.121796, 0.287899, -1, -1, -1
932, 0, 610.735817, 222.897470, 376.178093, 464.900723, 0.289014, -1, -1, -1
933, 0, 611.090393, 223.173223, 375.613403, 464.328747, 0.288325, -1, -1, -1
934, 0, 620.162277, 222.129049, 365.140076, 465.694656, 0.311955, -1, -1, -1
935, 0, 618.455696, 217.347679, 376.110497, 472.119856, 0.293148, -1, -1, -1
936, 0, 613.858261, 217.669630, 383.660889, 473.684292, 0.277101, -1, -1, -1
937, 0, 613.883705, 217.702546, 383.057671, 473.771152, 0.277689, -1, -1, -1
938, 0, 626.753922, 223.803391, 359.957581, 467.321062, 0.317919, -1, -1, -1
939, 0, 626.389046, 223.472428, 360.615501, 467.966166, 0.317667, -1, -1, -1
940, 0, 626.742020, 224.008377, 359.696808, 467.488174, 0.318451, -1, -1, -1
941, 0, 627.013092, 224.296553, 359.764709, 467.202873, 0.318380, -1, -1, -1
942, 0, 629.564896, 223.449533, 357.467346, 466.931734, 0.312887, -1, -1, -1
943, 0, 628.122444, 223.420844, 359.172478, 465.060282, 0.288918, -1, -1, -1
944, 0, 628.185730, 223.408527, 359.685059, 464.286432, 0.286147, -1, -1, -1
945, 0, 633.750763, 222.282300, 351.844940, 456.578407, 0.288681, -1, -1, -1
946, 0, 632.600822, 222.078280, 353.898659, 456.685095, 0.282954, -1, -1, -1
947, 0, 619.880791, 220.776551, 368.961220, 456.427259, 0.258950, -1, -1, -1
948, 0, 619.886398, 221.025739, 368.536377, 456.174059, 0.259279, -1, -1, -1
949, 0, 615.557175, 222.685812, 376.893005, 455.761213, 0.249257, -1, -1, -1
950, 0, 623.126526, 226.784205, 367.023773, 451.930246, 0.274621, -1, -1, -1
951, 0, 612.908707, 224.251599, 381.087799, 457.968178, 0.273495, -1, -1, -1
952, 0, 614.013824, 224.560354, 379.170380, 457.151327, 0.270726, -1, -1, -1
953, 0, 611.359329, 226.960158, 377.617035, 456.363831, 0.278884, -1, -1, -1
954, 0, 611.095238, 226.687860, 378.397255, 456.937609, 0.279183, -1, -1, -1
955, 0, 626.160698, 234.767790, 350.408974, 447.267923, 0.315945, -1, -1, -1
956, 0, 610.130081, 232.357793, 373.513641, 447.901011, 0.259860, -1, -1, -1
957, 0, 609.734116, 232.304535, 373.547821, 448.123055, 0.262161, -1, -1, -1
958, 0, 602.488327, 233.524554, 380.760193, 447.912598, 0.246130, -1, -1, -1
959, 0, 603.321533, 233.744366, 379.176483, 447.565327, 0.247380, -1, -1, -1
960, 0, 598.485489, 236.522405, 384.668732, 444.418602, 0.223443, -1, -1, -1
974, 0, 600.435791, 224.736650, 392.404633, 453.603687, 0.217251, -1, -1, -1
975, 0, 584.163208, 226.014755, 407.039795, 457.400837, 0.213795, -1, -1, -1
976, 0, 583.640289, 224.817610, 408.781128, 459.336147, 0.212899, -1, -1, -1
977, 0, 575.651245, 222.394438, 419.320068, 470.226688, 0.227469, -1, -1, -1
978, 0, 574.043198, 218.035398, 431.213531, 474.681301, 0.202030, -1, -1, -1
979, 0, 573.502045, 217.969394, 431.662140, 474.780006, 0.200081, -1, -1, -1
1346, 0, 611.210098, 239.069409, 357.729797, 435.317287, 0.206487, -1, -1, -1
1347, 0, 610.783119, 238.957314, 358.120384, 435.787039, 0.208644, -1, -1, -1
1348, 0, 612.156830, 237.813685, 356.385040, 438.485556, 0.210513, -1, -1, -1
1349, 0, 608.279495, 235.034359, 359.261627, 445.358448, 0.225070, -1, -1, -1
1350, 0, 608.812256, 235.178490, 358.431702, 445.167990, 0.225861, -1, -1, -1
1351, 0, 608.775864, 235.071437, 358.790283, 445.534143, 0.226827, -1, -1, -1
1352, 0, 609.008484, 235.091264, 358.243561, 445.146961, 0.225809, -1, -1, -1
1500, 0, 619.144058, 244.811611, 314.321289, 434.406366, 0.251208, -1, -1, -1
1501, 0, 616.835403, 243.949678, 319.786835, 435.436850, 0.250553, -1, -1, -1
1502, 0, 623.618011, 247.327223, 299.715576, 423.128471, 0.239085, -1, -1, -1
1503, 0, 620.210419, 246.904507, 305.666046, 423.509045, 0.213639, -1, -1, -1
1504, 0, 620.010300, 246.644869, 306.409760, 423.897514, 0.212258, -1, -1, -1
1505, 0, 616.551590, 245.013871, 323.672943, 436.016464, 0.217566, -1, -1, -1
1506, 0, 615.993423, 244.877465, 323.786163, 436.315498, 0.218146, -1, -1, -1
1507, 0, 615.672989, 245.170856, 324.679108, 436.048651, 0.217935, -1, -1, -1
1508, 0, 615.469666, 244.894245, 325.182495, 436.497631, 0.216837, -1, -1, -1
1509, 0, 615.903931, 242.714038, 331.293030, 446.139250, 0.267159, -1, -1, -1
1510, 0, 613.097610, 242.554178, 329.673920, 445.990248, 0.281127, -1, -1, -1
1511, 0, 613.089752, 242.562997, 329.681854, 445.686235, 0.279787, -1, -1, -1
1512, 0, 602.082672, 237.272308, 364.866638, 459.764614, 0.244582, -1, -1, -1
1513, 0, 609.213104, 240.647664, 368.942413, 447.949591, 0.210489, -1, -1, -1
1514, 0, 609.628258, 237.253382, 368.732033, 458.073664, 0.258557, -1, -1, -1
1515, 0, 609.884605, 237.406354, 368.747902, 457.863722, 0.256985, -1, -1, -1
1646, 0, 600.313797, 253.806667, 328.767395, 432.774639, 0.226525, -1, -1, -1
1647, 0, 600.478668, 253.560569, 329.045715, 432.949047, 0.224721, -1, -1, -1
1648, 0, 599.787292, 252.010510, 327.424622, 434.259682, 0.219229, -1, -1, -1
1649, 0, 605.573082, 253.970239, 315.609932, 429.355917, 0.229384, -1, -1, -1
1650, 0, 606.127968, 254.230413, 314.671516, 428.540354, 0.226701, -1, -1, -1
1651, 0, 612.408905, 257.957718, 306.531830, 420.082340, 0.201113, -1, -1, -1
1708, 0, 602.051201, 231.826844, 347.824745, 449.753237, 0.204435, -1, -1, -1
1709, 0, 603.161964, 232.459373, 346.054955, 449.149847, 0.205287, -1, -1, -1
1710, 0, 614.727020, 240.422616, 330.370026, 438.308916, 0.224261, -1, -1, -1
1711, 0, 610.603790, 238.739862, 336.138153, 438.663225, 0.204913, -1, -1, -1
1712, 0, 611.268234, 238.992698, 335.113678, 438.358698, 0.206082, -1, -1, -1
1906, 0, 628.160934, 232.616122, 304.485321, 455.364161, 0.220598, -1, -1, -1
1907, 0, 628.082581, 232.143259, 309.686584, 456.921644, 0.209203, -1, -1, -1
1908, 0, 628.508110, 232.032344, 309.068184, 457.148151, 0.211296, -1, -1, -1
1919, 0, 623.014755, 250.163112, 323.853760, 438.872738, 0.203776, -1, -1, -1
1920, 0, 624.609375, 252.794702, 307.329407, 428.754501, 0.219965, -1, -1, -1
1921, 0, 624.091568, 252.868924, 308.085175, 428.578377, 0.217074, -1, -1, -1
1922, 0, 625.973473, 251.197543, 303.525352, 431.523056, 0.247317, -1, -1, -1
1923, 0, 626.386108, 251.424630, 302.405090, 431.247711, 0.245783, -1, -1, -1
1924, 0, 640.604630, 252.658854, 286.243439, 426.016846, 0.212119, -1, -1, -1
1925, 0, 640.727386, 252.752237, 286.121826, 426.007919, 0.213804, -1, -1, -1
1926, 0, 640.584259, 252.109065, 286.295624, 426.999264, 0.219062, -1, -1, -1
1927, 0, 642.690735, 255.915484, 279.546051, 415.669098, 0.234262, -1, -1, -1
1928, 0, 633.036537, 250.163069, 295.918388, 422.182102, 0.205321, -1, -1, -1
1929, 0, 633.372650, 250.199761, 296.609650, 422.397623, 0.205581, -1, -1, -1
1937, 0, 632.577133, 239.078486, 292.860107, 438.655157, 0.213344, -1, -1, -1
1938, 0, 632.108002, 237.683072, 287.955933, 445.482473, 0.282657, -1, -1, -1
1939, 0, 632.145920, 237.506711, 287.874451, 446.108179, 0.288238, -1, -1, -1
1940, 0, 631.690674, 233.633838, 294.670715, 453.215561, 0.285258, -1, -1, -1
1941, 0, 637.118912, 234.846132, 284.790497, 449.931593, 0.336066, -1, -1, -1
1942, 0, 637.312927, 234.835467, 284.609680, 449.855375, 0.333265, -1, -1, -1
1943, 0, 653.098526, 241.738229, 259.903259, 433.192892, 0.332496, -1, -1, -1
1944, 0, 655.221481, 242.885892, 267.158051, 434.414606, 0.308491, -1, -1, -1
1945, 0, 655.420914, 242.988009, 266.871490, 434.325686, 0.310465, -1, -1, -1
1946, 0, 640.880051, 237.854090, 297.937775, 444.768190, 0.242734, -1, -1, -1
1947, 0, 641.418533, 237.930887, 297.330475, 444.379463, 0.243591, -1, -1, -1
1948, 0, 641.678391, 243.460164, 306.242676, 441.846342, 0.257786, -1, -1, -1
1949, 0, 641.423645, 243.444479, 306.766052, 442.206059, 0.257440, -1, -1, -1
1950, 0, 641.239777, 243.392036, 306.677246, 442.048044, 0.252139, -1, -1, -1
1951, 0, 634.501305, 242.954557, 319.865761, 441.652536, 0.247429, -1, -1, -1
1952, 0, 634.459915, 242.767789, 320.197906, 441.895351, 0.247658, -1, -1, -1
1953, 0, 633.422012, 242.189527, 322.247009, 442.910814, 0.246399, -1, -1, -1
1954, 0, 633.378754, 239.764252, 319.564056, 445.440159, 0.256768, -1, -1, -1
1955, 0, 632.629585, 240.991437, 313.915138, 444.612494, 0.310244, -1, -1, -1
1956, 0, 633.276482, 241.222644, 313.447075, 444.411221, 0.311653, -1, -1, -1
1957, 0, 633.576126, 239.433825, 309.240875, 447.355556, 0.302144, -1, -1, -1
1958, 0, 639.363747, 240.501688, 298.997917, 443.503389, 0.318886, -1, -1, -1
1959, 0, 639.144516, 240.624082, 299.709930, 443.020248, 0.310662, -1, -1, -1
1960, 0, 637.627525, 236.414602, 303.661385, 445.416298, 0.273160, -1, -1, -1
1961, 0, 634.481354, 239.865317, 303.007355, 438.059492, 0.254303, -1, -1, -1
1962, 0, 633.585014, 240.167849, 305.243111, 438.044386, 0.250095, -1, -1, -1
1963, 0, 630.762978, 241.853585, 307.471275, 431.926889, 0.225158, -1, -1, -1
1964, 0, 631.333961, 241.768870, 306.771660, 431.916847, 0.228481, -1, -1, -1
1971, 0, 627.552109, 246.919119, 302.472992, 434.157286, 0.207345, -1, -1, -1
1972, 0, 627.320518, 246.572106, 302.760658, 434.819813, 0.210317, -1, -1, -1
1973, 0, 625.272675, 243.931739, 304.196777, 438.124123, 0.218720, -1, -1, -1
1974, 0, 618.431511, 240.569129, 314.538918, 440.060034, 0.210322, -1, -1, -1
1975, 0, 618.956299, 241.014698, 314.384460, 439.729929, 0.211393, -1, -1, -1
1976, 0, 618.831787, 240.786688, 313.823090, 439.276485, 0.210224, -1, -1, -1
1977, 0, 618.596382, 240.683520, 314.476280, 439.499989, 0.207749, -1, -1, -1
1978, 0, 618.791885, 240.790765, 313.759460, 439.491577, 0.208612, -1, -1, -1
1979, 0, 612.805786, 237.709444, 322.188110, 439.264898, 0.201418, -1, -1, -1
1980, 0, 612.432251, 237.483773, 322.318420, 439.649506, 0.200733, -1, -1, -1
1995, 0, 631.418152, 241.722844, 313.106842, 432.034092, 0.207897, -1, -1, -1
1996, 0, 631.948090, 241.888111, 311.832428, 431.616440, 0.209451, -1, -1, -1
1997, 0, 634.928093, 242.825339, 307.089043, 426.667099, 0.206165, -1, -1, -1
1998, 0, 635.098381, 242.817850, 306.976509, 426.388664, 0.205028, -1, -1, -1
2000, 0, 643.659439, 246.645298, 292.203522, 420.340519, 0.234291, -1, -1, -1
2001, 0, 642.175293, 248.436391, 292.791290, 418.059397, 0.224784, -1, -1, -1
2002, 0, 631.502991, 248.328760, 308.016815, 421.431684, 0.219538, -1, -1, -1
2003, 0, 631.428986, 248.423817, 308.303833, 421.498547, 0.219092, -1, -1, -1
2004, 0, 631.439133, 247.746720, 309.443359, 422.999554, 0.222732, -1, -1, -1
2005, 0, 631.417160, 247.882783, 309.512787, 422.484055, 0.222477, -1, -1, -1
2006, 0, 639.200516, 256.251447, 291.129761, 410.655298, 0.218619, -1, -1, -1
2007, 0, 647.915497, 257.531354, 279.149170, 407.212372, 0.285518, -1, -1, -1
2008, 0, 645.986328, 252.049413, 280.254669, 412.984915, 0.338277, -1, -1, -1
2009, 0, 646.381302, 252.202170, 280.016937, 412.746563, 0.338323, -1, -1, -1
2010, 0, 637.284775, 242.778368, 294.538727, 428.687639, 0.323487, -1, -1, -1
2011, 0, 637.187386, 242.786264, 294.851646, 428.501644, 0.324366, -1, -1, -1
2012, 0, 635.561295, 242.825918, 296.111908, 430.583897, 0.364063, -1, -1, -1
2013, 0, 634.140892, 242.928100, 298.252449, 430.682001, 0.353191, -1, -1, -1
2014, 0, 621.879730, 240.418260, 321.574097, 438.542891, 0.267412, -1, -1, -1
2015, 0, 626.084671, 241.760180, 314.548645, 440.491676, 0.314033, -1, -1, -1
2015, 1, 401.877708, -6.038779, 156.066437, 308.894606, 0.200623, -1, -1, -1
2016, 0, 626.334190, 241.186016, 313.902473, 440.862293, 0.310940, -1, -1, -1
2017, 0, 626.232834, 239.741035, 317.214813, 440.373659, 0.274695, -1, -1, -1
2017, 1, 402.927704, -11.845150, 151.043320, 329.086425, 0.232020, -1, -1, -1
2018, 0, 625.223007, 238.417912, 315.509186, 442.498741, 0.283432, -1, -1, -1
2018, 1, 401.818237, -10.878396, 153.712311, 327.361507, 0.230522, -1, -1, -1
2019, 0, 636.014786, 238.702526, 297.170105, 443.065481, 0.342152, -1, -1, -1
2019, 1, 409.608688, -7.746799, 144.087906, 323.560002, 0.228189, -1, -1, -1
2020, 0, 636.513977, 238.979974, 295.828552, 442.091818, 0.339129, -1, -1, -1
2021, 0, 636.536636, 239.102969, 296.266327, 442.016802, 0.338615, -1, -1, -1
2022, 0, 641.446533, 242.273147, 289.421234, 439.464626, 0.369018, -1, -1, -1
2022, 1, 415.791168, 5.452373, 137.077179, 299.741256, 0.207660, -1, -1, -1
2023, 0, 644.440842, 243.744178, 288.217316, 435.442085, 0.355948, -1, -1, -1
2023, 1, 413.578835, -6.992229, 136.062241, 322.871189, 0.266165, -1, -1, -1
2024, 0, 644.312897, 243.774970, 288.378143, 435.159016, 0.352259, -1, -1, -1
2024, 1, 413.360214, -7.010715, 136.221542, 322.397404, 0.265553, -1, -1, -1
2025, 0, 638.940239, 240.389936, 292.311440, 436.811943, 0.319706, -1, -1, -1
2025, 1, 415.615005, 2.787931, 129.196472, 290.699916, 0.201687, -1, -1, -1
2026, 0, 637.803802, 240.927730, 292.532501, 436.341934, 0.326053, -1, -1, -1
2027, 0, 637.483406, 240.680065, 293.442650, 436.765938, 0.323790, -1, -1, -1
2028, 0, 628.056526, 238.785632, 307.682915, 440.817404, 0.299861, -1, -1, -1
2029, 0, 627.886314, 238.618627, 307.833214, 441.126394, 0.299655, -1, -1, -1
2030, 0, 628.149948, 236.630123, 311.259613, 443.567247, 0.293350, -1, -1, -1
2031, 0, 628.185349, 236.501141, 310.792694, 443.503561, 0.295125, -1, -1, -1
2032, 0, 622.308655, 234.870358, 319.923248, 445.225582, 0.289976, -1, -1, -1
2033, 0, 623.554916, 234.745023, 317.542572, 445.739965, 0.304719, -1, -1, -1
2034, 0, 631.539650, 240.549002, 304.049950, 436.239281, 0.298521, -1, -1, -1
2035, 0, 631.114426, 240.299642, 304.793091, 436.865416, 0.299587, -1, -1, -1
2036, 0, 622.643623, 240.069873, 312.827950, 438.724079, 0.297756, -1, -1, -1
2037, 0, 622.444916, 239.951620, 313.442535, 438.924751, 0.295834, -1, -1, -1
2038, 0, 620.246544, 240.059531, 316.013069, 440.617418, 0.286115, -1, -1, -1
2039, 0, 621.726761, 242.118545, 313.578186, 437.692223, 0.276283, -1, -1, -1
2040, 0, 621.495056, 241.987503, 313.505249, 438.630009, 0.281426, -1, -1, -1
2041, 0, 621.092911, 244.105289, 314.138031, 437.293625, 0.264043, -1, -1, -1
2042, 0, 619.158554, 243.137891, 316.512299, 439.367981, 0.242446, -1, -1, -1
2043, 0, 618.657532, 240.345347, 318.069458, 442.118340, 0.233492, -1, -1, -1
2044, 0, 618.286362, 239.888964, 319.408417, 442.933989, 0.230740, -1, -1, -1
2045, 0, 619.047928, 240.834925, 320.706177, 441.715021, 0.221275, -1, -1, -1
2046, 0, 621.486664, 240.783534, 314.041290, 445.331068, 0.258574, -1, -1, -1
2047, 0, 626.856995, 242.249179, 308.636322, 443.301773, 0.271763, -1, -1, -1
2048, 0, 627.057266, 242.232764, 308.469238, 443.456182, 0.272956, -1, -1, -1
2049, 0, 622.413940, 242.588897, 320.126801, 443.731956, 0.227635, -1, -1, -1
2050, 0, 622.256699, 242.733285, 320.445099, 443.377647, 0.226592, -1, -1, -1
2051, 0, 622.926140, 241.953750, 319.441948, 444.910069, 0.253302, -1, -1, -1
2052, 0, 622.064514, 242.253299, 319.261780, 446.469526, 0.259810, -1, -1, -1
2053, 0, 620.133286, 240.956032, 321.445923, 447.754498, 0.254217, -1, -1, -1
2054, 0, 618.884392, 241.460266, 320.148201, 444.668112, 0.233694, -1, -1, -1
2055, 0, 619.204636, 241.596286, 319.742126, 444.527435, 0.234721, -1, -1, -1
2056, 0, 619.235229, 241.645682, 319.829407, 444.467955, 0.233936, -1, -1, -1
2057, 0, 620.541763, 243.028800, 312.981110, 438.213043, 0.234542, -1, -1, -1
2058, 0, 620.525780, 243.036954, 313.125191, 438.297672, 0.234753, -1, -1, -1
2059, 0, 623.329735, 241.638987, 307.131386, 438.830853, 0.256444, -1, -1, -1
2060, 0, 622.981110, 241.412995, 307.654419, 439.046888, 0.256057, -1, -1, -1
2061, 0, 627.372551, 238.777049, 298.721428, 443.268471, 0.338375, -1, -1, -1
2062, 0, 626.010437, 234.504054, 296.494751, 444.994869, 0.312988, -1, -1, -1
2063, 0, 626.312828, 234.748113, 296.214409, 444.487095, 0.312560, -1, -1, -1
2064, 0, 623.833008, 236.475863, 298.050079, 442.943258, 0.327243, -1, -1, -1
2065, 0, 614.835281, 240.244024, 317.244263, 440.798092, 0.292770, -1, -1, -1
2066, 0, 617.025223, 239.680138, 319.812622, 441.993628, 0.306085, -1, -1, -1
2067, 0, 618.985596, 239.553194, 314.816132, 443.513517, 0.341547, -1, -1, -1
2068, 0, 619.074249, 239.605937, 314.956665, 443.123589, 0.337752, -1, -1, -1
2069, 0, 621.227188, 235.498531, 322.991180, 452.618351, 0.374085, -1, -1, -1
2070, 0, 627.572899, 234.108760, 317.519035, 440.543518, 0.316126, -1, -1, -1
2071, 0, 628.575974, 235.095878, 315.850220, 438.987751, 0.315599, -1, -1, -1
2072, 0, 634.766922, 237.519801, 305.771332, 435.475903, 0.323324, -1, -1, -1
2073, 0, 634.394913, 237.248790, 306.271515, 435.840683, 0.323219, -1, -1, -1
2074, 0, 634.244537, 238.156879, 307.123718, 437.987137, 0.334367, -1, -1, -1
2075, 0, 628.892365, 238.355319, 308.800964, 441.856384, 0.333741, -1, -1, -1
2076, 0, 627.879448, 238.870411, 306.558571, 443.043594, 0.334486, -1, -1, -1
2077, 0, 627.799911, 238.917253, 306.731415, 443.280058, 0.336226, -1, -1, -1
2078, 0, 627.554626, 238.697934, 303.768158, 440.219164, 0.332372, -1, -1, -1
2079, 0, 628.100128, 238.585603, 303.218536, 440.454168, 0.338231, -1, -1, -1
2080, 0, 631.006546, 238.907533, 295.200348, 437.192259, 0.338000, -1, -1, -1
2081, 0, 631.555176, 239.036880, 293.463135, 436.862583, 0.341570, -1, -1, -1
2082, 0, 631.572037, 239.467041, 293.047180, 436.704140, 0.345225, -1, -1, -1
2083, 0, 628.274231, 237.573702, 298.529053, 436.574535, 0.301265, -1, -1, -1
2084, 0, 628.678932, 237.861793, 298.171806, 436.063585, 0.300100, -1, -1, -1
2085, 0, 629.074440, 238.011932, 297.346382, 435.529547, 0.299660, -1, -1, -1
2086, 0, 628.931999, 237.990732, 297.352028, 435.699921, 0.300299, -1, -1, -1
2087, 0, 625.163498, 235.746174, 303.334503, 437.955122, 0.284786, -1, -1, -1
2088, 0, 617.082939, 237.018356, 309.744606, 437.617722, 0.236987, -1, -1, -1
2089, 0, 620.335922, 237.319837, 306.192017, 436.228209, 0.231945, -1, -1, -1
2090, 0, 619.558182, 236.580062, 311.232758, 441.978006, 0.233847, -1, -1, -1
2091, 0, 621.947098, 236.745479, 307.456360, 443.099041, 0.255805, -1, -1, -1
2092, 0, 622.053719, 236.621110, 307.174644, 442.986603, 0.255298, -1, -1, -1
2107, 0, 374.382896, 1.913992, 151.003799, 299.836807, 0.218780, -1, -1, -1
2108, 0, 374.033051, 1.790707, 151.327591, 299.880431, 0.219040, -1, -1, -1
2109, 0, 374.898987, 1.944247, 155.202789, 293.436069, 0.219422, -1, -1, -1
2110, 0, 375.545425, 2.135800, 154.616165, 293.306551, 0.219914, -1, -1, -1
2111, 0, 375.812225, 2.059389, 154.440536, 293.312902, 0.220245, -1, -1, -1
2112, 0, 375.790634, 2.119632, 154.477921, 293.280373, 0.221409, -1, -1, -1
2113, 0, 365.787811, 0.109016, 163.976059, 299.006095, 0.223308, -1, -1, -1
2114, 0, 613.229713, 250.146117, 329.098930, 428.095751, 0.264412, -1, -1, -1
2114, 1, 360.455399, 1.685779, 165.183716, 296.095469, 0.221576, -1, -1, -1
2115, 0, 620.678864, 251.869533, 309.676819, 418.559704, 0.262607, -1, -1, -1
2115, 1, 358.383484, -0.624161, 166.259613, 304.481235, 0.230187, -1, -1, -1
2116, 0, 620.652237, 252.177773, 309.524994, 418.671970, 0.270856, -1, -1, -1
2116, 1, 358.531837, -0.477380, 166.599579, 304.553461, 0.229704, -1, -1, -1
2117, 0, 622.493973, 251.850157, 309.439850, 417.525015, 0.260297, -1, -1, -1
2117, 1, 358.177795, -0.441910, 168.565598, 301.210742, 0.224407, -1, -1, -1
2118, 0, 622.087975, 251.783144, 309.934196, 417.715302, 0.260059, -1, -1, -1
2118, 1, 358.273430, -0.467155, 168.344345, 301.159694, 0.225088, -1, -1, -1
2119, 0, 629.777298, 253.111246, 302.610931, 419.451742, 0.317955, -1, -1, -1
2120, 0, 634.580345, 255.290637, 294.527321, 419.857721, 0.357830, -1, -1, -1
2121, 0, 635.951881, 255.536499, 292.682381, 419.197512, 0.362588, -1, -1, -1
2122, 0, 635.305634, 255.234418, 296.298828, 422.171974, 0.378839, -1, -1, -1
2123, 0, 630.964203, 251.035666, 308.377838, 428.472891, 0.370730, -1, -1, -1
2124, 0, 630.939369, 251.029894, 308.079643, 428.318481, 0.370531, -1, -1, -1
2125, 0, 633.865471, 252.771635, 314.683113, 421.808395, 0.347524, -1, -1, -1
2126, 0, 631.547318, 252.851651, 317.599335, 420.355968, 0.331575, -1, -1, -1
2127, 0, 623.596344, 250.386658, 329.079742, 430.483990, 0.334266, -1, -1, -1
2128, 0, 633.502884, 249.917958, 317.633514, 435.383377, 0.375136, -1, -1, -1
2129, 0, 632.747574, 249.718745, 318.236847, 435.401487, 0.372819, -1, -1, -1
2130, 0, 637.952652, 255.342157, 317.837219, 428.636742, 0.354939, -1, -1, -1
2131, 0, 635.486832, 252.931602, 323.322449, 434.724283, 0.354512, -1, -1, -1
2132, 0, 635.144119, 253.006275, 323.690643, 434.980402, 0.353509, -1, -1, -1
2133, 0, 630.668030, 252.115095, 321.375427, 436.259365, 0.355779, -1, -1, -1
2134, 0, 630.728531, 252.201869, 321.018066, 436.222973, 0.356230, -1, -1, -1
2135, 0, 629.836769, 252.352631, 315.317345, 438.825960, 0.398408, -1, -1, -1
2136, 0, 630.130615, 252.703400, 314.797668, 438.322649, 0.398376, -1, -1, -1
2137, 0, 629.997330, 252.575834, 315.138245, 438.691120, 0.398794, -1, -1, -1
2138, 0, 629.555054, 253.011081, 315.813904, 438.907413, 0.399860, -1, -1, -1
2139, 0, 623.255920, 250.844264, 328.404541, 441.584044, 0.378514, -1, -1, -1
2140, 0, 618.441010, 250.499225, 339.720154, 440.911989, 0.405256, -1, -1, -1
2141, 0, 620.851059, 247.984772, 335.343323, 440.604200, 0.388714, -1, -1, -1
2142, 0, 621.195908, 248.296359, 334.582367, 440.384388, 0.392365, -1, -1, -1
2143, 0, 630.452461, 248.496387, 319.404716, 436.915627, 0.396132, -1, -1, -1
2144, 0, 630.789223, 248.739610, 318.709068, 436.958284, 0.398439, -1, -1, -1
2145, 0, 648.278580, 249.666409, 288.666992, 429.525433, 0.405460, -1, -1, -1
2146, 0, 655.513000, 257.755308, 269.666138, 415.847969, 0.401814, -1, -1, -1
2147, 0, 655.753632, 257.639587, 269.463959, 415.876379, 0.399336, -1, -1, -1
2148, 0, 659.490051, 261.539497, 262.667084, 405.905857, 0.367654, -1, -1, -1
2149, 0, 659.416122, 261.522524, 262.864227, 405.606909, 0.363719, -1, -1, -1
2150, 0, 657.217178, 254.578135, 269.031982, 415.053864, 0.364156, -1, -1, -1
2151, 0, 657.621231, 254.673450, 268.549500, 415.033092, 0.365058, -1, -1, -1
2152, 0, 654.633636, 254.661262, 274.134827, 415.742483, 0.360081, -1, -1, -1
2153, 0, 648.206406, 254.824898, 284.138641, 416.601906, 0.344317, -1, -1, -1
2154, 0, 648.344727, 254.620450, 284.868469, 417.279797, 0.345520, -1, -1, -1
2155, 0, 648.945618, 259.253912, 287.759705, 412.513103, 0.366100, -1, -1, -1
2156, 0, 652.632294, 263.149509, 275.887299, 400.648813, 0.360603, -1, -1, -1
2157, 0, 652.303772, 263.053207, 276.834564, 400.699883, 0.357138, -1, -1, -1
2158, 0, 648.022461, 263.546991, 284.833832, 403.252230, 0.353947, -1, -1, -1
2159, 0, 645.187683, 261.128755, 286.859131, 409.846516, 0.351502, -1, -1, -1
2160, 0, 645.863953, 261.266298, 286.031952, 409.534693, 0.353171, -1, -1, -1
2161, 0, 642.389832, 257.472024, 291.758423, 414.286880, 0.346268, -1, -1, -1
2162, 0, 641.356583, 259.243269, 292.060547, 414.249458, 0.360387, -1, -1, -1
2163, 0, 641.360550, 258.927197, 292.553558, 414.789591, 0.360040, -1, -1, -1
2164, 0, 639.749146, 253.605866, 297.101593, 423.181772, 0.368467, -1, -1, -1
2165, 0, 637.436981, 253.303034, 294.816742, 416.499081, 0.327676, -1, -1, -1
2166, 0, 637.699051, 253.369939, 294.470825, 416.307850, 0.328897, -1, -1, -1
2167, 0, 637.886581, 253.348782, 294.628448, 416.605768, 0.328497, -1, -1, -1
2168, 0, 632.910118, 251.805460, 302.636147, 418.903885, 0.329994, -1, -1, -1
2169, 0, 631.548080, 250.934622, 306.340637, 420.977812, 0.332761, -1, -1, -1
2170, 0, 632.506638, 251.466494, 305.164490, 420.992060, 0.335725, -1, -1, -1
2171, 0, 641.442261, 249.131470, 295.026703, 419.376640, 0.346309, -1, -1, -1
2172, 0, 635.612335, 245.523448, 305.939178, 425.082407, 0.369713, -1, -1, -1
2173, 0, 635.854225, 244.400160, 306.850929, 426.199236, 0.362475, -1, -1, -1
2174, 0, 634.656296, 243.765700, 310.965424, 427.748823, 0.372041, -1, -1, -1
2175, 0, 634.365654, 243.746624, 311.626167, 427.728138, 0.369386, -1, -1, -1
2176, 0, 633.020439, 242.216649, 311.783028, 429.773741, 0.373554, -1, -1, -1
2177, 0, 630.891495, 238.220115, 318.263397, 437.231569, 0.372881, -1, -1, -1
2178, 0, 630.367966, 237.556515, 319.306488, 438.141632, 0.370447, -1, -1, -1
2179, 0, 623.636742, 235.947747, 330.585976, 444.594126, 0.361769, -1, -1, -1
2180, 0, 614.011078, 232.401223, 348.467102, 451.623487, 0.348981, -1, -1, -1
2181, 0, 614.535828, 232.810442, 347.403259, 451.040611, 0.350329, -1, -1, -1
2182, 0, 609.943542, 233.333580, 356.686401, 450.746555, 0.358560, -1, -1, -1
2183, 0, 609.637299, 233.042078, 357.271729, 451.053314, 0.356095, -1, -1, -1
2184, 0, 606.747894, 231.995180, 362.669220, 451.323166, 0.329637, -1, -1, -1
2185, 0, 602.236404, 234.426098, 366.568146, 439.542732, 0.243262, -1, -1, -1
2186, 0, 602.848587, 234.309089, 366.916351, 439.189882, 0.241579, -1, -1, -1
2187, 0, 607.105789, 238.628454, 353.587341, 430.118265, 0.247774, -1, -1, -1
2188, 0, 606.635437, 238.475783, 354.225006, 430.311813, 0.246277, -1, -1, -1
2189, 0, 606.425018, 238.195138, 354.693298, 430.126677, 0.245487, -1, -1, -1
2192, 0, 600.924034, 240.732229, 355.202065, 421.584034, 0.200742, -1, -1, -1
2193, 0, 604.609032, 242.888703, 346.490517, 421.036777, 0.241915, -1, -1, -1
2194, 0, 604.633408, 242.896149, 346.312256, 420.850010, 0.241569, -1, -1, -1
2195, 0, 604.825211, 241.776166, 344.354401, 422.442255, 0.251576, -1, -1, -1
2196, 0, 605.612106, 242.727020, 342.908325, 421.045446, 0.252870, -1, -1, -1
2197, 0, 605.248489, 241.382117, 344.019318, 421.798954, 0.239011, -1, -1, -1
2198, 0, 608.065681, 241.516786, 339.838829, 421.589613, 0.254497, -1, -1, -1
2199, 0, 610.915298, 242.951596, 333.527527, 419.668636, 0.265149, -1, -1, -1
2200, 0, 609.812813, 242.291601, 336.398430, 420.795164, 0.263745, -1, -1, -1
