1, 0, 556.837845, 195.557113, 35.146790, 88.835149, 0.287512, -1, -1, -1
2, 0, 557.064781, 195.393498, 35.200729, 89.123969, 0.285794, -1, -1, -1
3, 0, 556.999588, 195.657663, 35.009079, 88.559461, 0.279240, -1, -1, -1
4, 0, 556.966019, 195.274043, 34.947357, 89.400258, 0.258814, -1, -1, -1
5, 0, 557.250900, 195.586081, 35.022964, 88.898492, 0.269221, -1, -1, -1
6, 0, 557.644005, 195.485659, 34.977036, 88.717861, 0.269197, -1, -1, -1
7, 0, 556.777458, 195.271211, 34.046478, 89.624448, 0.252949, -1, -1, -1
8, 0, 557.190132, 194.387949, 34.681168, 90.829425, 0.273672, -1, -1, -1
9, 0, 557.466583, 194.962049, 34.421539, 89.960732, 0.279590, -1, -1, -1
10, 0, 557.438354, 195.230398, 34.499817, 89.299021, 0.277539, -1, -1, -1
11, 0, 557.584229, 195.899813, 33.089218, 86.582565, 0.243851, -1, -1, -1
12, 0, 557.441177, 195.571575, 33.195038, 86.949363, 0.250988, -1, -1, -1
13, 0, 557.260284, 196.079264, 33.095474, 86.339965, 0.251965, -1, -1, -1
14, 0, 557.807083, 195.218296, 33.638763, 87.734241, 0.253487, -1, -1, -1
15, 0, 557.228737, 194.543474, 37.995682, 89.447508, 0.269818, -1, -1, -1
16, 0, 557.547188, 195.161927, 37.757568, 88.282313, 0.265877, -1, -1, -1
17, 0, 557.690048, 194.487834, 38.342514, 89.271641, 0.273940, -1, -1, -1
18, 0, 557.573509, 194.680545, 38.433456, 88.734641, 0.277190, -1, -1, -1
19, 0, 557.613373, 194.658465, 38.353500, 88.691726, 0.275369, -1, -1, -1
20, 0, 557.842331, 194.978721, 37.919617, 87.968473, 0.272349, -1, -1, -1
21, 0, 557.632065, 194.905937, 38.222580, 88.084431, 0.274684, -1, -1, -1
22, 0, 557.816086, 194.807510, 38.045502, 88.375611, 0.252124, -1, -1, -1
25, 0, 556.731377, 194.491353, 38.188705, 87.098236, 0.208274, -1, -1, -1
26, 0, 556.626434, 194.359624, 38.237305, 87.248354, 0.211360, -1, -1, -1
28, 0, 556.777191, 192.672536, 38.191299, 89.280696, 0.206582, -1, -1, -1
31, 0, 556.591759, 192.849884, 38.244400, 88.109708, 0.204135, -1, -1, -1
32, 0, 556.611404, 193.069525, 38.732758, 88.154039, 0.211595, -1, -1, -1
33, 0, 556.748848, 193.925450, 38.433838, 87.150121, 0.201311, -1, -1, -1
36, 0, 555.544319, 192.085626, 38.186340, 89.861341, 0.202799, -1, -1, -1
37, 0, 555.278435, 192.243533, 38.552399, 89.584622, 0.207998, -1, -1, -1
38, 0, 555.305977, 192.113006, 38.777008, 89.980903, 0.220567, -1, -1, -1
39, 0, 555.454178, 191.949670, 38.531647, 90.213332, 0.217935, -1, -1, -1
40, 0, 555.426254, 192.064619, 38.844376, 90.056434, 0.223254, -1, -1, -1
41, 0, 555.590172, 192.269883, 38.469315, 89.533124, 0.216490, -1, -1, -1
42, 0, 555.679817, 192.539198, 38.422012, 89.141908, 0.212190, -1, -1, -1
43, 0, 556.045952, 193.519557, 37.848663, 86.364126, 0.251381, -1, -1, -1
44, 0, 556.012230, 194.521759, 36.945190, 84.850631, 0.252781, -1, -1, -1
45, 0, 556.121674, 194.415865, 36.841660, 85.199189, 0.248803, -1, -1, -1
46, 0, 556.545105, 193.987226, 36.677017, 85.929952, 0.250655, -1, -1, -1
47, 0, 556.308823, 196.004441, 35.875473, 81.666269, 0.235264, -1, -1, -1
48, 0, 556.510658, 195.437615, 36.315079, 83.324990, 0.252935, -1, -1, -1
49, 0, 556.804771, 196.390357, 35.798035, 81.788621, 0.249102, -1, -1, -1
50, 0, 556.719513, 196.907787, 35.957413, 81.473494, 0.256221, -1, -1, -1
51, 0, 556.739349, 196.382053, 35.805206, 81.413198, 0.247712, -1, -1, -1
52, 0, 557.117767, 196.327465, 35.291672, 81.417189, 0.227504, -1, -1, -1
53, 0, 556.693459, 197.476695, 35.758057, 79.369483, 0.246019, -1, -1, -1
54, 0, 556.929855, 198.259106, 35.498199, 77.946754, 0.245397, -1, -1, -1
55, 0, 557.464180, 198.524880, 34.917068, 76.885114, 0.219112, -1, -1, -1
56, 0, 557.158661, 198.546317, 35.418854, 76.819539, 0.229594, -1, -1, -1
57, 0, 557.189789, 200.101826, 34.553146, 74.545798, 0.220481, -1, -1, -1
58, 0, 556.966438, 199.991405, 34.888000, 74.833717, 0.231142, -1, -1, -1
59, 0, 556.772690, 199.838948, 34.570541, 75.806737, 0.219364, -1, -1, -1
60, 0, 556.702194, 199.852552, 34.507294, 75.544009, 0.216586, -1, -1, -1
61, 0, 556.150856, 200.813298, 33.740005, 74.629827, 0.206634, -1, -1, -1
62, 0, 556.568604, 200.904922, 34.269485, 74.620900, 0.217526, -1, -1, -1
63, 0, 556.554222, 201.069503, 34.342575, 74.545798, 0.216705, -1, -1, -1
64, 0, 556.492996, 200.781927, 34.396362, 74.797454, 0.210078, -1, -1, -1
65, 0, 556.529427, 200.806410, 33.991470, 74.829383, 0.206285, -1, -1, -1
68, 0, 556.628914, 199.717798, 33.601608, 76.099677, 0.221835, -1, -1, -1
70, 0, 557.192917, 200.309021, 35.121765, 75.775666, 0.206545, -1, -1, -1
72, 0, 280.520477, 9.113572, 125.489502, 177.918735, 0.447283, -1, -1, -1
73, 0, 280.408649, 9.057621, 125.861568, 177.678366, 0.440662, -1, -1, -1
74, 0, 282.204933, 6.209700, 124.996872, 185.886247, 0.592079, -1, -1, -1
75, 0, 282.014313, 8.566074, 111.931610, 184.770169, 0.345811, -1, -1, -1
76, 0, 282.239895, 8.514093, 112.024784, 184.632754, 0.356786, -1, -1, -1
77, 0, 283.081951, 9.470987, 106.261082, 181.159401, 0.203421, -1, -1, -1
78, 0, 283.135281, 9.269071, 106.550999, 181.690049, 0.212889, -1, -1, -1
80, 0, 277.787132, 10.215123, 121.406860, 179.786196, 0.221513, -1, -1, -1
81, 0, 277.779236, 10.411670, 121.097565, 179.318097, 0.218997, -1, -1, -1
83, 0, 270.096207, 10.106848, 124.867935, 178.964818, 0.220868, -1, -1, -1
83, 1, 558.058014, 194.948595, 36.179047, 83.240662, 0.200379, -1, -1, -1
84, 0, 270.533504, 10.511073, 124.906559, 178.656374, 0.215133, -1, -1, -1
84, 1, 557.603989, 194.663186, 36.820068, 83.862162, 0.211350, -1, -1, -1
85, 0, 557.182655, 195.416458, 36.559296, 82.103534, 0.206023, -1, -1, -1
86, 0, 557.018089, 195.204670, 36.947021, 83.017845, 0.205555, -1, -1, -1
87, 0, 263.370895, 9.794698, 129.362259, 179.212654, 0.222303, -1, -1, -1
87, 1, 557.175217, 194.514871, 36.890488, 83.565617, 0.219421, -1, -1, -1
88, 0, 556.888962, 194.637029, 36.817017, 83.245382, 0.225125, -1, -1, -1
89, 0, 556.861954, 194.173908, 37.043228, 84.242992, 0.235184, -1, -1, -1
90, 0, 557.092514, 194.126744, 37.419510, 84.417229, 0.241147, -1, -1, -1
91, 0, 557.082520, 194.764080, 36.740341, 83.342543, 0.232248, -1, -1, -1
92, 0, 556.881485, 195.223489, 36.689224, 82.751126, 0.230603, -1, -1, -1
93, 0, 556.757355, 194.374602, 36.396179, 83.792295, 0.244102, -1, -1, -1
94, 0, 556.792831, 194.764166, 36.340179, 83.452535, 0.240170, -1, -1, -1
95, 0, 557.434578, 199.572508, 38.941116, 80.286498, 0.340899, -1, -1, -1
95, 1, 255.700169, 8.185061, 130.151196, 182.362962, 0.245312, -1, -1, -1
96, 0, 556.968155, 200.036016, 38.835602, 79.911461, 0.322411, -1, -1, -1
97, 0, 557.078247, 200.116739, 38.557892, 79.741344, 0.325550, -1, -1, -1
98, 0, 557.239685, 199.389453, 39.316101, 81.704292, 0.333519, -1, -1, -1
99, 0, 557.403526, 199.434385, 38.935318, 81.392083, 0.336319, -1, -1, -1
100, 0, 557.509232, 199.773803, 38.320541, 81.345949, 0.312883, -1, -1, -1
101, 0, 557.707443, 199.646752, 38.459091, 81.851149, 0.330588, -1, -1, -1
102, 0, 557.808571, 199.619050, 38.191071, 81.618848, 0.322136, -1, -1, -1
103, 0, 558.373222, 199.474468, 37.928696, 81.703691, 0.315401, -1, -1, -1
104, 0, 558.436317, 199.799230, 37.833481, 81.073995, 0.299418, -1, -1, -1
105, 0, 558.258018, 199.690633, 38.121109, 81.407404, 0.304912, -1, -1, -1
106, 0, 557.960052, 199.067438, 38.845978, 82.076626, 0.316228, -1, -1, -1
107, 0, 558.094902, 200.367107, 36.194229, 78.826776, 0.243636, -1, -1, -1
108, 0, 558.062973, 199.700718, 36.981125, 80.353146, 0.262189, -1, -1, -1
109, 0, 558.280258, 199.832833, 36.927109, 79.763274, 0.249795, -1, -1, -1
110, 0, 558.267975, 199.494810, 36.698151, 80.648532, 0.249379, -1, -1, -1
111, 0, 558.018417, 200.222139, 36.597824, 79.492006, 0.236747, -1, -1, -1
112, 0, 558.126793, 200.310116, 36.515656, 79.547539, 0.252954, -1, -1, -1
113, 0, 557.842216, 200.159268, 36.738968, 79.729457, 0.248732, -1, -1, -1
114, 0, 558.199348, 200.847244, 36.930466, 78.780470, 0.254012, -1, -1, -1
115, 0, 558.187447, 200.873981, 37.107468, 78.902607, 0.253432, -1, -1, -1
116, 0, 558.267021, 200.528855, 37.238617, 79.214473, 0.262090, -1, -1, -1
117, 0, 558.327827, 200.445085, 37.160416, 79.263482, 0.259518, -1, -1, -1
118, 0, 558.256683, 200.139141, 37.328186, 80.011883, 0.261095, -1, -1, -1
119, 0, 557.868805, 202.085652, 36.571960, 76.877389, 0.228451, -1, -1, -1
120, 0, 558.070869, 201.805243, 36.567307, 77.329288, 0.231910, -1, -1, -1
121, 0, 557.905922, 202.108226, 36.501007, 76.848722, 0.218622, -1, -1, -1
122, 0, 557.864799, 201.884573, 37.030563, 77.175393, 0.229602, -1, -1, -1
123, 0, 556.999893, 199.167731, 34.774628, 81.690903, 0.275599, -1, -1, -1
124, 0, 557.032356, 199.010661, 34.690704, 81.610866, 0.270525, -1, -1, -1
125, 0, 557.333984, 199.354134, 34.216843, 80.949626, 0.258859, -1, -1, -1
126, 0, 556.902428, 199.542618, 34.375916, 80.839076, 0.256886, -1, -1, -1
127, 0, 557.295532, 199.237897, 34.645233, 81.255569, 0.265262, -1, -1, -1
128, 0, 557.684898, 199.096277, 34.758759, 81.635714, 0.274583, -1, -1, -1
129, 0, 557.529106, 198.444650, 35.063858, 82.200265, 0.282156, -1, -1, -1
130, 0, 557.535629, 197.092130, 35.447540, 84.178491, 0.290624, -1, -1, -1
132, 0, 555.636024, 197.377303, 35.027542, 83.616042, 0.213748, -1, -1, -1
133, 0, 555.741997, 197.830875, 35.001297, 82.718983, 0.217429, -1, -1, -1
134, 0, 555.849533, 198.071887, 34.799805, 82.577491, 0.214955, -1, -1, -1
135, 0, 555.672493, 198.356051, 34.807816, 81.920586, 0.217233, -1, -1, -1
136, 0, 555.789795, 197.834072, 34.437790, 82.130699, 0.205486, -1, -1, -1
142, 0, 556.700287, 196.562104, 34.057083, 83.285079, 0.204222, -1, -1, -1
143, 0, 555.749245, 194.475131, 35.209198, 87.204494, 0.230721, -1, -1, -1
144, 0, 555.423431, 193.878093, 35.178604, 88.181677, 0.235982, -1, -1, -1
145, 0, 555.480614, 194.174230, 35.038376, 87.878222, 0.233627, -1, -1, -1
146, 0, 555.404396, 193.892469, 35.365067, 88.261414, 0.241921, -1, -1, -1
147, 0, 555.763512, 194.431915, 34.857941, 87.535415, 0.218754, -1, -1, -1
148, 0, 557.068443, 194.392433, 36.275330, 89.570761, 0.231216, -1, -1, -1
149, 0, 557.032166, 194.564524, 36.076965, 89.266748, 0.235944, -1, -1, -1
150, 0, 556.186638, 194.154060, 36.365356, 89.633460, 0.244111, -1, -1, -1
151, 0, 556.433754, 194.559395, 36.170044, 88.982649, 0.239976, -1, -1, -1
152, 0, 556.333504, 194.597161, 36.171036, 88.634777, 0.236675, -1, -1, -1
153, 0, 556.346703, 195.153644, 36.223984, 87.529106, 0.237417, -1, -1, -1
154, 0, 556.556740, 195.571060, 36.548920, 87.204709, 0.252309, -1, -1, -1
155, 0, 556.956749, 195.202181, 36.019058, 87.098794, 0.214363, -1, -1, -1
156, 0, 556.604843, 196.297960, 35.404816, 85.155029, 0.203570, -1, -1, -1
157, 0, 556.231804, 195.450468, 36.274643, 86.726933, 0.232843, -1, -1, -1
158, 0, 556.164398, 195.335670, 36.287460, 87.077894, 0.242407, -1, -1, -1
159, 0, 556.192589, 195.114806, 36.370544, 87.415466, 0.245568, -1, -1, -1
160, 0, 556.423492, 195.589900, 35.981140, 87.093086, 0.240178, -1, -1, -1
161, 0, 556.254807, 195.440834, 36.304016, 87.563825, 0.244948, -1, -1, -1
162, 0, 556.439857, 196.095335, 36.350784, 86.874261, 0.245712, -1, -1, -1
163, 0, 556.080017, 196.180179, 36.375122, 86.839671, 0.237583, -1, -1, -1
164, 0, 556.196709, 196.159451, 36.443405, 86.746116, 0.247895, -1, -1, -1
165, 0, 555.873718, 196.094027, 36.180344, 86.737490, 0.234901, -1, -1, -1
166, 0, 555.732079, 196.294763, 36.172409, 86.574798, 0.238047, -1, -1, -1
167, 0, 555.192947, 196.082547, 37.099838, 85.153313, 0.209309, -1, -1, -1
168, 0, 555.721779, 197.078354, 36.785049, 83.990779, 0.205259, -1, -1, -1
169, 0, 555.591927, 196.995120, 36.834106, 83.874350, 0.200769, -1, -1, -1
177, 0, 556.615601, 200.814285, 36.314545, 81.160126, 0.207560, -1, -1, -1
224, 0, 556.699104, 196.440568, 36.590958, 84.329038, 0.207484, -1, -1, -1
225, 0, 556.742401, 196.485972, 36.480331, 83.990135, 0.202974, -1, -1, -1
226, 0, 556.793098, 196.751704, 36.776199, 84.064035, 0.218154, -1, -1, -1
227, 0, 557.971420, 197.077453, 36.861420, 83.207831, 0.213384, -1, -1, -1
237, 0, 556.431007, 196.925297, 36.439209, 83.432622, 0.200804, -1, -1, -1
270, 0, 555.783081, 198.874555, 39.121857, 79.698000, 0.216732, -1, -1, -1
271, 0, 556.064377, 198.496985, 39.012146, 80.502748, 0.217327, -1, -1, -1
272, 0, 556.370392, 198.842905, 38.683853, 80.584846, 0.207618, -1, -1, -1
273, 0, 556.265030, 198.064785, 39.193726, 81.904149, 0.218020, -1, -1, -1
274, 0, 556.240845, 197.929451, 39.449387, 81.282392, 0.245280, -1, -1, -1
275, 0, 556.294403, 198.039272, 38.421478, 81.360111, 0.268582, -1, -1, -1
276, 0, 556.177673, 197.893360, 38.413391, 81.947579, 0.294589, -1, -1, -1
277, 0, 555.662880, 198.339143, 39.013138, 81.794243, 0.307001, -1, -1, -1
278, 0, 556.164169, 197.799482, 38.765869, 82.251549, 0.307180, -1, -1, -1
279, 0, 555.824509, 197.557483, 39.152069, 82.918282, 0.309476, -1, -1, -1
280, 0, 555.577660, 197.781887, 39.170609, 82.279701, 0.307734, -1, -1, -1
285, 0, 554.519615, 197.381401, 37.210007, 80.056429, 0.203376, -1, -1, -1
296, 0, 553.052254, 194.330184, 39.080887, 88.787427, 0.218514, -1, -1, -1
297, 0, 552.447433, 197.338378, 37.523346, 86.584926, 0.204030, -1, -1, -1
298, 0, 552.316284, 197.607780, 37.265320, 86.526175, 0.205263, -1, -1, -1
299, 0, 551.476326, 197.402408, 37.772751, 86.789374, 0.215313, -1, -1, -1
305, 0, 277.339172, 24.822214, 198.606491, 303.043571, 0.207668, -1, -1, -1
306, 0, 276.798706, 24.790049, 199.812775, 303.495040, 0.218897, -1, -1, -1
308, 0, 276.605663, 26.754509, 203.574467, 302.663770, 0.220690, -1, -1, -1
311, 0, 554.650841, 202.301152, 35.588303, 74.854059, 0.209323, -1, -1, -1
362, 0, 412.115555, 43.352931, 188.779449, 306.993756, 0.459928, -1, -1, -1
363, 0, 411.762238, 43.205098, 189.294052, 307.631907, 0.467319, -1, -1, -1
364, 0, 409.577751, 44.863958, 195.987167, 302.806120, 0.598330, -1, -1, -1
365, 0, 409.835358, 44.911026, 195.259705, 303.043270, 0.602846, -1, -1, -1
366, 0, 412.502441, 40.411298, 198.640213, 303.724594, 0.683216, -1, -1, -1
367, 0, 415.047455, 38.655846, 195.204163, 305.760412, 0.680779, -1, -1, -1
368, 0, 414.849434, 38.957434, 195.708923, 305.371556, 0.687585, -1, -1, -1
369, 0, 416.873589, 39.191247, 192.449188, 304.075685, 0.713981, -1, -1, -1
370, 0, 416.970520, 39.474574, 192.528610, 303.882780, 0.707968, -1, -1, -1
371, 0, 427.257538, 41.202722, 183.768311, 302.316327, 0.615119, -1, -1, -1
375, 0, 448.106003, 51.821094, 174.660263, 290.731072, 0.379075, -1, -1, -1
376, 0, 448.656616, 52.582133, 174.171295, 290.371013, 0.373735, -1, -1, -1
377, 0, 472.439537, 58.803002, 153.605728, 291.418705, 0.432503, -1, -1, -1
378, 0, 472.805634, 58.485610, 152.817307, 291.871505, 0.429090, -1, -1, -1
379, 0, 475.896301, 54.695005, 151.827469, 297.643318, 0.248371, -1, -1, -1
393, 0, 555.807953, 132.857344, 134.576340, 233.769729, 0.386770, -1, -1, -1
396, 0, 527.499008, 104.916054, 185.086365, 254.760118, 0.278334, -1, -1, -1
397, 0, 527.483940, 104.787383, 185.257988, 255.328188, 0.299394, -1, -1, -1
398, 0, 537.448196, 41.463690, 155.175934, 324.079599, 0.550613, -1, -1, -1
399, 0, 540.586166, 36.933568, 155.960922, 327.603014, 0.379787, -1, -1, -1
400, 0, 540.716095, 37.181543, 155.000839, 327.627025, 0.388082, -1, -1, -1
401, 0, 558.878593, 39.432174, 143.675804, 325.985684, 0.416036, -1, -1, -1
402, 0, 558.632355, 39.003203, 143.644638, 326.696126, 0.401354, -1, -1, -1
403, 0, 568.950729, 38.572215, 123.487244, 328.432374, 0.477607, -1, -1, -1
404, 0, 574.057884, 34.501072, 119.314308, 337.803369, 0.632205, -1, -1, -1
405, 0, 573.332062, 34.950289, 119.698486, 337.122087, 0.644406, -1, -1, -1
406, 0, 566.779137, 39.953038, 134.155617, 332.987194, 0.812756, -1, -1, -1
407, 0, 567.241287, 41.130592, 132.800903, 331.856503, 0.804605, -1, -1, -1
408, 0, 567.396736, 40.677062, 132.675972, 332.744336, 0.806074, -1, -1, -1
409, 0, 580.310898, 39.868784, 122.453003, 336.700487, 0.809243, -1, -1, -1
410, 0, 580.121078, 39.529635, 121.407928, 337.146635, 0.807175, -1, -1, -1
411, 0, 586.177139, 38.066715, 122.720490, 341.510525, 0.773255, -1, -1, -1
412, 0, 585.736771, 38.035558, 122.507019, 341.532969, 0.772751, -1, -1, -1
413, 0, 581.200943, 21.733596, 117.811737, 356.190255, 0.660730, -1, -1, -1
414, 0, 583.501854, 21.582921, 120.229836, 354.122722, 0.644740, -1, -1, -1
415, 0, 584.511871, 21.322800, 119.381866, 354.679184, 0.657038, -1, -1, -1
416, 0, 591.189537, 15.679454, 117.872047, 359.194779, 0.613738, -1, -1, -1
417, 0, 589.507790, 13.968172, 117.123070, 366.161699, 0.474517, -1, -1, -1
418, 0, 588.087082, 12.869668, 117.815399, 366.945376, 0.440899, -1, -1, -1
419, 0, 558.950348, 150.181797, 123.549500, 197.532248, 0.281507, -1, -1, -1
420, 0, 559.667549, 150.154577, 122.944450, 197.885914, 0.277498, -1, -1, -1
421, 0, 563.190422, 148.866967, 126.671410, 198.483467, 0.218063, -1, -1, -1
422, 0, 563.115692, 146.793426, 128.265610, 198.888760, 0.275329, -1, -1, -1
423, 0, 563.846817, 146.847596, 127.013702, 199.218822, 0.274374, -1, -1, -1
424, 0, 571.694946, 146.032366, 131.128998, 192.253060, 0.322813, -1, -1, -1
424, 1, 584.754486, 32.080110, 156.596985, 342.130051, 0.211266, -1, -1, -1
425, 0, 572.328606, 145.785141, 130.443611, 192.369704, 0.317381, -1, -1, -1
425, 1, 584.686127, 32.446854, 156.834717, 341.574533, 0.210304, -1, -1, -1
426, 0, 570.616608, 148.664235, 128.365707, 188.280044, 0.281278, -1, -1, -1
426, 1, 651.644974, 156.616824, 115.906677, 177.290711, 0.231901, -1, -1, -1
426, 2, 584.540291, 31.447012, 161.762428, 341.372659, 0.210069, -1, -1, -1
427, 0, 648.258133, 152.502970, 124.414673, 185.381799, 0.325982, -1, -1, -1
427, 1, 565.793381, 156.183658, 123.666992, 175.279613, 0.258800, -1, -1, -1
427, 2, 587.491531, 27.315434, 161.172333, 345.161333, 0.254621, -1, -1, -1
428, 0, 648.280106, 152.505437, 124.191132, 185.534921, 0.327631, -1, -1, -1
428, 1, 566.051331, 156.422085, 123.024597, 174.268495, 0.256418, -1, -1, -1
428, 2, 587.942085, 27.044778, 160.470238, 345.859566, 0.254695, -1, -1, -1
429, 0, 644.392395, 153.452139, 126.184082, 189.335203, 0.467103, -1, -1, -1
429, 1, 572.903328, 156.642466, 116.681252, 170.819335, 0.241074, -1, -1, -1
430, 0, 639.361115, 144.731441, 136.457520, 199.877272, 0.466823, -1, -1, -1
430, 1, 583.651390, 24.898227, 163.154335, 347.668962, 0.231936, -1, -1, -1
431, 0, 640.441589, 147.734442, 135.954437, 195.938673, 0.491854, -1, -1, -1
431, 1, 584.998627, 25.031898, 161.781769, 347.809317, 0.226902, -1, -1, -1
431, 2, 575.367203, 158.338330, 113.159256, 164.868736, 0.220437, -1, -1, -1
432, 0, 646.087036, 148.262097, 130.031891, 200.254412, 0.339653, -1, -1, -1
433, 0, 645.577469, 148.034581, 130.222168, 200.262222, 0.350364, -1, -1, -1
434, 0, 645.658798, 147.886662, 129.966431, 200.254197, 0.347963, -1, -1, -1
435, 0, 645.546112, 147.541977, 130.066833, 200.612283, 0.354555, -1, -1, -1
436, 0, 655.195618, 156.359096, 115.622559, 191.301198, 0.324244, -1, -1, -1
437, 0, 655.137253, 156.280571, 115.605774, 191.543198, 0.324369, -1, -1, -1
438, 0, 655.047913, 156.551453, 115.682526, 191.089282, 0.331922, -1, -1, -1
439, 0, 661.483383, 161.241703, 109.491425, 184.631982, 0.266882, -1, -1, -1
440, 0, 672.069550, 177.141323, 94.336548, 168.019366, 0.407715, -1, -1, -1
441, 0, 674.733658, 182.584813, 94.385834, 170.127068, 0.498883, -1, -1, -1
442, 0, 674.826279, 182.959700, 93.848419, 169.212284, 0.503383, -1, -1, -1
443, 0, 680.574722, 181.009240, 93.969269, 172.118683, 0.392684, -1, -1, -1
444, 0, 680.347672, 180.789621, 94.323883, 172.085037, 0.404125, -1, -1, -1
445, 0, 686.559601, 169.334743, 81.732788, 190.564771, 0.285727, -1, -1, -1
446, 0, 685.705185, 170.347878, 82.290955, 188.827472, 0.304262, -1, -1, -1
451, 0, 654.261322, 36.144247, 179.450684, 296.046910, 0.291208, -1, -1, -1
451, 1, 714.761276, 144.249330, 85.269318, 192.726159, 0.211650, -1, -1, -1
452, 0, 654.454498, 35.910316, 179.325867, 296.426840, 0.290687, -1, -1, -1
452, 1, 714.791718, 144.541755, 85.227966, 192.192979, 0.212724, -1, -1, -1
453, 0, 651.429443, 34.707098, 182.618103, 294.203525, 0.306626, -1, -1, -1
454, 0, 652.309799, 36.672739, 188.726654, 292.336450, 0.363527, -1, -1, -1
455, 0, 647.154388, 35.356922, 194.406128, 293.021250, 0.366038, -1, -1, -1
456, 0, 657.867355, 31.066471, 182.390900, 296.655235, 0.262959, -1, -1, -1
457, 0, 659.082489, 31.010424, 180.599670, 296.931567, 0.265707, -1, -1, -1
458, 0, 662.500305, 32.553327, 172.678528, 296.077037, 0.260426, -1, -1, -1
459, 0, 661.241684, 32.551632, 174.135132, 295.844350, 0.248909, -1, -1, -1
460, 0, 669.093781, 35.393518, 174.919586, 290.804200, 0.208008, -1, -1, -1
461, 0, 669.880905, 35.155381, 173.757172, 290.771456, 0.211367, -1, -1, -1
734, 0, 730.301895, 137.137527, 89.107208, 211.281552, 0.234157, -1, -1, -1
