1, 0, 557.167778, 195.395300, 40.229874, 86.067581, 0.213474, -1, -1, -1
2, 0, 556.189804, 194.626064, 41.107254, 89.432960, 0.298515, -1, -1, -1
3, 0, 556.373444, 194.049540, 40.902634, 90.464430, 0.302267, -1, -1, -1
4, 0, 556.205101, 193.990037, 40.786972, 90.635448, 0.299309, -1, -1, -1
5, 0, 555.711174, 193.720980, 41.073685, 91.354494, 0.313415, -1, -1, -1
6, 0, 555.727768, 194.478779, 40.758438, 89.776797, 0.310270, -1, -1, -1
7, 0, 555.553970, 194.530556, 40.899048, 89.930434, 0.310366, -1, -1, -1
8, 0, 555.415573, 195.424762, 41.151352, 88.848839, 0.302797, -1, -1, -1
9, 0, 555.540047, 195.601594, 41.221619, 88.742752, 0.317365, -1, -1, -1
10, 0, 555.300026, 196.048064, 41.585388, 87.043476, 0.302389, -1, -1, -1
11, 0, 555.359192, 196.182003, 41.926193, 86.859798, 0.307715, -1, -1, -1
12, 0, 555.461998, 196.316628, 41.311417, 86.889067, 0.307699, -1, -1, -1
13, 0, 555.529289, 196.378899, 41.651382, 86.271214, 0.291534, -1, -1, -1
14, 0, 555.841942, 195.748687, 41.328278, 86.069169, 0.246505, -1, -1, -1
15, 0, 555.429306, 196.021349, 41.203461, 85.615125, 0.249837, -1, -1, -1
16, 0, 555.413246, 196.396194, 40.298157, 84.715147, 0.231155, -1, -1, -1
17, 0, 555.074997, 195.948586, 40.788879, 86.258683, 0.243892, -1, -1, -1
18, 0, 555.370674, 195.450640, 40.757141, 86.710539, 0.249924, -1, -1, -1
19, 0, 555.976219, 193.691969, 41.266708, 89.711394, 0.299272, -1, -1, -1
20, 0, 556.052361, 193.521681, 41.821899, 90.939031, 0.288817, -1, -1, -1
21, 0, 555.848045, 193.075426, 42.053909, 91.447449, 0.287309, -1, -1, -1
22, 0, 556.132011, 192.396848, 42.431107, 92.193017, 0.291518, -1, -1, -1
23, 0, 555.876999, 192.240314, 42.572479, 93.098745, 0.294011, -1, -1, -1
24, 0, 555.931206, 192.372451, 42.879181, 93.027463, 0.300212, -1, -1, -1
25, 0, 555.880241, 192.534628, 43.172455, 92.623587, 0.286284, -1, -1, -1
26, 0, 556.431656, 195.857670, 40.960846, 86.506433, 0.255847, -1, -1, -1
27, 0, 556.409225, 195.135705, 40.914993, 86.655564, 0.247084, -1, -1, -1
28, 0, 556.434097, 195.634682, 40.848923, 85.956044, 0.251199, -1, -1, -1
29, 0, 556.585541, 196.097739, 40.627670, 85.528350, 0.247067, -1, -1, -1
30, 0, 556.457100, 195.705385, 40.673294, 85.807257, 0.249961, -1, -1, -1
31, 0, 556.721115, 196.185029, 40.868759, 85.326219, 0.251267, -1, -1, -1
32, 0, 556.487541, 196.164064, 40.594940, 85.119581, 0.251174, -1, -1, -1
33, 0, 556.655388, 196.450224, 40.843430, 85.120139, 0.251432, -1, -1, -1
34, 0, 556.781960, 196.319675, 40.621109, 84.549794, 0.236452, -1, -1, -1
35, 0, 556.691551, 196.321092, 40.630951, 84.622235, 0.234127, -1, -1, -1
36, 0, 556.834564, 195.353501, 40.916290, 86.281643, 0.242332, -1, -1, -1
37, 0, 556.896019, 196.142306, 41.017380, 85.118766, 0.250144, -1, -1, -1
38, 0, 557.082176, 195.334790, 40.950470, 86.881685, 0.235444, -1, -1, -1
39, 0, 556.787071, 195.456691, 40.972137, 86.746716, 0.230426, -1, -1, -1
40, 0, 556.588364, 195.482590, 40.657196, 86.334300, 0.223548, -1, -1, -1
41, 0, 556.469154, 195.682726, 41.484146, 86.326232, 0.238487, -1, -1, -1
42, 0, 556.879921, 195.765874, 40.998993, 86.199889, 0.234660, -1, -1, -1
43, 0, 556.511688, 195.820634, 41.430664, 86.169720, 0.235875, -1, -1, -1
44, 0, 556.325760, 195.887475, 41.284027, 86.146975, 0.236257, -1, -1, -1
45, 0, 557.010307, 197.017457, 40.285187, 83.984127, 0.219505, -1, -1, -1
46, 0, 556.893883, 195.746799, 39.501495, 84.475250, 0.243674, -1, -1, -1
47, 0, 556.550980, 195.375645, 39.553146, 85.250688, 0.231726, -1, -1, -1
48, 0, 556.432953, 195.557778, 39.896240, 85.004139, 0.246403, -1, -1, -1
49, 0, 556.596756, 195.673199, 40.038071, 85.061903, 0.250925, -1, -1, -1
51, 0, 556.705742, 196.500049, 38.670120, 84.302344, 0.201377, -1, -1, -1
56, 0, 556.668777, 195.874000, 37.584763, 84.541426, 0.208180, -1, -1, -1
57, 0, 556.700745, 196.005063, 37.900696, 84.559836, 0.212454, -1, -1, -1
58, 0, 556.903725, 196.476038, 38.121948, 84.203210, 0.223932, -1, -1, -1
59, 0, 557.029152, 196.137307, 37.759018, 84.891829, 0.230915, -1, -1, -1
60, 0, 556.901550, 196.366925, 37.687073, 84.333801, 0.226046, -1, -1, -1
61, 0, 556.967316, 196.349244, 38.354187, 85.827084, 0.254508, -1, -1, -1
62, 0, 556.207619, 194.801781, 39.412613, 89.060197, 0.273928, -1, -1, -1
63, 0, 555.919609, 194.582462, 39.923401, 89.511452, 0.283707, -1, -1, -1
64, 0, 555.669403, 194.615164, 40.043564, 89.376311, 0.279777, -1, -1, -1
65, 0, 555.801125, 194.384193, 39.982681, 89.698176, 0.284897, -1, -1, -1
66, 0, 556.071320, 194.197426, 39.957504, 89.892926, 0.273379, -1, -1, -1
67, 0, 556.009407, 194.093399, 39.906921, 90.008883, 0.278096, -1, -1, -1
68, 0, 555.857620, 194.426057, 39.830017, 89.677706, 0.281176, -1, -1, -1
69, 0, 555.931129, 194.581196, 39.703217, 89.625435, 0.284636, -1, -1, -1
70, 0, 556.122131, 194.699042, 39.664917, 89.184437, 0.280922, -1, -1, -1
71, 0, 556.068459, 193.999715, 39.788284, 90.562234, 0.287049, -1, -1, -1
72, 0, 556.171303, 194.092476, 39.773560, 90.466747, 0.284630, -1, -1, -1
73, 0, 556.262321, 193.926437, 39.713287, 90.861354, 0.282970, -1, -1, -1
89, 0, 558.263817, 193.244104, 35.259399, 88.012376, 0.205829, -1, -1, -1
93, 0, 558.614540, 193.923519, 35.463791, 86.678996, 0.208016, -1, -1, -1
94, 0, 558.649139, 193.373022, 35.639267, 87.617469, 0.204822, -1, -1, -1
96, 0, 558.675690, 193.508077, 35.429230, 87.422504, 0.204571, -1, -1, -1
97, 0, 558.506737, 193.355491, 35.836487, 87.643347, 0.209263, -1, -1, -1
103, 0, 557.944412, 195.778856, 39.335022, 87.711668, 0.298474, -1, -1, -1
104, 0, 557.873878, 195.584064, 39.766235, 88.231587, 0.296405, -1, -1, -1
105, 0, 557.903290, 196.207151, 39.300919, 86.838255, 0.304327, -1, -1, -1
106, 0, 557.917137, 195.807245, 39.156723, 87.558031, 0.308236, -1, -1, -1
107, 0, 558.063202, 195.777118, 38.876572, 87.681499, 0.311952, -1, -1, -1
108, 0, 558.231239, 195.905349, 38.641815, 87.221317, 0.304751, -1, -1, -1
109, 0, 558.255119, 195.666118, 38.778763, 87.592535, 0.297448, -1, -1, -1
110, 0, 557.969666, 193.858202, 40.109558, 91.753778, 0.285400, -1, -1, -1
111, 0, 557.983093, 193.748188, 39.991226, 91.969385, 0.294560, -1, -1, -1
112, 0, 557.598305, 193.646286, 40.786743, 91.787038, 0.309195, -1, -1, -1
113, 0, 557.399178, 194.533517, 41.012497, 90.749431, 0.307151, -1, -1, -1
114, 0, 556.804581, 194.172428, 41.734314, 91.052327, 0.315782, -1, -1, -1
115, 0, 556.909142, 193.941865, 40.807037, 89.321680, 0.301016, -1, -1, -1
116, 0, 557.180176, 192.649233, 40.969620, 91.163177, 0.321567, -1, -1, -1
117, 0, 557.216187, 192.782185, 40.655670, 90.503182, 0.313588, -1, -1, -1
118, 0, 556.866684, 191.475370, 41.612549, 92.609124, 0.304712, -1, -1, -1
119, 0, 556.737251, 191.562445, 41.408997, 92.789369, 0.305161, -1, -1, -1
120, 0, 556.529274, 191.861629, 41.461258, 92.701693, 0.315122, -1, -1, -1
121, 0, 556.273727, 191.431210, 41.599579, 94.151759, 0.338156, -1, -1, -1
122, 0, 556.075401, 191.382587, 41.229630, 95.752330, 0.359950, -1, -1, -1
123, 0, 556.429367, 191.909351, 40.431213, 94.808321, 0.353084, -1, -1, -1
124, 0, 556.304359, 192.640071, 40.714417, 93.487644, 0.353792, -1, -1, -1
125, 0, 556.343384, 192.124465, 40.858612, 94.230123, 0.356410, -1, -1, -1
126, 0, 556.423798, 192.485147, 40.879517, 93.676343, 0.350222, -1, -1, -1
127, 0, 556.352272, 193.210502, 39.296646, 91.284413, 0.289391, -1, -1, -1
128, 0, 556.443634, 193.874917, 39.427032, 90.027509, 0.290536, -1, -1, -1
129, 0, 556.626244, 194.190731, 39.504929, 89.366140, 0.297023, -1, -1, -1
130, 0, 556.694756, 194.077928, 39.155502, 89.345498, 0.291235, -1, -1, -1
131, 0, 556.566429, 193.947916, 39.405746, 89.240098, 0.296795, -1, -1, -1
132, 0, 556.425896, 193.968709, 39.590378, 88.714471, 0.291249, -1, -1, -1
133, 0, 556.666374, 194.917889, 39.892349, 87.397099, 0.293809, -1, -1, -1
134, 0, 556.364594, 197.420068, 36.756058, 82.334032, 0.204643, -1, -1, -1
135, 0, 556.271629, 197.598124, 36.676178, 82.048001, 0.201960, -1, -1, -1
136, 0, 555.913239, 197.012715, 37.258835, 82.955317, 0.211263, -1, -1, -1
137, 0, 556.061325, 196.628001, 37.278366, 83.282633, 0.238725, -1, -1, -1
138, 0, 556.224594, 197.865572, 37.748642, 81.905694, 0.209301, -1, -1, -1
139, 0, 556.080246, 197.425690, 38.576660, 82.399735, 0.216729, -1, -1, -1
140, 0, 556.235771, 196.649222, 38.917923, 83.715391, 0.234536, -1, -1, -1
141, 0, 556.106644, 197.070801, 38.466339, 83.057327, 0.222681, -1, -1, -1
142, 0, 556.285934, 196.785221, 38.334732, 83.482490, 0.223587, -1, -1, -1
143, 0, 556.170540, 196.577897, 38.143845, 83.760924, 0.224920, -1, -1, -1
144, 0, 556.102409, 194.918361, 40.556793, 87.275991, 0.297834, -1, -1, -1
145, 0, 556.154442, 195.175917, 40.541382, 86.982923, 0.306902, -1, -1, -1
146, 0, 555.592041, 192.687600, 40.918732, 89.963436, 0.317856, -1, -1, -1
147, 0, 555.569038, 192.057238, 40.727310, 91.736312, 0.333093, -1, -1, -1
148, 0, 555.562363, 192.160063, 40.764542, 91.268492, 0.326990, -1, -1, -1
149, 0, 555.576553, 192.253532, 40.926666, 91.339731, 0.327192, -1, -1, -1
150, 0, 555.464630, 192.182550, 40.765533, 91.538215, 0.323956, -1, -1, -1
151, 0, 555.522423, 191.849484, 40.782928, 91.957498, 0.325442, -1, -1, -1
152, 0, 555.562973, 191.776550, 40.813828, 92.058949, 0.326981, -1, -1, -1
153, 0, 556.661148, 194.243474, 42.231903, 91.833773, 0.345214, -1, -1, -1
154, 0, 556.436386, 193.280582, 42.605286, 91.519246, 0.340187, -1, -1, -1
155, 0, 556.608658, 193.059504, 42.223282, 91.970243, 0.341964, -1, -1, -1
156, 0, 556.674576, 193.649826, 41.881409, 90.653257, 0.320820, -1, -1, -1
157, 0, 556.622162, 193.719521, 41.925507, 90.673428, 0.322366, -1, -1, -1
158, 0, 554.562912, 194.826329, 44.414368, 91.059365, 0.309643, -1, -1, -1
159, 0, 554.839211, 194.704320, 43.651657, 90.448723, 0.306661, -1, -1, -1
160, 0, 554.892464, 195.051527, 43.289642, 89.724441, 0.293540, -1, -1, -1
161, 0, 555.391197, 195.603998, 42.401962, 88.521609, 0.272472, -1, -1, -1
162, 0, 555.194511, 195.567048, 42.897034, 88.687863, 0.268178, -1, -1, -1
163, 0, 555.499611, 195.961761, 42.043839, 87.895131, 0.279771, -1, -1, -1
164, 0, 555.828590, 195.362148, 42.243805, 89.278507, 0.299464, -1, -1, -1
165, 0, 555.797729, 195.162828, 42.087708, 89.471970, 0.293131, -1, -1, -1
166, 0, 555.561829, 194.814935, 42.415695, 90.029869, 0.300428, -1, -1, -1
167, 0, 555.533867, 194.705007, 42.481918, 90.451984, 0.298853, -1, -1, -1
168, 0, 555.627823, 194.583106, 42.341385, 90.386496, 0.299685, -1, -1, -1
169, 0, 555.538673, 194.069495, 42.482224, 90.954695, 0.302581, -1, -1, -1
170, 0, 557.012329, 194.567313, 41.352539, 90.080252, 0.300052, -1, -1, -1
171, 0, 557.152672, 194.425006, 41.674728, 89.760232, 0.300363, -1, -1, -1
172, 0, 556.844177, 195.190873, 41.553726, 88.641601, 0.305802, -1, -1, -1
173, 0, 556.687698, 195.171196, 41.746674, 88.528733, 0.307228, -1, -1, -1
174, 0, 556.623573, 195.098691, 41.970215, 88.658381, 0.313542, -1, -1, -1
175, 0, 556.776886, 194.934690, 41.813202, 89.034190, 0.315251, -1, -1, -1
176, 0, 556.785088, 195.296123, 41.660080, 88.425307, 0.310969, -1, -1, -1
177, 0, 556.633492, 194.732323, 42.049179, 89.196239, 0.314933, -1, -1, -1
178, 0, 556.317558, 191.921968, 42.099228, 95.261893, 0.372333, -1, -1, -1
179, 0, 556.681366, 192.050800, 42.154465, 95.329571, 0.368202, -1, -1, -1
180, 0, 556.106415, 191.300211, 42.672806, 96.020980, 0.369359, -1, -1, -1
181, 0, 556.313896, 191.542082, 42.361908, 95.735765, 0.374198, -1, -1, -1
182, 0, 555.448418, 192.869539, 42.908478, 91.714897, 0.266740, -1, -1, -1
183, 0, 555.130272, 192.915158, 43.620911, 91.906900, 0.282757, -1, -1, -1
184, 0, 555.406570, 193.326952, 43.788376, 91.005464, 0.270137, -1, -1, -1
185, 0, 555.648537, 194.013126, 43.111725, 90.462713, 0.250131, -1, -1, -1
186, 0, 555.926247, 193.721859, 42.753143, 90.476403, 0.255190, -1, -1, -1
187, 0, 556.111145, 193.968129, 43.108368, 90.370531, 0.247545, -1, -1, -1
188, 0, 555.822029, 193.628047, 43.285217, 90.950017, 0.251391, -1, -1, -1
189, 0, 555.726852, 193.346393, 43.431549, 91.199398, 0.262685, -1, -1, -1
190, 0, 556.114807, 193.088408, 43.640442, 91.950631, 0.285381, -1, -1, -1
191, 0, 556.381607, 193.793957, 43.218079, 90.821786, 0.278379, -1, -1, -1
192, 0, 556.494980, 193.893178, 43.097153, 90.738702, 0.270314, -1, -1, -1
193, 0, 556.417503, 193.609078, 42.913208, 90.573392, 0.267571, -1, -1, -1
194, 0, 556.294861, 192.680068, 42.456360, 92.307558, 0.298004, -1, -1, -1
195, 0, 556.526260, 192.882006, 42.071457, 91.761160, 0.299852, -1, -1, -1
196, 0, 556.351967, 193.301375, 42.227783, 91.082282, 0.277269, -1, -1, -1
197, 0, 556.254005, 193.252258, 41.934586, 91.282825, 0.279749, -1, -1, -1
198, 0, 556.208611, 193.200245, 42.334137, 91.495600, 0.293505, -1, -1, -1
199, 0, 556.213760, 193.524299, 41.933289, 90.947056, 0.299420, -1, -1, -1
200, 0, 556.336823, 193.513613, 41.886063, 91.050997, 0.297568, -1, -1, -1
201, 0, 556.376801, 194.293964, 41.630249, 89.566641, 0.271309, -1, -1, -1
202, 0, 556.365700, 194.301624, 41.632080, 89.444075, 0.273066, -1, -1, -1
203, 0, 556.224899, 194.203713, 41.690826, 89.769073, 0.277981, -1, -1, -1
204, 0, 556.509399, 193.449583, 41.557083, 90.536528, 0.274344, -1, -1, -1
205, 0, 556.386299, 193.962507, 41.750259, 89.724655, 0.276699, -1, -1, -1
230, 0, 559.327278, 195.395901, 36.931534, 86.502786, 0.218188, -1, -1, -1
231, 0, 557.102966, 192.093244, 40.316925, 92.686372, 0.288789, -1, -1, -1
232, 0, 557.422295, 193.177865, 39.578705, 90.783935, 0.274292, -1, -1, -1
233, 0, 557.175026, 191.550643, 39.258194, 93.553133, 0.283161, -1, -1, -1
234, 0, 557.289276, 191.788630, 39.392242, 92.976437, 0.277273, -1, -1, -1
235, 0, 557.112312, 192.294538, 39.440842, 92.310863, 0.285397, -1, -1, -1
236, 0, 557.200203, 192.404251, 39.387436, 92.127399, 0.279976, -1, -1, -1
237, 0, 557.043457, 193.019786, 39.364471, 91.383848, 0.262754, -1, -1, -1
238, 0, 557.356377, 191.239185, 39.446106, 93.552618, 0.283150, -1, -1, -1
239, 0, 557.380638, 190.886121, 39.338760, 94.075456, 0.282411, -1, -1, -1
240, 0, 556.956520, 191.315017, 39.670486, 93.816161, 0.298496, -1, -1, -1
241, 0, 557.393646, 192.527933, 39.076080, 91.744165, 0.270726, -1, -1, -1
242, 0, 557.400780, 189.517229, 39.864426, 95.590668, 0.309137, -1, -1, -1
243, 0, 557.338295, 190.970106, 39.081802, 92.464371, 0.270305, -1, -1, -1
244, 0, 557.497673, 190.690062, 39.143677, 93.221655, 0.297290, -1, -1, -1
245, 0, 557.349510, 190.419803, 39.471817, 93.054242, 0.256933, -1, -1, -1
246, 0, 557.859459, 190.895948, 39.747238, 92.441196, 0.259845, -1, -1, -1
247, 0, 557.820396, 190.534537, 39.857330, 92.934380, 0.271851, -1, -1, -1
248, 0, 557.886162, 189.562097, 40.587692, 93.608408, 0.285766, -1, -1, -1
249, 0, 557.719154, 188.782432, 40.589905, 94.635587, 0.277059, -1, -1, -1
250, 0, 557.672691, 189.112794, 40.440598, 94.333978, 0.267203, -1, -1, -1
251, 0, 557.118645, 187.773170, 43.008499, 98.622851, 0.298099, -1, -1, -1
252, 0, 557.085571, 187.921185, 42.833176, 98.388233, 0.298941, -1, -1, -1
253, 0, 557.029953, 187.563787, 43.221436, 98.853264, 0.305471, -1, -1, -1
254, 0, 557.670403, 188.126686, 42.977982, 98.959651, 0.298202, -1, -1, -1
255, 0, 557.495041, 187.888377, 43.171844, 99.545574, 0.309230, -1, -1, -1
256, 0, 557.709732, 188.127694, 42.877731, 98.710742, 0.308551, -1, -1, -1
257, 0, 557.521706, 188.618367, 42.596130, 98.817344, 0.300879, -1, -1, -1
258, 0, 557.101364, 188.623130, 42.927704, 99.301944, 0.299171, -1, -1, -1
259, 0, 557.136688, 188.659565, 43.029633, 99.206071, 0.300683, -1, -1, -1
260, 0, 557.774239, 190.164156, 41.729279, 95.585775, 0.300661, -1, -1, -1
261, 0, 557.563629, 190.961995, 42.068863, 93.847189, 0.284446, -1, -1, -1
262, 0, 557.695427, 190.979462, 41.971741, 93.873796, 0.277368, -1, -1, -1
263, 0, 557.755432, 190.997036, 41.757965, 93.361988, 0.284274, -1, -1, -1
264, 0, 557.388573, 191.441746, 42.403107, 92.997036, 0.285818, -1, -1, -1
265, 0, 557.055511, 192.256880, 42.668457, 90.474472, 0.286334, -1, -1, -1
266, 0, 557.491035, 191.154792, 42.600937, 92.936311, 0.297851, -1, -1, -1
267, 0, 557.599335, 191.149106, 42.325745, 92.854085, 0.290767, -1, -1, -1
268, 0, 558.064995, 191.285663, 41.815109, 93.281994, 0.297367, -1, -1, -1
269, 0, 558.294907, 191.796613, 41.467133, 92.407207, 0.287715, -1, -1, -1
270, 0, 558.243637, 193.131580, 41.155701, 91.107259, 0.253248, -1, -1, -1
271, 0, 558.658142, 193.339655, 40.512924, 89.721694, 0.255433, -1, -1, -1
272, 0, 558.379288, 192.997899, 40.542145, 90.300364, 0.255821, -1, -1, -1
273, 0, 558.369217, 191.915359, 40.643082, 91.521349, 0.263982, -1, -1, -1
274, 0, 558.394585, 190.493703, 41.016312, 93.067460, 0.272803, -1, -1, -1
275, 0, 558.422737, 190.503960, 40.934143, 93.064198, 0.278325, -1, -1, -1
276, 0, 558.196945, 191.295125, 41.088867, 92.279191, 0.288077, -1, -1, -1
277, 0, 558.145638, 191.197085, 41.164856, 92.414503, 0.296885, -1, -1, -1
278, 0, 559.640007, 191.614974, 38.530579, 91.384878, 0.237891, -1, -1, -1
279, 0, 559.699020, 190.121713, 38.740311, 93.643856, 0.239465, -1, -1, -1
280, 0, 559.702301, 190.098774, 38.647079, 93.854914, 0.235097, -1, -1, -1
281, 0, 559.773674, 190.500677, 38.670959, 93.296928, 0.239706, -1, -1, -1
282, 0, 559.903679, 190.494325, 38.469467, 93.612013, 0.228866, -1, -1, -1
283, 0, 559.710770, 189.828601, 38.938675, 94.916897, 0.239446, -1, -1, -1
284, 0, 559.796410, 190.303373, 38.432007, 94.178882, 0.231889, -1, -1, -1
285, 0, 559.537964, 189.151955, 39.177322, 95.997119, 0.247923, -1, -1, -1
286, 0, 558.548355, 189.000957, 40.216827, 95.670705, 0.227512, -1, -1, -1
287, 0, 558.698235, 189.109898, 40.126266, 94.936337, 0.222469, -1, -1, -1
288, 0, 558.688507, 189.223237, 39.821854, 94.678845, 0.212340, -1, -1, -1
290, 0, 557.325935, 190.205548, 40.156784, 92.037578, 0.235664, -1, -1, -1
291, 0, 557.062454, 190.070922, 39.846344, 91.683140, 0.235734, -1, -1, -1
292, 0, 557.016983, 189.090414, 39.947968, 93.109474, 0.248948, -1, -1, -1
293, 0, 557.223892, 188.836591, 39.881516, 93.497515, 0.242361, -1, -1, -1
294, 0, 557.923126, 188.881545, 39.373093, 93.233671, 0.232187, -1, -1, -1
295, 0, 556.606522, 187.487268, 41.155396, 97.390366, 0.262462, -1, -1, -1
296, 0, 556.567802, 187.474952, 41.199875, 97.564602, 0.267351, -1, -1, -1
297, 0, 556.128349, 187.922773, 41.747742, 97.916465, 0.277794, -1, -1, -1
298, 0, 556.143303, 188.232880, 41.626587, 97.304792, 0.271154, -1, -1, -1
299, 0, 556.469002, 189.157920, 40.918198, 95.742674, 0.256316, -1, -1, -1
300, 0, 556.341133, 189.431677, 40.966873, 95.613198, 0.267978, -1, -1, -1
301, 0, 556.451721, 189.443736, 40.791473, 96.398463, 0.280932, -1, -1, -1
302, 0, 555.890465, 189.581666, 42.036285, 98.095336, 0.328894, -1, -1, -1
303, 0, 555.807037, 189.653378, 42.340546, 98.099499, 0.325489, -1, -1, -1
304, 0, 556.019630, 188.891244, 42.155762, 99.126463, 0.358408, -1, -1, -1
305, 0, 556.215019, 189.403138, 42.090683, 98.305407, 0.351326, -1, -1, -1
306, 0, 556.373253, 189.324217, 41.770020, 98.475695, 0.349367, -1, -1, -1
307, 0, 556.803246, 190.595949, 41.567993, 96.463866, 0.352333, -1, -1, -1
308, 0, 556.980476, 191.223006, 40.885391, 95.159798, 0.349981, -1, -1, -1
309, 0, 556.780624, 191.258969, 41.090546, 95.131130, 0.347454, -1, -1, -1
310, 0, 556.781006, 192.239628, 40.122375, 93.003902, 0.322360, -1, -1, -1
311, 0, 556.679153, 192.384360, 40.103149, 92.639723, 0.313346, -1, -1, -1
312, 0, 556.827126, 193.048947, 39.820938, 91.430497, 0.313737, -1, -1, -1
313, 0, 556.935997, 187.608268, 42.356720, 97.346377, 0.350235, -1, -1, -1
314, 0, 556.359406, 186.795602, 42.420731, 101.479683, 0.344035, -1, -1, -1
315, 0, 556.156349, 186.504529, 43.128128, 102.102728, 0.355816, -1, -1, -1
316, 0, 555.882263, 185.647531, 43.427429, 103.652143, 0.368324, -1, -1, -1
317, 0, 556.089249, 186.740820, 43.452454, 101.841588, 0.370600, -1, -1, -1
318, 0, 556.305046, 186.233840, 43.884506, 102.794867, 0.412348, -1, -1, -1
319, 0, 555.984573, 187.140877, 44.198303, 101.607699, 0.412638, -1, -1, -1
320, 0, 555.779953, 186.873794, 44.725189, 101.750565, 0.424045, -1, -1, -1
321, 0, 555.573006, 187.299728, 44.997635, 100.992036, 0.413241, -1, -1, -1
322, 0, 555.643883, 187.221987, 44.961014, 101.147389, 0.411989, -1, -1, -1
323, 0, 555.418663, 187.507138, 45.164566, 100.996799, 0.421674, -1, -1, -1
324, 0, 555.458984, 187.712617, 45.134735, 100.850115, 0.413331, -1, -1, -1
325, 0, 555.262070, 186.725950, 45.128174, 102.469354, 0.414176, -1, -1, -1
326, 0, 556.003227, 186.203928, 43.070374, 104.465604, 0.462352, -1, -1, -1
327, 0, 556.220474, 185.832753, 43.008347, 105.115771, 0.462979, -1, -1, -1
328, 0, 556.072388, 185.714693, 42.616501, 104.708676, 0.469474, -1, -1, -1
329, 0, 555.852814, 187.711887, 42.300262, 101.176271, 0.423216, -1, -1, -1
330, 0, 555.987320, 188.168957, 41.886520, 100.542841, 0.414971, -1, -1, -1
331, 0, 556.566620, 188.770545, 42.365952, 99.232163, 0.400249, -1, -1, -1
332, 0, 556.588974, 188.861074, 42.117996, 99.027243, 0.400671, -1, -1, -1
333, 0, 556.706123, 188.464236, 42.738800, 100.957317, 0.443649, -1, -1, -1
334, 0, 556.525688, 188.204620, 42.687836, 101.340637, 0.440051, -1, -1, -1
335, 0, 556.692276, 188.448229, 42.738037, 100.970836, 0.442379, -1, -1, -1
336, 0, 556.545105, 188.792839, 42.914429, 100.369935, 0.446506, -1, -1, -1
337, 0, 557.863960, 191.651580, 41.512375, 95.189238, 0.386475, -1, -1, -1
338, 0, 557.966385, 192.458582, 41.291504, 93.126726, 0.390886, -1, -1, -1
339, 0, 558.236885, 195.101802, 40.150528, 89.368844, 0.359223, -1, -1, -1
340, 0, 558.661728, 194.867249, 39.861450, 88.155241, 0.283700, -1, -1, -1
341, 0, 558.310509, 194.410994, 40.117264, 88.586111, 0.279807, -1, -1, -1
342, 0, 558.835487, 193.788700, 40.920334, 90.902338, 0.272268, -1, -1, -1
343, 0, 558.827133, 193.847194, 40.733109, 90.728188, 0.270119, -1, -1, -1
344, 0, 559.309349, 194.142215, 40.980148, 90.158787, 0.268193, -1, -1, -1
345, 0, 559.283524, 193.925042, 41.158829, 90.486102, 0.274010, -1, -1, -1
346, 0, 559.725075, 195.218360, 39.953613, 88.745885, 0.250327, -1, -1, -1
347, 0, 559.962349, 196.307101, 38.760300, 85.955358, 0.215775, -1, -1, -1
348, 0, 559.821625, 196.422307, 38.840714, 86.194568, 0.232787, -1, -1, -1
349, 0, 559.563599, 197.173605, 39.161530, 85.287981, 0.232423, -1, -1, -1
350, 0, 559.989624, 195.038266, 41.171417, 90.487347, 0.297639, -1, -1, -1
351, 0, 560.077553, 194.956555, 40.818558, 90.097461, 0.287684, -1, -1, -1
352, 0, 559.448471, 194.585187, 41.286469, 91.314454, 0.277282, -1, -1, -1
353, 0, 560.006981, 193.681240, 40.469513, 92.265329, 0.258240, -1, -1, -1
354, 0, 560.184364, 194.085009, 40.340042, 91.809869, 0.252182, -1, -1, -1
355, 0, 560.614166, 194.400351, 40.409546, 91.524525, 0.275736, -1, -1, -1
356, 0, 560.489655, 194.915872, 40.468826, 90.608711, 0.269340, -1, -1, -1
357, 0, 560.529594, 194.144511, 40.835495, 91.814632, 0.281998, -1, -1, -1
358, 0, 560.520439, 194.558430, 40.510559, 91.205492, 0.273160, -1, -1, -1
359, 0, 560.527077, 194.507189, 40.534363, 91.250210, 0.272578, -1, -1, -1
360, 0, 559.809456, 193.794837, 40.621948, 91.854801, 0.280973, -1, -1, -1
361, 0, 559.666901, 194.097433, 39.955368, 91.078634, 0.269870, -1, -1, -1
362, 0, 559.894333, 194.612031, 38.917236, 89.816966, 0.249870, -1, -1, -1
363, 0, 560.136833, 195.069830, 38.805618, 89.727616, 0.269340, -1, -1, -1
364, 0, 560.021210, 195.036550, 38.878632, 89.881811, 0.269421, -1, -1, -1
365, 0, 558.289413, 194.055333, 38.952026, 90.068407, 0.221904, -1, -1, -1
366, 0, 558.461761, 194.568708, 39.068832, 89.211602, 0.232823, -1, -1, -1
367, 0, 558.399277, 194.707046, 38.949585, 89.075046, 0.226036, -1, -1, -1
368, 0, 558.660431, 195.336313, 38.903046, 87.883673, 0.228881, -1, -1, -1
369, 0, 558.838539, 195.567842, 38.797989, 87.340150, 0.220231, -1, -1, -1
370, 0, 558.721085, 195.585544, 39.042587, 87.261100, 0.220833, -1, -1, -1
371, 0, 558.668823, 195.671782, 39.088135, 87.220201, 0.206352, -1, -1, -1
372, 0, 558.656425, 195.534625, 39.244614, 87.380319, 0.212085, -1, -1, -1
373, 0, 558.682976, 195.736370, 39.235077, 87.044721, 0.217559, -1, -1, -1
395, 0, 557.978935, 198.612299, 40.751953, 82.109284, 0.200219, -1, -1, -1
396, 0, 557.785263, 199.295275, 41.250916, 81.564689, 0.209366, -1, -1, -1
397, 0, 558.133888, 198.191814, 41.271439, 83.182125, 0.206740, -1, -1, -1
399, 0, 557.609787, 197.871323, 40.928650, 84.053435, 0.209760, -1, -1, -1
400, 0, 557.750282, 196.812172, 41.286697, 86.035480, 0.220131, -1, -1, -1
401, 0, 557.607994, 195.769715, 41.690216, 87.509837, 0.225675, -1, -1, -1
407, 0, 558.620338, 196.326756, 40.859909, 85.104861, 0.220752, -1, -1, -1
408, 0, 558.300858, 197.626083, 40.507660, 83.673892, 0.216087, -1, -1, -1
409, 0, 558.243752, 197.940288, 40.725784, 83.432794, 0.226208, -1, -1, -1
410, 0, 557.393456, 200.207548, 42.377548, 81.619363, 0.210782, -1, -1, -1
411, 0, 557.058029, 199.274311, 42.906265, 82.860432, 0.223669, -1, -1, -1
412, 0, 557.089157, 199.917226, 42.873230, 82.306352, 0.222021, -1, -1, -1
413, 0, 557.808685, 198.766537, 42.941818, 80.996447, 0.200708, -1, -1, -1
414, 0, 557.625809, 198.694954, 43.255310, 80.965419, 0.201567, -1, -1, -1
415, 0, 558.580055, 198.701692, 41.788864, 80.744276, 0.201689, -1, -1, -1
434, 0, 558.316727, 195.142465, 40.887146, 88.166871, 0.215967, -1, -1, -1
436, 0, 560.162544, 197.552698, 39.947281, 84.118409, 0.202569, -1, -1, -1
437, 0, 560.198021, 197.435110, 39.833450, 84.286509, 0.202424, -1, -1, -1
438, 0, 561.555099, 196.424582, 38.949661, 84.821792, 0.224695, -1, -1, -1
439, 0, 561.995430, 196.648901, 38.623962, 84.038072, 0.226349, -1, -1, -1
440, 0, 561.968575, 196.589549, 38.685226, 84.340754, 0.225434, -1, -1, -1
441, 0, 562.230415, 196.546247, 39.171448, 84.349809, 0.226592, -1, -1, -1
442, 0, 562.390022, 196.128016, 38.944702, 84.758921, 0.230556, -1, -1, -1
521, 0, 363.432198, 26.402839, 196.971970, 326.895747, 0.251007, -1, -1, -1
522, 0, 363.236198, 26.544310, 197.154617, 326.538777, 0.247965, -1, -1, -1
523, 0, 367.504349, 31.887571, 198.180695, 312.664933, 0.245693, -1, -1, -1
524, 0, 367.928314, 31.989130, 197.098770, 312.523742, 0.240917, -1, -1, -1
533, 0, 438.111115, 40.242684, 181.218262, 309.872174, 0.315741, -1, -1, -1
534, 0, 438.449478, 40.553005, 186.643448, 316.199355, 0.370637, -1, -1, -1
535, 0, 438.161469, 40.915768, 186.916275, 316.300292, 0.366908, -1, -1, -1
538, 0, 338.752594, 41.274337, 184.395752, 307.159839, 0.227457, -1, -1, -1
539, 0, 488.828468, 58.627371, 158.228493, 293.573012, 0.285481, -1, -1, -1
539, 1, 345.506897, 45.779246, 178.311157, 301.898117, 0.206922, -1, -1, -1
540, 0, 488.871956, 58.873844, 157.745934, 292.354131, 0.277988, -1, -1, -1
540, 1, 345.526733, 45.611619, 178.130646, 301.722293, 0.205805, -1, -1, -1
546, 0, 327.821846, 46.988246, 175.409698, 292.737365, 0.225162, -1, -1, -1
551, 0, 555.396690, 66.885248, 152.355537, 324.017930, 0.597255, -1, -1, -1
551, 1, 352.188263, 61.825798, 138.132477, 280.501256, 0.257668, -1, -1, -1
552, 0, 561.057892, 67.816093, 160.530548, 332.646897, 0.699367, -1, -1, -1
552, 1, 350.490112, 67.528034, 137.421951, 268.354669, 0.329908, -1, -1, -1
553, 0, 561.333313, 67.980577, 161.444397, 333.069677, 0.698065, -1, -1, -1
553, 1, 349.515305, 67.922931, 138.585205, 268.244462, 0.345093, -1, -1, -1
554, 0, 565.803146, 76.727614, 160.734253, 328.410830, 0.645232, -1, -1, -1
554, 1, 349.102325, 64.553668, 139.309540, 273.705611, 0.331957, -1, -1, -1
555, 0, 564.096451, 90.240229, 161.210022, 308.811264, 0.612053, -1, -1, -1
555, 1, 335.523987, 64.375023, 156.553421, 280.496020, 0.505167, -1, -1, -1
556, 0, 564.179993, 90.478967, 161.149139, 307.987289, 0.604739, -1, -1, -1
556, 1, 335.828743, 64.325541, 156.181717, 280.956888, 0.502199, -1, -1, -1
557, 0, 560.080643, 94.890547, 165.752411, 311.531711, 0.670195, -1, -1, -1
557, 1, 337.103767, 64.786828, 152.157669, 284.658980, 0.629158, -1, -1, -1
558, 0, 560.212288, 94.355489, 166.019707, 313.726616, 0.670156, -1, -1, -1
558, 1, 336.824570, 65.102288, 152.735062, 283.869081, 0.632002, -1, -1, -1
559, 0, 561.747818, 100.568687, 171.244812, 308.303061, 0.656106, -1, -1, -1
559, 1, 337.515182, 65.134925, 149.696732, 283.998084, 0.625434, -1, -1, -1
560, 0, 581.422615, 102.535186, 144.871864, 308.976274, 0.505903, -1, -1, -1
560, 1, 349.539719, 67.717259, 136.220169, 266.267524, 0.385800, -1, -1, -1
561, 0, 581.476173, 103.068141, 144.826317, 308.254867, 0.498145, -1, -1, -1
561, 1, 349.572830, 67.834117, 136.287003, 266.287565, 0.390348, -1, -1, -1
562, 0, 575.619011, 85.234251, 164.276009, 335.636358, 0.545572, -1, -1, -1
562, 1, 352.951851, 68.978509, 134.928055, 263.682175, 0.381501, -1, -1, -1
563, 0, 575.215454, 84.328963, 164.764099, 337.290273, 0.540511, -1, -1, -1
563, 1, 352.905350, 69.188429, 135.176773, 263.371983, 0.377924, -1, -1, -1
564, 0, 567.418594, 73.701417, 181.721039, 355.173676, 0.540295, -1, -1, -1
564, 1, 354.470215, 69.850441, 135.430603, 263.786545, 0.422590, -1, -1, -1
565, 0, 567.663345, 74.041843, 194.972992, 353.362498, 0.483711, -1, -1, -1
565, 1, 357.889748, 73.196797, 133.430862, 266.619215, 0.473628, -1, -1, -1
566, 0, 567.051048, 75.825663, 193.617897, 351.179953, 0.471989, -1, -1, -1
566, 1, 357.841263, 72.661428, 133.067017, 265.841932, 0.423384, -1, -1, -1
567, 0, 567.899399, 75.258493, 192.315674, 351.698070, 0.457489, -1, -1, -1
567, 1, 357.854080, 72.343222, 132.857132, 266.824608, 0.431794, -1, -1, -1
568, 0, 566.889572, 74.975746, 193.528442, 352.518246, 0.459688, -1, -1, -1
568, 1, 357.729988, 72.552177, 132.689819, 266.222463, 0.436976, -1, -1, -1
569, 0, 365.751038, 75.839213, 125.705261, 254.369674, 0.337366, -1, -1, -1
569, 1, 603.242531, 102.587693, 221.243095, 308.064773, 0.236746, -1, -1, -1
570, 0, 607.821045, 95.861957, 217.684937, 317.676480, 0.509616, -1, -1, -1
570, 1, 369.092674, 70.580560, 130.042038, 267.348304, 0.375299, -1, -1, -1
571, 0, 607.129745, 96.036000, 219.144440, 317.735467, 0.504460, -1, -1, -1
571, 1, 368.655014, 71.174176, 130.318527, 266.015439, 0.364323, -1, -1, -1
572, 0, 378.710022, 64.697371, 128.034821, 270.397782, 0.371640, -1, -1, -1
572, 1, 627.028847, 94.025213, 199.614983, 323.935661, 0.328704, -1, -1, -1
573, 0, 389.880333, 67.088506, 140.020905, 286.835561, 0.428867, -1, -1, -1
573, 1, 639.300232, 84.631151, 196.063538, 336.830006, 0.305859, -1, -1, -1
574, 0, 390.040283, 66.734819, 139.964981, 287.232141, 0.424411, -1, -1, -1
574, 1, 639.335976, 84.481773, 196.365318, 336.974802, 0.296634, -1, -1, -1
575, 0, 393.826218, 69.452466, 142.703476, 281.262574, 0.534242, -1, -1, -1
575, 1, 651.535568, 88.477299, 177.920837, 334.153011, 0.525490, -1, -1, -1
576, 0, 393.077736, 69.696311, 144.147415, 280.564170, 0.535994, -1, -1, -1
576, 1, 652.185059, 88.016442, 176.628418, 334.985247, 0.521127, -1, -1, -1
577, 0, 398.675041, 65.556697, 139.240189, 285.789585, 0.482863, -1, -1, -1
577, 1, 667.934570, 97.417263, 173.078461, 323.783698, 0.470365, -1, -1, -1
578, 0, 678.502655, 141.779358, 176.147766, 295.818279, 0.449469, -1, -1, -1
579, 0, 678.584976, 142.079937, 175.807953, 295.490062, 0.452378, -1, -1, -1
580, 0, 682.465286, 147.567801, 172.364349, 282.948203, 0.594017, -1, -1, -1
581, 0, 693.180389, 151.999637, 164.980774, 271.030569, 0.743723, -1, -1, -1
582, 0, 692.625504, 151.796004, 165.783081, 271.421227, 0.737895, -1, -1, -1
583, 0, 698.754425, 147.400239, 160.428162, 281.304481, 0.632963, -1, -1, -1
584, 0, 698.480835, 147.657409, 160.844727, 280.870328, 0.632512, -1, -1, -1
585, 0, 727.643890, 161.912009, 105.883789, 266.166329, 0.412942, -1, -1, -1
586, 0, 742.222748, 151.430300, 177.142944, 273.171573, 0.238276, -1, -1, -1
587, 0, 733.650589, 114.378651, 175.366974, 301.589212, 0.220388, -1, -1, -1
588, 0, 736.318436, 113.728570, 167.374725, 302.015276, 0.250429, -1, -1, -1
589, 0, 735.357437, 113.458954, 167.721710, 302.271523, 0.252847, -1, -1, -1
593, 0, 456.778412, 47.351364, 109.990616, 288.776107, 0.318794, -1, -1, -1
594, 0, 457.085724, 47.420039, 109.590683, 288.183789, 0.314323, -1, -1, -1
595, 0, 456.103783, 49.963084, 115.349731, 293.515806, 0.438667, -1, -1, -1
596, 0, 455.959778, 50.113471, 115.610809, 293.093004, 0.430836, -1, -1, -1
616, 0, 517.926674, 104.760969, 183.985939, 370.640345, 0.228821, -1, -1, -1
617, 0, 517.897072, 104.899371, 185.401497, 370.584040, 0.219555, -1, -1, -1
618, 0, 517.741165, 104.730864, 184.616013, 370.467138, 0.234090, -1, -1, -1
618, 1, 762.266693, 91.374514, 160.458221, 318.911541, 0.200082, -1, -1, -1
619, 0, 518.574371, 105.767409, 183.621445, 353.372669, 0.723358, -1, -1, -1
619, 1, 754.676056, 84.740703, 167.544861, 324.681122, 0.447782, -1, -1, -1
620, 0, 518.613701, 105.701104, 183.797264, 353.468971, 0.721770, -1, -1, -1
620, 1, 755.014725, 84.869792, 167.679443, 325.015433, 0.449247, -1, -1, -1
621, 0, 518.373413, 105.920101, 183.828506, 352.988319, 0.726316, -1, -1, -1
621, 1, 755.111237, 84.730521, 167.332153, 324.182768, 0.445880, -1, -1, -1
622, 0, 523.451004, 92.441583, 176.528702, 350.939369, 0.530788, -1, -1, -1
622, 1, 752.033005, 86.604731, 170.478821, 321.309564, 0.326641, -1, -1, -1
623, 0, 523.638802, 92.416992, 176.231194, 351.092792, 0.535213, -1, -1, -1
623, 1, 752.339020, 87.089717, 170.044250, 320.790503, 0.333500, -1, -1, -1
624, 0, 531.934166, 100.660086, 170.598793, 332.239265, 0.320990, -1, -1, -1
624, 1, 754.248123, 99.649386, 171.092987, 307.395015, 0.215790, -1, -1, -1
629, 0, 556.510391, 104.764123, 161.739044, 324.751997, 0.693031, -1, -1, -1
629, 1, 761.843414, 98.405099, 157.285919, 309.834366, 0.213743, -1, -1, -1
630, 0, 566.500244, 93.408551, 168.710632, 327.277651, 0.560704, -1, -1, -1
631, 0, 571.201782, 90.440397, 173.208466, 338.758407, 0.553723, -1, -1, -1
632, 0, 570.932007, 90.620888, 172.842407, 337.965717, 0.556827, -1, -1, -1
633, 0, 567.115822, 102.691333, 182.282143, 380.864239, 0.427156, -1, -1, -1
634, 0, 566.768723, 102.078631, 183.454895, 382.432966, 0.424769, -1, -1, -1
635, 0, 584.368820, 97.897432, 149.403381, 395.719557, 0.352327, -1, -1, -1
636, 0, 584.918633, 97.754867, 148.621101, 395.683851, 0.358181, -1, -1, -1
637, 0, 582.165947, 101.335123, 143.409157, 387.102585, 0.357357, -1, -1, -1
640, 0, 574.123077, 104.082069, 176.215210, 382.854567, 0.354243, -1, -1, -1
641, 0, 573.987923, 103.176019, 176.618004, 384.244080, 0.353556, -1, -1, -1
642, 0, 563.374748, 99.099061, 197.689247, 402.260628, 0.296709, -1, -1, -1
645, 0, 616.072617, 78.182380, 200.015106, 442.897511, 0.216882, -1, -1, -1
646, 0, 615.979462, 78.198237, 200.233765, 442.626843, 0.220667, -1, -1, -1
647, 0, 616.212616, 78.289711, 199.921265, 442.400808, 0.221769, -1, -1, -1
648, 0, 621.985779, 83.012996, 194.382477, 420.602560, 0.229845, -1, -1, -1
746, 0, 739.497986, 120.454767, 200.147858, 362.012987, 0.238779, -1, -1, -1
747, 0, 739.623413, 120.389256, 200.593567, 362.457418, 0.239183, -1, -1, -1
748, 0, 740.413055, 122.619127, 204.884491, 356.625223, 0.336414, -1, -1, -1
749, 0, 740.487061, 122.853520, 204.853363, 355.814788, 0.339226, -1, -1, -1
750, 0, 741.356964, 125.019243, 203.432770, 354.498017, 0.418380, -1, -1, -1
751, 0, 737.583313, 127.258362, 215.198517, 352.216358, 0.281998, -1, -1, -1
752, 0, 737.513504, 127.169012, 215.452576, 352.717524, 0.279213, -1, -1, -1
753, 0, 741.414719, 128.643969, 209.087830, 348.399296, 0.396139, -1, -1, -1
754, 0, 743.961334, 129.273173, 202.340088, 343.456564, 0.479310, -1, -1, -1
755, 0, 743.916016, 128.727365, 202.274475, 345.542722, 0.473572, -1, -1, -1
763, 0, 801.219406, 135.331972, 195.646362, 313.320572, 0.260325, -1, -1, -1
764, 0, 802.102966, 135.699263, 193.720703, 313.041430, 0.268270, -1, -1, -1
766, 0, 825.739212, 120.109996, 186.345673, 294.125977, 0.670520, -1, -1, -1
767, 0, 806.206665, 144.036255, 216.290283, 290.062022, 0.429100, -1, -1, -1
768, 0, 806.527481, 143.449270, 215.414581, 291.339827, 0.431013, -1, -1, -1
771, 0, 841.838150, 115.907500, 180.261536, 291.480911, 0.441202, -1, -1, -1
772, 0, 842.841873, 116.918821, 179.553223, 290.148110, 0.331097, -1, -1, -1
773, 0, 842.943039, 117.016958, 179.432220, 290.094638, 0.334654, -1, -1, -1
774, 0, 852.740784, 119.273103, 175.754395, 286.426277, 0.344312, -1, -1, -1
775, 0, 852.684479, 119.184065, 176.089172, 286.437049, 0.338428, -1, -1, -1
776, 0, 848.927689, 117.836995, 176.511536, 288.428578, 0.453093, -1, -1, -1
777, 0, 850.598602, 115.268190, 176.458740, 291.750290, 0.299915, -1, -1, -1
778, 0, 850.527725, 115.212529, 176.278381, 291.819942, 0.299958, -1, -1, -1
779, 0, 850.327759, 112.765625, 185.185089, 294.546139, 0.264457, -1, -1, -1
779, 1, 711.116180, 245.995495, 123.626862, 234.243429, 0.221488, -1, -1, -1
780, 0, 711.286240, 248.550568, 124.946442, 230.679073, 0.265247, -1, -1, -1
781, 0, 710.963211, 248.910584, 125.566711, 229.993973, 0.260469, -1, -1, -1
782, 0, 710.101624, 248.603396, 125.223083, 232.009277, 0.234088, -1, -1, -1
783, 0, 710.159683, 248.662319, 125.223236, 231.789293, 0.239984, -1, -1, -1
828, 0, 388.436890, 117.637578, 127.959900, 230.799193, 0.374612, -1, -1, -1
828, 1, 712.724228, 246.021030, 122.474670, 238.218548, 0.200777, -1, -1, -1
829, 0, 391.913109, 114.313087, 130.684204, 234.214010, 0.422323, -1, -1, -1
830, 0, 392.179146, 113.669046, 130.296936, 235.095406, 0.439539, -1, -1, -1
831, 0, 401.692581, 102.862791, 122.618790, 251.730895, 0.406800, -1, -1, -1
831, 1, 714.279938, 246.516895, 121.075745, 240.081997, 0.216820, -1, -1, -1
832, 0, 401.571350, 102.912390, 123.008804, 251.433706, 0.413527, -1, -1, -1
832, 1, 714.281158, 246.906266, 121.540527, 239.485388, 0.225118, -1, -1, -1
833, 0, 404.342690, 104.700812, 121.367188, 249.827728, 0.431401, -1, -1, -1
833, 1, 714.153366, 246.658065, 121.584473, 240.174372, 0.234326, -1, -1, -1
834, 0, 404.537354, 104.942672, 120.978622, 249.545946, 0.426961, -1, -1, -1
834, 1, 714.222794, 246.697912, 121.238708, 240.079937, 0.229130, -1, -1, -1
835, 0, 409.308929, 112.260522, 115.853195, 239.900637, 0.300973, -1, -1, -1
835, 1, 713.852463, 246.668215, 123.018341, 240.439568, 0.231121, -1, -1, -1
836, 0, 714.043198, 247.754745, 125.234222, 240.013161, 0.281592, -1, -1, -1
837, 0, 714.871140, 247.251134, 123.393402, 240.394335, 0.282569, -1, -1, -1
838, 0, 714.810867, 247.688098, 123.569489, 239.478264, 0.282342, -1, -1, -1
839, 0, 714.986496, 248.244882, 122.199554, 239.459810, 0.282963, -1, -1, -1
840, 0, 715.210037, 247.888234, 121.886749, 240.383499, 0.281898, -1, -1, -1
841, 0, 714.665833, 249.092782, 121.463318, 237.141931, 0.261572, -1, -1, -1
842, 0, 713.815079, 248.974528, 122.472076, 238.004293, 0.314129, -1, -1, -1
843, 0, 713.623047, 248.746111, 122.971344, 238.082120, 0.313354, -1, -1, -1
844, 0, 714.403839, 246.750119, 122.577515, 240.632150, 0.304260, -1, -1, -1
845, 0, 714.801025, 246.688943, 122.049103, 240.568485, 0.298815, -1, -1, -1
846, 0, 716.303940, 246.425185, 122.031403, 238.989372, 0.346119, -1, -1, -1
847, 0, 716.011505, 246.142502, 122.396851, 239.323425, 0.341803, -1, -1, -1
848, 0, 715.902939, 247.868428, 121.799469, 235.112314, 0.278296, -1, -1, -1
849, 0, 714.978256, 248.806171, 121.754761, 232.953672, 0.261741, -1, -1, -1
850, 0, 716.298065, 248.093047, 120.517731, 233.092203, 0.224255, -1, -1, -1
851, 0, 716.402664, 248.120363, 120.314636, 233.030255, 0.220639, -1, -1, -1
852, 0, 716.004944, 248.062234, 120.734406, 233.307467, 0.213546, -1, -1, -1
853, 0, 716.344910, 248.364379, 120.228729, 232.704527, 0.210109, -1, -1, -1
869, 0, 712.405014, 247.671404, 122.070312, 226.798325, 0.225783, -1, -1, -1
870, 0, 713.414230, 247.084923, 120.497437, 228.888645, 0.247068, -1, -1, -1
871, 0, 713.371887, 247.062800, 120.654755, 228.696535, 0.243303, -1, -1, -1
872, 0, 711.221466, 246.523569, 121.070404, 228.894160, 0.283603, -1, -1, -1
873, 0, 711.436844, 246.039977, 120.881653, 229.685326, 0.280208, -1, -1, -1
874, 0, 714.027023, 244.002099, 118.128357, 234.522829, 0.233897, -1, -1, -1
875, 0, 713.695602, 245.198450, 119.003601, 234.419231, 0.237204, -1, -1, -1
876, 0, 713.791428, 245.143948, 118.983459, 234.324818, 0.237428, -1, -1, -1
954, 0, 820.408173, 146.046774, 208.231659, 315.580108, 0.322248, -1, -1, -1
955, 0, 823.667221, 147.749527, 197.404175, 313.974860, 0.286333, -1, -1, -1
956, 0, 823.346634, 147.355381, 196.730652, 314.206710, 0.306085, -1, -1, -1
957, 0, 823.239136, 147.632164, 197.470245, 313.936386, 0.301554, -1, -1, -1
958, 0, 823.548813, 147.770340, 196.976929, 313.656986, 0.288368, -1, -1, -1
959, 0, 824.957199, 146.789017, 203.404388, 313.397112, 0.247136, -1, -1, -1
968, 0, 802.167282, 125.220881, 261.703949, 474.953642, 0.273947, -1, -1, -1
969, 0, 797.005386, 118.139699, 275.100555, 485.780754, 0.210069, -1, -1, -1
970, 0, 796.878128, 119.810414, 275.292969, 483.549070, 0.216740, -1, -1, -1
974, 0, 795.976562, 108.185055, 276.786804, 499.926853, 0.269548, -1, -1, -1
975, 0, 795.763855, 107.596664, 278.054810, 501.022139, 0.269536, -1, -1, -1
976, 0, 794.752350, 108.159177, 284.729309, 499.225273, 0.226806, -1, -1, -1
977, 0, 794.005127, 107.131205, 285.732422, 501.412153, 0.225876, -1, -1, -1
978, 0, 817.410049, 102.351036, 244.191284, 415.243464, 0.228822, -1, -1, -1
979, 0, 817.586060, 102.786520, 243.784332, 414.902115, 0.210838, -1, -1, -1
980, 0, 816.406708, 105.211365, 242.802582, 409.516497, 0.237645, -1, -1, -1
1002, 0, 557.975502, 197.287931, 42.108231, 86.415238, 0.240689, -1, -1, -1
1003, 0, 557.656517, 199.295511, 44.162750, 84.433451, 0.289239, -1, -1, -1
1004, 0, 557.591019, 199.251566, 44.257126, 84.529967, 0.307047, -1, -1, -1
1005, 0, 557.738533, 194.793177, 44.680328, 88.786569, 0.302452, -1, -1, -1
1005, 1, 818.490448, 149.909488, 219.777222, 294.870000, 0.201007, -1, -1, -1
1006, 0, 557.797813, 194.768822, 43.951797, 88.916259, 0.299768, -1, -1, -1
1007, 0, 557.320366, 192.581921, 45.478516, 92.144351, 0.298824, -1, -1, -1
1007, 1, 265.258999, 149.817778, 146.208057, 216.017818, 0.232274, -1, -1, -1
1008, 0, 557.801018, 192.144721, 44.213715, 92.946868, 0.270692, -1, -1, -1
1009, 0, 557.778893, 192.169504, 44.463882, 93.014588, 0.273582, -1, -1, -1
1010, 0, 558.533936, 193.681862, 42.381668, 89.741778, 0.268050, -1, -1, -1
1011, 0, 558.479767, 193.472457, 42.832489, 90.129218, 0.278282, -1, -1, -1
1012, 0, 558.356018, 193.008370, 42.112961, 90.721192, 0.255674, -1, -1, -1
1013, 0, 558.055305, 194.338553, 41.223526, 88.536973, 0.211131, -1, -1, -1
1014, 0, 558.038330, 194.508605, 41.261292, 88.332739, 0.213801, -1, -1, -1
1030, 0, 808.866730, 141.203606, 126.712189, 304.313629, 0.203579, -1, -1, -1
1060, 0, 606.866264, 112.399836, 238.189812, 398.532271, 0.288882, -1, -1, -1
1061, 0, 607.181168, 112.510664, 237.568970, 398.333788, 0.286707, -1, -1, -1
1062, 0, 606.471138, 111.878414, 238.403206, 399.292688, 0.295681, -1, -1, -1
1063, 0, 602.306099, 120.699599, 233.064384, 385.377989, 0.234130, -1, -1, -1
1064, 0, 611.193237, 127.662055, 208.632965, 371.309910, 0.287415, -1, -1, -1
1065, 0, 611.195145, 127.844188, 208.699646, 371.046839, 0.288888, -1, -1, -1
1066, 0, 611.530914, 127.899849, 208.117676, 370.712872, 0.288425, -1, -1, -1
1067, 0, 612.854042, 153.772180, 196.457405, 328.545477, 0.227874, -1, -1, -1
1070, 0, 535.828094, 110.931036, 248.398895, 405.387697, 0.207890, -1, -1, -1
1082, 0, 793.442993, 217.880044, 136.233978, 200.713906, 0.203139, -1, -1, -1
1083, 0, 793.598099, 218.204613, 135.901947, 200.056014, 0.205327, -1, -1, -1
1084, 0, 793.870239, 216.829047, 135.289459, 203.065925, 0.214629, -1, -1, -1
1085, 0, 793.830948, 216.577992, 135.365295, 203.587346, 0.216887, -1, -1, -1
1086, 0, 369.610291, 123.719122, 142.213821, 219.479156, 0.301630, -1, -1, -1
1086, 1, 798.276978, 215.607355, 132.490082, 203.967898, 0.262134, -1, -1, -1
1086, 2, 604.570465, 239.813025, 83.875275, 142.016809, 0.218175, -1, -1, -1
1087, 0, 798.560333, 215.455413, 132.357025, 204.083405, 0.331512, -1, -1, -1
1087, 1, 369.274216, 123.479955, 142.066879, 220.000620, 0.311064, -1, -1, -1
1087, 2, 603.299065, 240.798576, 84.525642, 141.330378, 0.265552, -1, -1, -1
1088, 0, 798.243179, 215.581326, 132.897339, 203.862262, 0.350756, -1, -1, -1
1088, 1, 369.214935, 123.457360, 142.727432, 219.976072, 0.317969, -1, -1, -1
1088, 2, 603.391037, 241.376925, 84.290466, 139.628248, 0.275065, -1, -1, -1
1089, 0, 797.604446, 212.493911, 135.596924, 209.957657, 0.254631, -1, -1, -1
1090, 0, 797.862778, 212.493954, 135.707855, 209.824748, 0.252217, -1, -1, -1
1091, 0, 799.825745, 211.075816, 130.751190, 215.764661, 0.311064, -1, -1, -1
1099, 0, 789.325333, 207.775626, 131.753693, 221.889496, 0.211795, -1, -1, -1
1100, 0, 788.992157, 207.952523, 132.092133, 221.422448, 0.215347, -1, -1, -1
1101, 0, 789.131241, 207.409258, 132.105103, 223.596497, 0.285464, -1, -1, -1
1102, 0, 792.455978, 203.682382, 134.729919, 231.926901, 0.261808, -1, -1, -1
1103, 0, 792.491531, 203.196902, 135.447388, 232.363973, 0.251116, -1, -1, -1
1104, 0, 789.382629, 205.118265, 136.940918, 232.486582, 0.224153, -1, -1, -1
1105, 0, 787.223663, 204.172239, 137.907562, 234.728737, 0.270212, -1, -1, -1
1106, 0, 787.457352, 203.598933, 137.460175, 236.725416, 0.308748, -1, -1, -1
1107, 0, 788.962936, 203.337107, 139.293365, 236.770220, 0.346562, -1, -1, -1
1108, 0, 789.428787, 203.669443, 138.886261, 236.223264, 0.340187, -1, -1, -1
1109, 0, 791.231613, 202.793005, 137.326965, 235.596764, 0.226733, -1, -1, -1
1110, 0, 792.095184, 202.129598, 135.713043, 236.787643, 0.227643, -1, -1, -1
1111, 0, 792.011795, 202.001860, 135.546570, 236.766164, 0.234139, -1, -1, -1
1112, 0, 788.393555, 204.899955, 137.457886, 233.073277, 0.257705, -1, -1, -1
1113, 0, 788.965073, 204.827642, 136.947174, 232.837543, 0.252299, -1, -1, -1
1114, 0, 788.391495, 205.180557, 137.240753, 232.487805, 0.241615, -1, -1, -1
1115, 0, 787.890396, 208.098092, 135.466156, 225.527558, 0.266196, -1, -1, -1
1115, 1, 379.132042, 67.073883, 171.534424, 276.293106, 0.219664, -1, -1, -1
1116, 0, 787.192764, 208.022432, 136.630249, 226.030998, 0.274672, -1, -1, -1
1116, 1, 379.060631, 67.292258, 171.410675, 276.124020, 0.227244, -1, -1, -1
1117, 0, 382.026672, 64.539227, 167.718811, 279.160666, 0.303797, -1, -1, -1
1117, 1, 788.371201, 205.393353, 135.483856, 231.419406, 0.282579, -1, -1, -1
1118, 0, 392.479935, 68.193287, 160.757904, 273.395333, 0.244812, -1, -1, -1
1119, 0, 392.383690, 67.845179, 161.258850, 273.725953, 0.233697, -1, -1, -1
1123, 0, 401.929779, 56.917999, 152.199326, 285.604234, 0.232504, -1, -1, -1
1124, 0, 401.780472, 56.577541, 152.723083, 285.822287, 0.211484, -1, -1, -1
1139, 0, 786.977997, 204.687932, 140.696564, 231.761034, 0.224356, -1, -1, -1
1140, 0, 786.861954, 204.739301, 141.264801, 231.919434, 0.230466, -1, -1, -1
1149, 0, 795.861740, 202.808046, 136.991272, 226.872740, 0.244031, -1, -1, -1
1150, 0, 796.651611, 203.478813, 129.991150, 226.196737, 0.237714, -1, -1, -1
1151, 0, 796.903839, 203.950238, 129.521484, 225.651155, 0.253425, -1, -1, -1
1264, 0, 572.634125, 36.965657, 140.293121, 341.013780, 0.214456, -1, -1, -1
1276, 0, 569.276810, 32.941915, 147.808838, 351.079917, 0.293638, -1, -1, -1
1277, 0, 569.845009, 33.123672, 146.374092, 350.441229, 0.285933, -1, -1, -1
1278, 0, 566.106606, 35.396501, 149.695778, 347.564678, 0.365788, -1, -1, -1
1279, 0, 566.094818, 35.376706, 149.596405, 347.212129, 0.354640, -1, -1, -1
1280, 0, 573.213654, 32.602304, 145.615540, 351.148410, 0.484217, -1, -1, -1
1281, 0, 585.017700, 32.652140, 129.814148, 346.703796, 0.586012, -1, -1, -1
1282, 0, 585.385094, 32.803599, 129.712105, 346.270437, 0.584938, -1, -1, -1
1283, 0, 586.828918, 35.749254, 133.594666, 338.815527, 0.693401, -1, -1, -1
1284, 0, 595.351944, 33.594840, 129.828491, 339.867446, 0.704156, -1, -1, -1
1285, 0, 595.488701, 33.255079, 128.735924, 340.786650, 0.701620, -1, -1, -1
1286, 0, 584.540710, 35.398582, 163.014374, 339.225540, 0.763221, -1, -1, -1
1287, 0, 585.219727, 35.520859, 161.093445, 339.111643, 0.759532, -1, -1, -1
1288, 0, 590.996819, 29.750580, 152.612877, 337.107239, 0.658666, -1, -1, -1
1289, 0, 596.020241, 32.796689, 148.440666, 333.748856, 0.485118, -1, -1, -1
1289, 1, 580.964279, 131.979307, 117.108154, 214.609165, 0.223830, -1, -1, -1
1290, 0, 596.162262, 32.615007, 148.021240, 333.455486, 0.483777, -1, -1, -1
1290, 1, 580.610809, 131.911898, 116.961899, 214.772072, 0.216184, -1, -1, -1
1291, 1, 597.852707, 23.588398, 145.038147, 341.005089, 0.466797, -1, -1, -1
1292, 0, 597.907295, 23.390622, 145.173149, 341.282129, 0.477699, -1, -1, -1
1293, 0, 596.023636, 25.661573, 150.921783, 337.747149, 0.454531, -1, -1, -1
1303, 0, 669.038010, 176.680992, 94.632568, 161.941867, 0.249511, -1, -1, -1
1312, 0, 724.037323, 171.017196, 77.527924, 162.037525, 0.253018, -1, -1, -1
1313, 0, 724.557724, 172.290924, 82.050934, 155.728626, 0.543007, -1, -1, -1
1314, 0, 724.109955, 171.424077, 82.323303, 156.999993, 0.518621, -1, -1, -1
1315, 0, 724.511032, 171.321219, 81.940460, 156.959664, 0.518140, -1, -1, -1
1316, 0, 724.585800, 171.168108, 81.982574, 157.305937, 0.514582, -1, -1, -1
1317, 0, 727.956467, 176.865968, 81.836243, 148.816048, 0.428701, -1, -1, -1
1318, 0, 723.209076, 182.223401, 82.618561, 140.430379, 0.305665, -1, -1, -1
1319, 0, 724.883423, 187.268314, 70.729828, 128.550725, 0.223990, -1, -1, -1
1320, 0, 724.811859, 187.584643, 70.759430, 128.354731, 0.230098, -1, -1, -1
1324, 0, 265.303116, 328.512025, 320.817566, 393.779483, 0.354380, -1, -1, -1
1325, 0, 264.631081, 327.368674, 322.438736, 395.481591, 0.372790, -1, -1, -1
1326, 0, 263.808727, 338.900027, 352.061157, 367.688713, 0.206698, -1, -1, -1
1327, 0, 263.201427, 338.099699, 351.956940, 369.372969, 0.224113, -1, -1, -1
1434, 0, 568.791313, 152.251314, 152.459526, 336.383128, 0.397916, -1, -1, -1
1435, 0, 569.155617, 152.304207, 152.042656, 336.369996, 0.391217, -1, -1, -1
1436, 0, 563.281593, 148.391154, 157.062492, 341.863868, 0.439357, -1, -1, -1
1437, 0, 570.578499, 153.150412, 156.382561, 333.463683, 0.369574, -1, -1, -1
1437, 1, 789.932785, 185.095661, 248.743591, 332.645352, 0.273382, -1, -1, -1
1438, 0, 570.432663, 151.525637, 167.282867, 334.768653, 0.378356, -1, -1, -1
1439, 0, 570.076447, 151.682589, 167.951660, 334.752796, 0.401535, -1, -1, -1
1449, 0, 547.352524, 142.201763, 181.762238, 348.310118, 0.302278, -1, -1, -1
1450, 0, 539.961586, 140.884938, 190.232964, 344.142909, 0.428611, -1, -1, -1
1451, 0, 543.826485, 143.054802, 184.698982, 345.841949, 0.366456, -1, -1, -1
1452, 0, 543.425446, 142.479340, 184.651337, 346.481667, 0.352356, -1, -1, -1
1452, 1, 807.894745, 212.778697, 266.413269, 293.434825, 0.204383, -1, -1, -1
1453, 0, 541.817551, 142.236793, 193.565521, 341.334937, 0.291014, -1, -1, -1
1454, 0, 545.141754, 141.519881, 191.356049, 343.307304, 0.330138, -1, -1, -1
1455, 0, 548.744125, 150.281832, 192.567139, 332.102516, 0.410378, -1, -1, -1
1456, 0, 551.719360, 150.686245, 186.911011, 334.226375, 0.475340, -1, -1, -1
1457, 0, 550.609360, 150.340508, 187.810669, 335.197978, 0.458135, -1, -1, -1
1458, 0, 556.890373, 150.136671, 181.970253, 331.387053, 0.587224, -1, -1, -1
1459, 0, 556.557274, 150.919747, 181.673164, 330.197611, 0.589781, -1, -1, -1
1460, 0, 560.245132, 138.486260, 159.054871, 341.033821, 0.634098, -1, -1, -1
1461, 0, 560.001335, 138.528972, 159.014473, 340.978589, 0.633575, -1, -1, -1
1462, 0, 558.575974, 139.167295, 156.259842, 337.702174, 0.607583, -1, -1, -1
1463, 0, 560.815773, 140.246605, 145.837288, 336.456470, 0.481937, -1, -1, -1
1464, 0, 564.873047, 142.323364, 138.186417, 334.095783, 0.471605, -1, -1, -1
1465, 0, 564.831314, 142.596263, 137.646866, 333.955493, 0.470694, -1, -1, -1
1466, 0, 563.762589, 133.757193, 144.491730, 340.356424, 0.485643, -1, -1, -1
1467, 0, 562.984047, 134.655390, 144.194298, 339.439301, 0.478088, -1, -1, -1
1468, 0, 569.229660, 140.371156, 153.170929, 333.299747, 0.519866, -1, -1, -1
1469, 0, 568.756065, 141.389623, 152.709236, 332.535553, 0.525928, -1, -1, -1
1470, 0, 572.934456, 138.381150, 155.011787, 337.288320, 0.636206, -1, -1, -1
1471, 0, 572.925873, 138.377395, 155.349579, 336.926179, 0.635263, -1, -1, -1
1472, 0, 572.736816, 137.987187, 155.637665, 337.161462, 0.638608, -1, -1, -1
1473, 0, 573.385124, 127.511573, 158.795586, 346.411500, 0.617848, -1, -1, -1
1474, 0, 573.587761, 127.807453, 158.730278, 346.071675, 0.613006, -1, -1, -1
1475, 0, 580.393829, 129.154823, 153.478088, 345.164702, 0.458423, -1, -1, -1
1476, 0, 582.940674, 114.782453, 150.340729, 368.789492, 0.411509, -1, -1, -1
1477, 0, 583.305779, 114.453571, 149.575539, 369.126806, 0.407423, -1, -1, -1
1478, 0, 583.172531, 122.537405, 162.303314, 360.062656, 0.581156, -1, -1, -1
1479, 0, 583.082123, 122.711298, 162.441254, 360.036736, 0.580631, -1, -1, -1
1480, 0, 582.022057, 97.738731, 172.069283, 401.680069, 0.359654, -1, -1, -1
1481, 0, 583.195724, 118.997319, 158.048859, 374.258366, 0.274584, -1, -1, -1
1482, 0, 584.567566, 119.569294, 156.824799, 374.241714, 0.264278, -1, -1, -1
1483, 0, 580.168114, 116.881828, 167.340736, 372.915201, 0.353875, -1, -1, -1
1484, 0, 578.169785, 101.920466, 163.036041, 399.073734, 0.213226, -1, -1, -1
1485, 0, 578.059616, 101.765585, 162.606506, 399.130297, 0.207501, -1, -1, -1
1488, 0, 620.077591, 96.308513, 241.732635, 403.995051, 0.209550, -1, -1, -1
1489, 0, 626.040230, 104.873772, 237.210350, 390.520792, 0.208948, -1, -1, -1
1490, 0, 629.280624, 108.109717, 232.720337, 384.191337, 0.207055, -1, -1, -1
1510, 0, 555.187645, 115.821573, 218.292961, 356.048141, 0.553621, -1, -1, -1
1511, 0, 555.390244, 115.388921, 218.238678, 356.689897, 0.553637, -1, -1, -1
1512, 0, 529.666214, 135.802431, 229.667206, 330.101738, 0.389721, -1, -1, -1
1513, 0, 518.050270, 137.887033, 237.769279, 329.160089, 0.486263, -1, -1, -1
1514, 0, 518.131409, 136.770043, 242.030640, 330.121350, 0.512355, -1, -1, -1
1515, 0, 509.255829, 132.578641, 214.894485, 336.010494, 0.543552, -1, -1, -1
1516, 0, 496.317673, 146.598451, 172.110901, 332.600892, 0.456312, -1, -1, -1
1517, 0, 496.681824, 146.634243, 171.533508, 332.355673, 0.459210, -1, -1, -1
1518, 0, 496.388702, 146.248991, 171.782608, 333.194883, 0.446062, -1, -1, -1
1522, 0, 451.476517, 147.725247, 166.608429, 211.434674, 0.414584, -1, -1, -1
1523, 0, 440.400810, 135.466586, 169.341125, 219.747248, 0.266702, -1, -1, -1
1524, 0, 440.586777, 135.648741, 169.037247, 219.181108, 0.253899, -1, -1, -1
1526, 0, 367.695122, 135.255700, 179.886017, 215.469489, 0.336632, -1, -1, -1
1527, 0, 367.683525, 134.980001, 179.936523, 215.662694, 0.347067, -1, -1, -1
1528, 0, 370.509415, 149.470539, 177.519455, 187.433710, 0.301319, -1, -1, -1
1529, 0, 370.944672, 149.122410, 177.965851, 187.408819, 0.283147, -1, -1, -1
1530, 0, 358.296242, 164.017618, 160.218964, 182.458920, 0.445802, -1, -1, -1
1538, 0, 808.103027, 118.547620, 240.218964, 352.016158, 0.297597, -1, -1, -1
1539, 0, 821.413040, 110.004827, 222.338562, 291.830349, 0.282588, -1, -1, -1
1540, 0, 820.745392, 109.316068, 223.228760, 293.389549, 0.273509, -1, -1, -1
1541, 0, 817.307434, 102.857866, 220.591888, 302.205777, 0.210439, -1, -1, -1
1542, 0, 817.272491, 102.472229, 221.028595, 303.141031, 0.215470, -1, -1, -1
1550, 0, 791.682587, 107.155302, 243.579712, 380.646400, 0.253804, -1, -1, -1
1583, 0, 727.076797, 111.108727, 228.870392, 386.139221, 0.207114, -1, -1, -1
1584, 0, 726.497955, 110.158668, 229.712982, 387.478781, 0.208262, -1, -1, -1
1585, 0, 731.783447, 114.086452, 230.600739, 378.592987, 0.291194, -1, -1, -1
1588, 0, 717.877808, 108.776042, 242.140656, 388.844862, 0.395836, -1, -1, -1
1589, 0, 718.164215, 108.638048, 242.385254, 389.252558, 0.382629, -1, -1, -1
1590, 0, 712.898254, 109.526095, 245.908661, 385.000463, 0.465604, -1, -1, -1
1591, 0, 702.328568, 102.550249, 267.707062, 407.777138, 0.209390, -1, -1, -1
1592, 0, 701.635818, 101.414559, 269.826660, 409.933376, 0.214705, -1, -1, -1
1608, 0, 623.391724, 96.909177, 241.834717, 414.070330, 0.217090, -1, -1, -1
1609, 0, 623.209152, 96.940849, 242.497101, 413.737307, 0.215458, -1, -1, -1
1610, 0, 618.412209, 88.929842, 251.949883, 431.382809, 0.278906, -1, -1, -1
1611, 0, 611.839905, 88.500216, 253.966675, 436.161346, 0.455000, -1, -1, -1
1612, 0, 612.053185, 88.912268, 253.443794, 435.713181, 0.442601, -1, -1, -1
1613, 0, 616.115799, 95.157781, 244.566803, 422.398610, 0.421492, -1, -1, -1
1614, 0, 612.193336, 96.133955, 250.605431, 422.041082, 0.352764, -1, -1, -1
1615, 0, 611.400681, 95.736687, 252.539368, 423.017321, 0.362225, -1, -1, -1
1616, 0, 614.410896, 92.214174, 260.862236, 425.239348, 0.222015, -1, -1, -1
1617, 0, 614.377594, 92.416241, 260.927277, 424.739599, 0.226397, -1, -1, -1
1652, 0, 566.532745, 137.855694, 217.736053, 343.569324, 0.207352, -1, -1, -1
1653, 0, 566.128998, 138.679562, 218.363647, 342.631731, 0.208930, -1, -1, -1
1654, 0, 566.327744, 139.807366, 217.977142, 342.006283, 0.207662, -1, -1, -1
1655, 0, 566.395378, 139.258275, 217.765999, 343.297648, 0.205893, -1, -1, -1
1656, 0, 567.433281, 137.435424, 216.954689, 348.580163, 0.241442, -1, -1, -1
1667, 0, 568.920174, 120.279629, 200.234489, 377.880421, 0.215546, -1, -1, -1
1668, 0, 567.287369, 130.795305, 184.110718, 367.790766, 0.438195, -1, -1, -1
1669, 0, 569.507599, 131.842976, 182.664795, 366.071749, 0.441133, -1, -1, -1
1670, 0, 561.785965, 129.723279, 193.554382, 373.966541, 0.473629, -1, -1, -1
1671, 0, 562.496376, 129.639745, 192.459984, 373.920064, 0.470325, -1, -1, -1
1672, 0, 560.115051, 123.695605, 207.919464, 381.395102, 0.419946, -1, -1, -1
1673, 0, 559.744263, 122.831140, 208.648987, 382.673550, 0.419221, -1, -1, -1
1674, 0, 560.497093, 122.943707, 206.609383, 382.075567, 0.398305, -1, -1, -1
1675, 0, 559.766693, 122.692502, 208.011322, 382.407131, 0.401181, -1, -1, -1
1676, 0, 560.846214, 122.874634, 206.401711, 381.912403, 0.403196, -1, -1, -1
1677, 0, 560.216026, 123.485835, 207.321968, 381.046629, 0.405420, -1, -1, -1
1678, 0, 567.131424, 113.522737, 196.378784, 400.446424, 0.367653, -1, -1, -1
1679, 0, 564.151154, 118.895137, 203.097076, 388.034878, 0.376235, -1, -1, -1
1680, 0, 564.619370, 118.862264, 202.532654, 388.050928, 0.372540, -1, -1, -1
1681, 0, 562.293282, 124.679525, 208.904381, 380.948782, 0.324471, -1, -1, -1
1682, 0, 561.117325, 127.715743, 211.150208, 374.712925, 0.349792, -1, -1, -1
1683, 0, 552.109261, 124.176922, 224.209785, 378.871808, 0.242662, -1, -1, -1
1684, 0, 547.701569, 119.735999, 222.640686, 381.618133, 0.245310, -1, -1, -1
1685, 0, 547.936249, 120.454681, 222.393799, 380.168409, 0.245307, -1, -1, -1
1752, 0, 264.861755, 128.865477, 160.368881, 248.953328, 0.215192, -1, -1, -1
1753, 0, 264.571800, 129.193296, 160.514984, 248.368049, 0.218175, -1, -1, -1
1754, 0, 263.506298, 124.927061, 156.596470, 262.811701, 0.267553, -1, -1, -1
1755, 0, 262.957687, 125.485679, 156.641617, 260.852551, 0.277601, -1, -1, -1
1756, 0, 533.992500, 95.178852, 254.476738, 424.282036, 0.453378, -1, -1, -1
1761, 0, 569.019165, 91.706014, 172.122192, 426.561313, 0.305994, -1, -1, -1
1761, 1, 614.842300, 76.592023, 230.759430, 446.547117, 0.219584, -1, -1, -1
1762, 0, 569.429932, 91.805856, 172.456055, 427.133675, 0.327763, -1, -1, -1
1762, 1, 613.172760, 76.114869, 232.834473, 447.848740, 0.236272, -1, -1, -1
1763, 0, 569.286728, 91.902394, 172.176666, 427.001367, 0.320921, -1, -1, -1
1763, 1, 613.603020, 76.675773, 232.514229, 446.821990, 0.235604, -1, -1, -1
1764, 0, 569.242592, 91.873941, 172.180443, 426.918712, 0.323046, -1, -1, -1
1764, 1, 613.430367, 76.379850, 232.906151, 447.243290, 0.231981, -1, -1, -1
1765, 0, 568.917999, 92.062018, 172.003021, 426.538954, 0.313460, -1, -1, -1
1765, 1, 613.763885, 76.782353, 232.304382, 446.567888, 0.226816, -1, -1, -1
1766, 0, 572.532043, 91.220963, 166.477966, 427.024755, 0.259724, -1, -1, -1
1767, 0, 571.500244, 90.813138, 167.802582, 427.651920, 0.283352, -1, -1, -1
1768, 0, 614.123917, 79.090297, 237.446594, 444.906378, 0.397984, -1, -1, -1
1769, 0, 608.422089, 79.578888, 240.968933, 445.248585, 0.386444, -1, -1, -1
1770, 0, 608.680725, 79.882815, 240.501251, 444.519281, 0.395235, -1, -1, -1
1774, 0, 336.255455, 112.012997, 91.098633, 245.537610, 0.200549, -1, -1, -1
1776, 0, 336.250916, 112.094557, 91.827774, 244.802213, 0.210513, -1, -1, -1
1825, 0, 598.836060, 70.183303, 276.810913, 463.341265, 0.329816, -1, -1, -1
1826, 0, 598.416061, 71.722462, 277.442627, 460.144501, 0.339568, -1, -1, -1
1827, 0, 599.439316, 71.448190, 276.157684, 460.569448, 0.337138, -1, -1, -1
1828, 0, 598.941422, 71.674848, 276.789398, 460.112615, 0.340965, -1, -1, -1
1829, 0, 598.249893, 71.371329, 277.673645, 460.552626, 0.345776, -1, -1, -1
1830, 0, 598.704071, 72.174296, 277.305298, 459.291945, 0.351829, -1, -1, -1
1831, 0, 599.206505, 72.581863, 276.953011, 458.696795, 0.350690, -1, -1, -1
1832, 0, 598.806610, 73.084788, 277.200317, 457.805786, 0.352587, -1, -1, -1
1835, 0, 597.849236, 85.436275, 263.143196, 437.272339, 0.319038, -1, -1, -1
1836, 0, 598.227692, 85.421147, 262.891083, 437.179341, 0.321356, -1, -1, -1
1837, 0, 585.643234, 72.776635, 289.228516, 461.667223, 0.361311, -1, -1, -1
1838, 0, 587.467728, 69.921370, 289.151154, 465.267091, 0.385208, -1, -1, -1
1839, 0, 587.671356, 70.281558, 288.505402, 464.527874, 0.383818, -1, -1, -1
1840, 0, 598.440552, 76.661761, 272.467346, 454.160643, 0.389098, -1, -1, -1
1841, 0, 598.156013, 77.247384, 272.781258, 453.098402, 0.387278, -1, -1, -1
1842, 0, 598.089828, 79.481621, 271.134949, 450.477519, 0.398116, -1, -1, -1
1843, 0, 593.755875, 87.746601, 271.942902, 440.534291, 0.445606, -1, -1, -1
1844, 0, 593.401947, 87.056737, 271.920166, 442.171211, 0.438215, -1, -1, -1
1845, 0, 593.194122, 91.987538, 284.403381, 431.488423, 0.408497, -1, -1, -1
1846, 0, 592.731094, 91.046791, 285.990448, 432.540407, 0.398018, -1, -1, -1
1847, 0, 595.809708, 97.999892, 281.819458, 419.746785, 0.364486, -1, -1, -1
1848, 0, 596.539688, 98.770094, 277.459106, 415.049057, 0.550731, -1, -1, -1
1849, 0, 596.996117, 99.104362, 276.329384, 414.775515, 0.547701, -1, -1, -1
1850, 0, 595.554886, 78.115110, 270.333252, 451.922779, 0.513233, -1, -1, -1
1851, 0, 594.101486, 77.073212, 272.503967, 452.924509, 0.527259, -1, -1, -1
1852, 0, 591.193581, 77.130311, 277.274590, 451.090221, 0.558245, -1, -1, -1
1853, 0, 591.853714, 64.430459, 291.953430, 472.127151, 0.500146, -1, -1, -1
1854, 0, 591.934090, 64.418764, 292.156029, 472.334518, 0.499603, -1, -1, -1
1855, 0, 588.034096, 82.840261, 297.606010, 445.065036, 0.433167, -1, -1, -1
1856, 0, 588.270226, 83.333530, 296.939201, 444.383411, 0.429053, -1, -1, -1
1857, 0, 582.913628, 86.486585, 302.183952, 440.500431, 0.376087, -1, -1, -1
1869, 0, 589.465446, 97.108369, 304.829140, 430.526991, 0.360634, -1, -1, -1
1870, 0, 589.592361, 97.084744, 304.940491, 430.499954, 0.357887, -1, -1, -1
1871, 0, 588.715210, 98.101065, 306.514740, 426.680660, 0.297108, -1, -1, -1
1872, 0, 588.531189, 98.161490, 307.862091, 427.067413, 0.305500, -1, -1, -1
1873, 0, 607.842560, 95.405445, 287.149353, 433.712811, 0.374468, -1, -1, -1
1874, 0, 613.594818, 98.840947, 280.130615, 427.420650, 0.353573, -1, -1, -1
1876, 0, 635.699234, 114.110613, 261.496582, 396.565504, 0.225676, -1, -1, -1
1877, 0, 635.858688, 113.779328, 262.418213, 397.669630, 0.227841, -1, -1, -1
2017, 0, 589.307823, 64.666257, 142.655373, 379.816332, 0.344391, -1, -1, -1
2018, 0, 583.435669, 70.680370, 144.033051, 372.783108, 0.387380, -1, -1, -1
2019, 0, 582.386398, 70.554371, 145.206909, 372.976742, 0.404558, -1, -1, -1
2020, 0, 578.970451, 71.824429, 147.866859, 367.012796, 0.406322, -1, -1, -1
2021, 0, 579.924622, 71.604874, 146.878357, 367.804842, 0.398508, -1, -1, -1
2022, 0, 564.176292, 75.942650, 158.189888, 368.768764, 0.429761, -1, -1, -1
2023, 0, 561.400833, 76.593590, 167.309570, 368.763614, 0.606865, -1, -1, -1
2024, 0, 561.032867, 76.833293, 168.237610, 368.054008, 0.607924, -1, -1, -1
2025, 0, 560.919456, 78.295934, 168.533974, 364.823599, 0.604087, -1, -1, -1
2026, 0, 560.872650, 78.237076, 168.649139, 364.870420, 0.602213, -1, -1, -1
2027, 0, 558.146896, 84.864138, 165.508118, 358.776484, 0.527023, -1, -1, -1
2028, 0, 558.264008, 85.024374, 165.255737, 358.678658, 0.529023, -1, -1, -1
2029, 0, 549.751740, 89.996846, 173.722839, 354.119976, 0.498071, -1, -1, -1
2030, 0, 553.082695, 108.746527, 165.410805, 359.897561, 0.582132, -1, -1, -1
2030, 1, 792.890778, 98.635426, 281.968079, 311.696806, 0.228060, -1, -1, -1
2031, 0, 553.043404, 108.845125, 164.410210, 359.951720, 0.580676, -1, -1, -1
2031, 1, 793.492279, 99.379020, 281.043091, 310.134430, 0.232468, -1, -1, -1
2032, 0, 556.050644, 103.838267, 151.773224, 391.277690, 0.491133, -1, -1, -1
2033, 0, 555.992508, 103.705659, 152.038040, 391.386909, 0.493938, -1, -1, -1
2034, 0, 562.486343, 119.351134, 150.225143, 372.296362, 0.255260, -1, -1, -1
