2, 0, 1089.401703, -0.438488, 104.764042, 207.614715, 0.540491, -1, -1, -1
3, 0, 1089.662933, -0.992310, 104.231567, 208.404229, 0.479890, -1, -1, -1
4, 0, 1088.337784, 0.762488, 107.967405, 208.284302, 0.440223, -1, -1, -1
5, 0, 1091.804810, 3.251331, 100.042114, 204.452841, 0.922141, -1, -1, -1
6, 0, 1091.924591, 3.213201, 99.689331, 204.560151, 0.921250, -1, -1, -1
7, 0, 1094.069824, 3.458000, 95.942383, 202.722108, 0.918511, -1, -1, -1
8, 0, 1093.322906, 1.630783, 104.235477, 201.284187, 0.894328, -1, -1, -1
9, 0, 1093.385773, 1.835672, 103.910275, 201.030257, 0.896831, -1, -1, -1
10, 0, 1093.406982, 1.859876, 103.842039, 200.978286, 0.894021, -1, -1, -1
11, 0, 1094.158707, 1.507509, 100.583858, 200.693178, 0.902063, -1, -1, -1
12, 0, 1094.204330, 1.473348, 100.498295, 200.658503, 0.905626, -1, -1, -1
13, 0, 1094.190216, 1.519772, 100.498295, 200.630608, 0.904432, -1, -1, -1
14, 0, 1094.125366, 2.247895, 101.498899, 198.471000, 0.834403, -1, -1, -1
15, 0, 1095.731964, 1.450185, 102.251711, 198.659978, 0.824219, -1, -1, -1
16, 0, 1095.758896, 1.545306, 102.187624, 198.723063, 0.819017, -1, -1, -1
17, 0, 1095.628281, 4.791574, 109.271116, 191.786399, 0.690127, -1, -1, -1
18, 0, 1096.503067, 3.720181, 114.445066, 195.255482, 0.668558, -1, -1, -1
19, 0, 1096.263885, 3.734440, 114.606686, 195.550096, 0.688451, -1, -1, -1
20, 0, 1096.045074, 0.406172, 119.878788, 200.384638, 0.846278, -1, -1, -1
21, 0, 1096.208954, 0.142618, 120.231571, 200.694916, 0.820500, -1, -1, -1
22, 0, 1097.453766, -0.686624, 119.120235, 203.528016, 0.558062, -1, -1, -1
23, 0, 1097.521820, -1.167126, 119.870605, 203.389099, 0.565179, -1, -1, -1
24, 0, 1097.372284, 0.005890, 120.093384, 203.124290, 0.598362, -1, -1, -1
25, 0, 1094.150848, 1.170881, 121.295414, 197.964792, 0.788704, -1, -1, -1
26, 0, 1094.199448, 1.161032, 121.115847, 198.252347, 0.786604, -1, -1, -1
27, 0, 1095.506821, 2.262990, 119.741335, 197.823193, 0.894002, -1, -1, -1
28, 0, 1096.258392, 2.522993, 124.859257, 198.886206, 0.854358, -1, -1, -1
29, 0, 1096.113434, 2.581251, 124.783077, 198.841252, 0.859243, -1, -1, -1
30, 0, 1097.379150, 4.034267, 120.936031, 196.492774, 0.931664, -1, -1, -1
31, 0, 1099.284439, 4.373503, 122.077150, 197.453177, 0.899388, -1, -1, -1
32, 0, 1098.948212, 4.300128, 122.222414, 197.456803, 0.902727, -1, -1, -1
33, 0, 1099.575653, 3.859109, 119.550657, 197.026577, 0.932545, -1, -1, -1
34, 0, 1099.852448, 3.768321, 119.581299, 197.227056, 0.934710, -1, -1, -1
35, 0, 1099.742813, 5.684234, 118.017092, 195.532265, 0.953228, -1, -1, -1
36, 0, 1099.818344, 5.756063, 117.760744, 195.397961, 0.954620, -1, -1, -1
37, 0, 1100.056381, 5.563331, 117.594604, 195.658457, 0.950493, -1, -1, -1
38, 0, 1100.117340, 5.638282, 117.237911, 195.615242, 0.952574, -1, -1, -1
39, 0, 1099.920197, 5.453596, 117.698727, 195.695665, 0.949900, -1, -1, -1
40, 0, 1100.392227, 4.689327, 121.609621, 197.189848, 0.946851, -1, -1, -1
41, 0, 1100.666275, 4.812291, 121.016970, 197.104468, 0.954017, -1, -1, -1
42, 0, 1100.755005, 4.750095, 120.962400, 197.179356, 0.953922, -1, -1, -1
43, 0, 1102.037582, 3.962535, 120.710325, 198.671050, 0.941367, -1, -1, -1
43, 1, 332.175064, -6.918581, 61.197996, 161.095093, 0.413938, -1, -1, -1
44, 0, 1101.950455, 4.170384, 119.989262, 197.944257, 0.945098, -1, -1, -1
44, 1, 332.123032, -7.350851, 60.886292, 162.229325, 0.471769, -1, -1, -1
45, 0, 1102.200089, 4.551934, 119.131470, 197.630138, 0.947932, -1, -1, -1
45, 1, 332.069855, -7.328326, 61.003723, 162.187632, 0.467460, -1, -1, -1
46, 0, 1102.346039, 4.632916, 118.873043, 197.354729, 0.949047, -1, -1, -1
46, 1, 331.348419, -6.698779, 61.818237, 161.267055, 0.452466, -1, -1, -1
47, 0, 1103.478775, 4.575977, 117.871580, 198.996091, 0.942746, -1, -1, -1
47, 1, 331.545105, -7.012861, 61.633911, 161.565553, 0.456960, -1, -1, -1
48, 0, 1103.365860, 4.805231, 118.496704, 199.004416, 0.942908, -1, -1, -1
48, 1, 331.970139, -7.074487, 60.529604, 160.903444, 0.452653, -1, -1, -1
49, 0, 1103.079987, 4.860817, 119.006834, 199.402156, 0.938659, -1, -1, -1
50, 0, 1103.288727, 5.041942, 118.505497, 199.095869, 0.942404, -1, -1, -1
51, 0, 1103.058319, 4.728402, 120.034790, 199.323535, 0.938497, -1, -1, -1
52, 0, 1103.179932, 4.778634, 119.935551, 199.463267, 0.939460, -1, -1, -1
53, 0, 1103.919067, 4.858693, 119.420042, 199.563711, 0.948483, -1, -1, -1
54, 0, 1103.658676, 4.630040, 120.008421, 199.485261, 0.952150, -1, -1, -1
55, 0, 1102.817230, 4.521990, 121.986818, 199.438999, 0.954109, -1, -1, -1
56, 0, 1102.902832, 4.579411, 121.789551, 199.349091, 0.954751, -1, -1, -1
57, 0, 1102.906113, 4.307059, 121.444950, 199.630208, 0.951807, -1, -1, -1
58, 0, 1103.177032, 4.403253, 121.198120, 199.516075, 0.952015, -1, -1, -1
59, 0, 1102.527084, 5.070072, 121.091061, 199.029651, 0.955564, -1, -1, -1
60, 0, 1102.626572, 5.081596, 121.069212, 198.987229, 0.955761, -1, -1, -1
61, 0, 1102.494659, 4.829843, 122.141113, 198.777888, 0.954423, -1, -1, -1
62, 0, 1102.887573, 5.207401, 121.624880, 198.536167, 0.957451, -1, -1, -1
63, 0, 1102.833710, 5.203947, 121.683836, 198.602858, 0.957525, -1, -1, -1
64, 0, 1102.893677, 5.196254, 121.557980, 198.471258, 0.956803, -1, -1, -1
65, 0, 1102.542877, 5.177586, 121.966429, 198.464477, 0.955566, -1, -1, -1
66, 0, 1103.112640, 4.732565, 121.820555, 198.950708, 0.950978, -1, -1, -1
67, 0, 1103.171539, 4.772143, 121.836061, 199.046409, 0.950462, -1, -1, -1
68, 0, 1102.336578, 4.144259, 123.323116, 199.848604, 0.948342, -1, -1, -1
69, 0, 1102.624741, 1.648571, 125.163212, 201.059246, 0.923995, -1, -1, -1
70, 0, 1103.140411, 1.879960, 124.038210, 200.641015, 0.933572, -1, -1, -1
71, 0, 1103.205338, 1.025902, 123.866329, 200.450084, 0.938497, -1, -1, -1
72, 0, 1103.512421, -0.013100, 124.456053, 201.066263, 0.936878, -1, -1, -1
73, 0, 1103.445663, 0.055543, 124.495487, 200.991354, 0.934825, -1, -1, -1
74, 0, 1104.103851, -0.329826, 124.603634, 201.103921, 0.933769, -1, -1, -1
75, 0, 1103.905182, -1.673816, 125.010252, 202.078485, 0.934493, -1, -1, -1
76, 0, 1104.256592, -1.796147, 124.647093, 202.153544, 0.934445, -1, -1, -1
77, 0, 1102.561493, -1.948775, 125.815792, 201.993921, 0.914688, -1, -1, -1
78, 0, 1102.518158, -2.009758, 125.967045, 201.990616, 0.914477, -1, -1, -1
79, 0, 1102.289276, -1.509032, 127.387447, 199.995310, 0.863000, -1, -1, -1
80, 0, 1101.434479, -2.166667, 129.397097, 200.616145, 0.840981, -1, -1, -1
80, 1, 285.265598, 0.085434, 87.118196, 168.448370, 0.407680, -1, -1, -1
81, 0, 1101.301117, -1.811618, 129.787235, 200.167122, 0.827810, -1, -1, -1
81, 1, 285.502071, 0.130903, 87.149229, 168.253276, 0.410169, -1, -1, -1
82, 0, 1101.238861, -1.712258, 129.522581, 199.567702, 0.782265, -1, -1, -1
83, 0, 1102.247314, -1.941319, 128.825932, 199.324372, 0.796102, -1, -1, -1
83, 1, 276.470280, 0.287801, 99.117556, 168.917048, 0.429959, -1, -1, -1
84, 0, 1102.252197, -1.927832, 128.807125, 199.421146, 0.794739, -1, -1, -1
84, 1, 276.427307, 0.399005, 99.094391, 169.028049, 0.426160, -1, -1, -1
85, 0, 1102.507782, -1.877975, 128.950319, 199.910810, 0.816759, -1, -1, -1
85, 1, 270.108700, 0.435076, 109.569092, 169.896001, 0.444120, -1, -1, -1
86, 0, 1102.370377, -1.981648, 129.216309, 200.003765, 0.824876, -1, -1, -1
86, 1, 270.139408, 0.407519, 109.646664, 169.910828, 0.450150, -1, -1, -1
87, 0, 1101.574707, -1.865036, 130.545530, 199.405117, 0.816136, -1, -1, -1
87, 1, 267.064018, -0.764210, 115.565491, 171.006328, 0.447871, -1, -1, -1
88, 0, 1102.294312, -1.315366, 129.344606, 198.471515, 0.793079, -1, -1, -1
88, 1, 262.460060, 2.309371, 124.588928, 169.426357, 0.498299, -1, -1, -1
89, 0, 1102.306976, -1.296483, 129.250002, 198.424330, 0.797536, -1, -1, -1
89, 1, 262.417145, 2.338918, 124.651642, 169.534053, 0.489256, -1, -1, -1
90, 0, 1102.325897, -1.421807, 129.121580, 199.255278, 0.791287, -1, -1, -1
90, 1, 262.481728, 2.417791, 124.613438, 169.277816, 0.490137, -1, -1, -1
91, 0, 1105.150909, -1.454723, 126.394405, 203.822093, 0.933321, -1, -1, -1
91, 1, 260.792236, 3.321771, 128.199100, 171.815550, 0.600348, -1, -1, -1
92, 0, 1105.281601, -1.651372, 126.419315, 204.009354, 0.934019, -1, -1, -1
92, 1, 260.743408, 3.243697, 128.126984, 171.957901, 0.597205, -1, -1, -1
93, 0, 1104.936981, -1.809193, 127.437134, 203.637772, 0.925649, -1, -1, -1
93, 1, 258.980370, 3.087346, 129.929409, 175.582734, 0.572659, -1, -1, -1
94, 0, 1104.707794, -1.871238, 127.619629, 203.741562, 0.919012, -1, -1, -1
94, 1, 258.986969, 2.931075, 129.898281, 176.184987, 0.580561, -1, -1, -1
95, 0, 1105.452271, 0.684071, 120.296021, 201.742930, 0.941741, -1, -1, -1
95, 1, 258.325157, 0.632540, 131.963253, 185.769324, 0.587142, -1, -1, -1
96, 0, 1106.994247, 1.996400, 116.710815, 202.824676, 0.950819, -1, -1, -1
96, 1, 260.448875, -1.946812, 126.094942, 191.818650, 0.605671, -1, -1, -1
97, 0, 1107.186432, 2.214636, 116.302614, 202.828367, 0.952852, -1, -1, -1
97, 1, 260.390167, -2.031484, 126.168919, 192.022176, 0.606859, -1, -1, -1
98, 0, 1107.013779, 1.573684, 116.581059, 203.109033, 0.961050, -1, -1, -1
98, 1, 260.259247, -2.281734, 125.646973, 196.483591, 0.550186, -1, -1, -1
99, 0, 1106.921539, 1.574349, 116.738892, 203.030047, 0.960154, -1, -1, -1
99, 1, 260.637054, -2.465765, 125.297947, 196.600235, 0.536022, -1, -1, -1
100, 0, 1108.703384, 0.708028, 113.437138, 204.578047, 0.969329, -1, -1, -1
101, 0, 1108.670807, 0.728703, 115.100460, 203.404891, 0.953687, -1, -1, -1
102, 0, 1108.486176, 0.975262, 115.088015, 203.414977, 0.954524, -1, -1, -1
103, 0, 1111.131821, 0.397364, 113.212643, 202.760389, 0.950918, -1, -1, -1
104, 0, 1110.194931, 1.534106, 116.370726, 200.987749, 0.941212, -1, -1, -1
105, 0, 1110.225372, 1.481212, 116.326542, 200.950842, 0.941379, -1, -1, -1
106, 0, 1112.900543, 4.587436, 109.763184, 198.389676, 0.904750, -1, -1, -1
107, 0, 1113.173676, 4.493043, 106.920528, 197.540853, 0.891182, -1, -1, -1
108, 0, 1111.210938, 4.350264, 108.426266, 196.399412, 0.818834, -1, -1, -1
109, 0, 1119.694824, 8.148079, 94.462643, 193.436043, 0.729635, -1, -1, -1
110, 0, 1119.307404, 8.336509, 94.959469, 192.983887, 0.719750, -1, -1, -1
111, 0, 229.804764, -0.874314, 103.305035, 185.054140, 0.495287, -1, -1, -1
112, 0, 229.436150, -1.030751, 103.667145, 185.213206, 0.505999, -1, -1, -1
113, 0, 223.869896, 0.002639, 107.641659, 181.486115, 0.454589, -1, -1, -1
114, 0, 217.708530, 2.898728, 118.181515, 178.414181, 0.578724, -1, -1, -1
115, 0, 217.599850, 2.943789, 118.266296, 178.305219, 0.577184, -1, -1, -1
116, 0, 217.614288, 2.950854, 118.164549, 178.360913, 0.554428, -1, -1, -1
117, 0, 217.601299, 3.002695, 118.210220, 178.358617, 0.562904, -1, -1, -1
118, 0, 214.674377, 2.989499, 123.822689, 179.677577, 0.620218, -1, -1, -1
119, 0, 214.510040, 3.028316, 124.004364, 179.427445, 0.632819, -1, -1, -1
120, 0, 214.380417, 3.034667, 124.173784, 179.362181, 0.643070, -1, -1, -1
121, 0, 214.074898, 2.188050, 125.372190, 181.218238, 0.613982, -1, -1, -1
122, 0, 214.079247, 2.379581, 125.393581, 180.880408, 0.618078, -1, -1, -1
123, 0, 215.780220, 1.959139, 127.605772, 185.253654, 0.654378, -1, -1, -1
124, 0, 215.968552, 2.397273, 131.338520, 187.555161, 0.609627, -1, -1, -1
125, 0, 215.954819, 2.416971, 131.440144, 187.538188, 0.600646, -1, -1, -1
126, 0, 215.639801, 3.346056, 133.958282, 187.874258, 0.605534, -1, -1, -1
127, 0, 215.576439, 3.675399, 134.284363, 187.722380, 0.596856, -1, -1, -1
128, 0, 215.861206, 3.429161, 128.966217, 184.566386, 0.582300, -1, -1, -1
129, 0, 215.722980, 3.191475, 122.071943, 179.450866, 0.616234, -1, -1, -1
130, 0, 214.904861, 1.676767, 120.681868, 180.436449, 0.635310, -1, -1, -1
131, 0, 215.871468, 0.385476, 119.709444, 182.872603, 0.627334, -1, -1, -1
132, 0, 216.679459, 0.418650, 118.708086, 182.644122, 0.627256, -1, -1, -1
133, 0, 216.571083, 0.501959, 118.908024, 182.468534, 0.615732, -1, -1, -1
134, 0, 217.061119, -1.522915, 117.841644, 184.911532, 0.627907, -1, -1, -1
135, 0, 216.968784, -1.559286, 117.751522, 184.877737, 0.632037, -1, -1, -1
136, 0, 217.110424, -1.755806, 118.624620, 184.228427, 0.559631, -1, -1, -1
137, 0, 219.555550, -1.414189, 115.628939, 183.687201, 0.513533, -1, -1, -1
138, 0, 220.974159, -1.828730, 113.820591, 185.013971, 0.479516, -1, -1, -1
139, 0, 221.134109, -1.756568, 113.665972, 184.969125, 0.481512, -1, -1, -1
140, 0, 222.550220, -1.608789, 111.989393, 184.250743, 0.487845, -1, -1, -1
141, 0, 222.305279, -1.672647, 112.411366, 184.393823, 0.487035, -1, -1, -1
142, 0, 226.214371, -1.201254, 109.027023, 183.836482, 0.564836, -1, -1, -1
143, 0, 225.857105, -1.106422, 109.295244, 183.710504, 0.593150, -1, -1, -1
144, 0, 231.841850, 1.649918, 103.777771, 179.974380, 0.590396, -1, -1, -1
145, 0, 231.664085, 1.624893, 103.977327, 180.003777, 0.588710, -1, -1, -1
146, 0, 231.720734, 1.705998, 103.942595, 179.640691, 0.593685, -1, -1, -1
147, 0, 232.245579, 1.652842, 104.562864, 180.321028, 0.613437, -1, -1, -1
148, 0, 237.981033, 2.388475, 97.245588, 180.813332, 0.500266, -1, -1, -1
149, 0, 238.005943, 2.355709, 97.184658, 181.040375, 0.488865, -1, -1, -1
150, 0, 238.165741, 1.505202, 99.222441, 183.661022, 0.520385, -1, -1, -1
151, 0, 238.327465, -0.039332, 98.970261, 186.755776, 0.520036, -1, -1, -1
152, 0, 238.541641, -0.225703, 98.570757, 186.806953, 0.520223, -1, -1, -1
153, 0, 241.119251, 1.574832, 95.559893, 184.698930, 0.468106, -1, -1, -1
154, 0, 241.376038, 1.657326, 95.186949, 184.457724, 0.460111, -1, -1, -1
155, 0, 243.798180, 0.958536, 91.778774, 186.415908, 0.437818, -1, -1, -1
156, 0, 244.369621, 0.644964, 90.553713, 185.909722, 0.441242, -1, -1, -1
157, 0, 244.243603, 0.694209, 90.671797, 185.800180, 0.444963, -1, -1, -1
200, 0, 205.048409, -4.372199, 102.506104, 186.789594, 0.456350, -1, -1, -1
201, 0, 205.049782, -4.424738, 102.534027, 186.887505, 0.452732, -1, -1, -1
202, 0, 203.491573, -3.459857, 105.209169, 187.932451, 0.521337, -1, -1, -1
203, 0, 199.881630, -0.549037, 105.451050, 187.469158, 0.460410, -1, -1, -1
204, 0, 199.920216, -0.511444, 105.503645, 187.273958, 0.451626, -1, -1, -1
205, 0, 198.852711, -1.599530, 106.508102, 190.098410, 0.458352, -1, -1, -1
206, 0, 198.894768, -1.722246, 106.570158, 190.114632, 0.459775, -1, -1, -1
211, 0, 188.946743, -1.441076, 98.137941, 190.561531, 0.419738, -1, -1, -1
212, 0, 188.894081, -1.431667, 98.172579, 190.373819, 0.416632, -1, -1, -1
213, 0, 187.602673, -1.834964, 99.838610, 193.332531, 0.413401, -1, -1, -1
214, 0, 187.781353, -1.925783, 99.452496, 193.888350, 0.436492, -1, -1, -1
221, 0, 190.589142, -0.878810, 90.916414, 194.943595, 0.422721, -1, -1, -1
222, 0, 190.700607, -0.891598, 90.618486, 194.624949, 0.409233, -1, -1, -1
223, 0, 190.697708, -0.742886, 90.715837, 194.481161, 0.422861, -1, -1, -1
224, 0, 191.683617, 0.891148, 87.914639, 192.830658, 0.454072, -1, -1, -1
225, 0, 191.666470, 0.809652, 87.852964, 193.023949, 0.459236, -1, -1, -1
226, 0, 194.042854, 1.706947, 84.139709, 190.292237, 0.414178, -1, -1, -1
227, 0, 193.962536, 1.581463, 84.038439, 190.367489, 0.435925, -1, -1, -1
234, 0, 200.614758, 6.896523, 107.440262, 178.259643, 0.423035, -1, -1, -1
235, 0, 200.473251, 6.848790, 107.833662, 178.376480, 0.428061, -1, -1, -1
236, 0, 199.908257, 7.149718, 110.643129, 178.520086, 0.470244, -1, -1, -1
237, 0, 199.994183, 8.920351, 114.524212, 176.835068, 0.457196, -1, -1, -1
238, 0, 200.103283, 8.889002, 114.422283, 177.017899, 0.465160, -1, -1, -1
239, 0, 204.159870, 12.094472, 114.629927, 174.362254, 0.433018, -1, -1, -1
240, 0, 204.034805, 12.283643, 114.651356, 173.805835, 0.442421, -1, -1, -1
247, 0, 216.094398, 18.826672, 172.435303, 254.453058, 0.456104, -1, -1, -1
248, 0, 215.995998, 18.736292, 172.647133, 254.484901, 0.451922, -1, -1, -1
249, 0, 215.903091, 18.750646, 172.876625, 254.671047, 0.442097, -1, -1, -1
250, 0, 215.969791, 18.792188, 172.727165, 254.538889, 0.445174, -1, -1, -1
251, 0, 213.275642, 20.439913, 191.030941, 253.487849, 0.532247, -1, -1, -1
252, 0, 214.684944, 19.696157, 192.446690, 251.611440, 0.664382, -1, -1, -1
253, 0, 214.810047, 19.628330, 192.363720, 251.673882, 0.666128, -1, -1, -1
254, 0, 224.079056, 16.213106, 175.060902, 263.116851, 0.785145, -1, -1, -1
255, 0, 234.055042, 12.553961, 156.312847, 269.876897, 0.693978, -1, -1, -1
256, 0, 234.042492, 12.547213, 156.263657, 269.908118, 0.686780, -1, -1, -1
257, 0, 237.109680, 13.461299, 152.059994, 273.253176, 0.664131, -1, -1, -1
258, 0, 242.521458, 10.959045, 150.894318, 273.121061, 0.605805, -1, -1, -1
259, 0, 242.399139, 10.877827, 151.031895, 273.282938, 0.613869, -1, -1, -1
260, 0, 264.738045, 10.211674, 117.593746, 269.075067, 0.630287, -1, -1, -1
261, 0, 264.755917, 10.348627, 117.681522, 268.825901, 0.638569, -1, -1, -1
262, 0, 267.954044, 8.468657, 115.326748, 271.766760, 0.752998, -1, -1, -1
263, 0, 267.664452, 8.216926, 116.580200, 271.267891, 0.721444, -1, -1, -1
264, 0, 272.607231, 9.227604, 115.643005, 271.251884, 0.821409, -1, -1, -1
265, 0, 273.989353, 10.130897, 115.643520, 270.355897, 0.862514, -1, -1, -1
266, 0, 273.945770, 9.844490, 115.565186, 270.559659, 0.859763, -1, -1, -1
267, 0, 275.624580, 9.447621, 114.035435, 271.353636, 0.874601, -1, -1, -1
268, 0, 278.274574, 8.152124, 111.932526, 272.578332, 0.914414, -1, -1, -1
269, 0, 278.306732, 8.139228, 111.775970, 272.437527, 0.916037, -1, -1, -1
270, 0, 281.519051, 6.486107, 109.082184, 278.797688, 0.931207, -1, -1, -1
271, 0, 281.374855, 6.555330, 109.288845, 278.667505, 0.929202, -1, -1, -1
272, 0, 282.170410, 5.428824, 107.987976, 283.291848, 0.936951, -1, -1, -1
273, 0, 282.171688, 5.482349, 107.847776, 283.304079, 0.938353, -1, -1, -1
274, 0, 286.606178, 1.851239, 103.404665, 301.728730, 0.941356, -1, -1, -1
275, 0, 286.880455, 1.750624, 102.591648, 302.112029, 0.953151, -1, -1, -1
276, 0, 287.464867, 3.473268, 104.293919, 300.649452, 0.882131, -1, -1, -1
277, 0, 287.540932, 3.325692, 104.135437, 300.975566, 0.887206, -1, -1, -1
278, 0, 287.543850, 3.392973, 104.159756, 300.789206, 0.886633, -1, -1, -1
279, 0, 287.637844, 3.147529, 103.899632, 301.227071, 0.887124, -1, -1, -1
280, 0, 287.128544, 4.868274, 105.151978, 297.585297, 0.813155, -1, -1, -1
281, 0, 289.430485, 6.625024, 122.849674, 301.784434, 0.882360, -1, -1, -1
282, 0, 289.383907, 6.636579, 122.924557, 301.739223, 0.880209, -1, -1, -1
283, 0, 292.224064, 5.104072, 117.752686, 304.651394, 0.841468, -1, -1, -1
284, 0, 296.900520, 1.709146, 105.039616, 308.880014, 0.874966, -1, -1, -1
284, 1, 1168.748550, 6.726916, 104.697752, 235.962532, 0.476743, -1, -1, -1
285, 0, 296.995888, 1.693407, 104.940586, 308.828452, 0.877636, -1, -1, -1
285, 1, 1169.149017, 6.656406, 104.279909, 236.213479, 0.465832, -1, -1, -1
286, 0, 297.294273, 2.918072, 104.924192, 307.428403, 0.869556, -1, -1, -1
286, 1, 1167.339020, 0.464998, 101.555538, 249.617057, 0.817120, -1, -1, -1
287, 0, 293.131924, 10.881239, 119.282894, 314.407897, 0.858795, -1, -1, -1
287, 1, 1167.137604, 0.751984, 102.041378, 250.021834, 0.743051, -1, -1, -1
288, 0, 292.249908, 11.311229, 121.257534, 314.534905, 0.838944, -1, -1, -1
288, 1, 1168.812714, -0.194610, 96.218262, 246.179388, 0.797626, -1, -1, -1
289, 0, 1165.466461, -0.911543, 98.491573, 256.076782, 0.901601, -1, -1, -1
289, 1, 296.205997, 16.516956, 109.329224, 304.883115, 0.832522, -1, -1, -1
290, 0, 1165.069199, -0.918099, 99.153442, 256.125062, 0.896811, -1, -1, -1
290, 1, 296.175117, 16.598883, 109.321384, 304.729178, 0.834309, -1, -1, -1
291, 0, 1153.392715, 4.284582, 103.735228, 258.355587, 0.939652, -1, -1, -1
291, 1, 297.952003, 20.908731, 108.038425, 298.373501, 0.757730, -1, -1, -1
292, 0, 1153.553696, 4.390433, 103.814697, 258.164098, 0.941968, -1, -1, -1
292, 1, 297.861385, 20.945542, 108.258362, 298.220336, 0.763013, -1, -1, -1
293, 0, 301.053772, 26.044282, 109.068756, 288.973324, 0.669184, -1, -1, -1
293, 1, 1155.310287, -0.469730, 92.134151, 254.653902, 0.661814, -1, -1, -1
294, 0, 300.953941, 28.447123, 111.602354, 283.583500, 0.590823, -1, -1, -1
295, 0, 301.098022, 28.866599, 111.847076, 283.007898, 0.599627, -1, -1, -1
296, 0, 296.854134, 15.103862, 132.975769, 284.043703, 0.598177, -1, -1, -1
296, 1, 1135.406647, 6.083143, 112.270994, 250.896277, 0.444574, -1, -1, -1
297, 0, 1115.245590, 6.699536, 113.083372, 260.693121, 0.742450, -1, -1, -1
297, 1, 298.844357, 19.458977, 142.557011, 296.279275, 0.704664, -1, -1, -1
298, 0, 1115.328140, 6.415350, 112.932377, 260.926087, 0.748669, -1, -1, -1
298, 1, 298.837795, 19.458482, 142.453461, 296.293051, 0.703157, -1, -1, -1
299, 0, 295.316410, 27.499284, 155.817080, 282.233405, 0.662239, -1, -1, -1
299, 1, 1103.498383, -12.787399, 136.593504, 304.454949, 0.600946, -1, -1, -1
300, 0, 1114.959717, 3.998734, 110.831175, 268.010380, 0.928064, -1, -1, -1
300, 1, 298.498783, 28.102319, 158.370667, 281.949949, 0.753299, -1, -1, -1
301, 0, 1114.778595, 4.069533, 111.072512, 267.928369, 0.928587, -1, -1, -1
301, 1, 298.616791, 28.049212, 158.253174, 282.030523, 0.753479, -1, -1, -1
302, 0, 1114.819565, 3.972695, 110.930424, 268.046386, 0.927621, -1, -1, -1
302, 1, 298.573608, 28.024718, 158.272343, 282.020223, 0.752294, -1, -1, -1
303, 0, 1114.931488, 3.422810, 110.723515, 268.461850, 0.928015, -1, -1, -1
303, 1, 298.556881, 28.056507, 158.319397, 281.953769, 0.743976, -1, -1, -1
304, 0, 1114.855347, 3.649070, 110.792112, 268.027461, 0.927750, -1, -1, -1
304, 1, 298.583260, 28.084230, 158.326569, 281.898472, 0.750085, -1, -1, -1
305, 0, 1111.739655, 4.669747, 109.285526, 267.555971, 0.964718, -1, -1, -1
305, 1, 297.331696, 26.586989, 169.463596, 284.065268, 0.563415, -1, -1, -1
306, 0, 1111.690903, 4.641090, 109.279051, 267.694051, 0.964229, -1, -1, -1
306, 1, 297.191963, 26.537647, 169.769745, 284.138675, 0.562633, -1, -1, -1
307, 0, 1110.494614, 3.491979, 107.620974, 269.433689, 0.933484, -1, -1, -1
307, 1, 297.502441, 28.339845, 173.456726, 281.288152, 0.713090, -1, -1, -1
308, 0, 1110.537338, 4.600449, 107.360229, 268.632653, 0.955298, -1, -1, -1
308, 1, 309.274330, 29.038335, 185.130615, 281.909523, 0.689852, -1, -1, -1
309, 0, 1109.647064, 11.268336, 115.678711, 257.961860, 0.917919, -1, -1, -1
309, 1, 314.092865, 28.653224, 183.616791, 284.948037, 0.745676, -1, -1, -1
310, 0, 1109.602280, 11.446960, 116.048460, 257.356260, 0.919225, -1, -1, -1
310, 1, 314.412498, 28.806646, 183.516693, 285.047858, 0.754110, -1, -1, -1
311, 0, 1109.385605, 12.092246, 116.492558, 257.068706, 0.881648, -1, -1, -1
311, 1, 314.149513, 28.995688, 183.241882, 284.801416, 0.756402, -1, -1, -1
312, 0, 1110.183563, 13.172886, 119.220829, 255.078249, 0.865731, -1, -1, -1
312, 1, 316.345768, 31.718377, 182.620144, 284.064517, 0.791530, -1, -1, -1
313, 0, 322.126541, 32.027260, 172.145882, 285.671911, 0.714497, -1, -1, -1
313, 1, 1109.953461, 9.547065, 116.340208, 257.420268, 0.529552, -1, -1, -1
314, 0, 329.621544, 34.329808, 170.296230, 284.642243, 0.820857, -1, -1, -1
315, 0, 329.627609, 34.324476, 170.299683, 284.625356, 0.815969, -1, -1, -1
316, 0, 330.883331, 31.529828, 170.854588, 286.002531, 0.716337, -1, -1, -1
317, 0, 330.806999, 31.390150, 170.785217, 286.098361, 0.713316, -1, -1, -1
318, 0, 342.044601, 18.150208, 147.588406, 308.908682, 0.780289, -1, -1, -1
319, 0, 342.094688, 18.122925, 147.776852, 309.175851, 0.783851, -1, -1, -1
320, 0, 350.604095, 15.559806, 140.091343, 315.654974, 0.759451, -1, -1, -1
321, 0, 352.083969, 17.091808, 140.513821, 316.789699, 0.739398, -1, -1, -1
322, 0, 357.097969, 14.569362, 137.650547, 334.533134, 0.737114, -1, -1, -1
323, 0, 356.864929, 14.405125, 137.725277, 333.887665, 0.736990, -1, -1, -1
324, 0, 363.347015, 10.998269, 132.599030, 337.634668, 0.850396, -1, -1, -1
325, 0, 363.312798, 11.054606, 132.438259, 338.027430, 0.852019, -1, -1, -1
326, 0, 368.109818, 12.504383, 127.347660, 335.529478, 0.827524, -1, -1, -1
327, 0, 372.081528, 17.012608, 122.575588, 322.875030, 0.870094, -1, -1, -1
328, 0, 371.857986, 17.166064, 123.022709, 323.020256, 0.879864, -1, -1, -1
329, 0, 372.054214, 17.134016, 122.821903, 322.711179, 0.879316, -1, -1, -1
330, 0, 371.912498, 17.237495, 122.925472, 322.458150, 0.878497, -1, -1, -1
331, 0, 387.212067, 14.230020, 99.601231, 323.481939, 0.500494, -1, -1, -1
332, 0, 387.200966, 14.237680, 99.605503, 323.494964, 0.499794, -1, -1, -1
333, 0, 380.283432, 12.182808, 110.929384, 327.172787, 0.612489, -1, -1, -1
334, 0, 380.300484, 12.326896, 110.905399, 327.375712, 0.614144, -1, -1, -1
335, 0, 382.815475, 6.924380, 107.064209, 333.350194, 0.518819, -1, -1, -1
336, 0, 393.080673, 7.658812, 113.834133, 329.846263, 0.446015, -1, -1, -1
337, 0, 393.134766, 7.524487, 113.846130, 330.329618, 0.429431, -1, -1, -1
338, 0, 394.496613, 6.000896, 114.428921, 334.028170, 0.487824, -1, -1, -1
339, 0, 395.129776, 7.771078, 120.433044, 331.850431, 0.466970, -1, -1, -1
340, 0, 395.269089, 7.803683, 120.036011, 331.726534, 0.451496, -1, -1, -1
341, 0, 402.924881, 18.994086, 98.648252, 316.128116, 0.600956, -1, -1, -1
342, 0, 403.776932, 20.782979, 99.031925, 310.589418, 0.773482, -1, -1, -1
343, 0, 403.942528, 21.027081, 99.053040, 310.506206, 0.786759, -1, -1, -1
344, 0, 412.858315, 28.899236, 96.956577, 298.026681, 0.821752, -1, -1, -1
345, 0, 412.745209, 28.920093, 97.065334, 297.981255, 0.823311, -1, -1, -1
346, 0, 416.536407, 30.765613, 96.705418, 296.667552, 0.915990, -1, -1, -1
347, 0, 418.550262, 29.981056, 95.755825, 297.635036, 0.939188, -1, -1, -1
348, 0, 418.569031, 29.969308, 95.695190, 297.600167, 0.940227, -1, -1, -1
349, 0, 421.484299, 32.502698, 97.620850, 293.269386, 0.907092, -1, -1, -1
350, 0, 421.568985, 32.537835, 97.635498, 293.275630, 0.908597, -1, -1, -1
351, 0, 425.205879, 33.828768, 95.936460, 289.518220, 0.884536, -1, -1, -1
352, 0, 426.479454, 34.470710, 96.108913, 287.843556, 0.798986, -1, -1, -1
353, 0, 426.422386, 34.455689, 95.924473, 287.912436, 0.800070, -1, -1, -1
354, 0, 431.086464, 35.054015, 98.149872, 287.527463, 0.754788, -1, -1, -1
355, 0, 430.936508, 35.088763, 98.271122, 287.376101, 0.757263, -1, -1, -1
356, 0, 430.962753, 35.053264, 98.349428, 287.731698, 0.758305, -1, -1, -1
357, 0, 430.938263, 35.058178, 98.323269, 287.577674, 0.765037, -1, -1, -1
358, 0, 436.005402, 38.630475, 98.739777, 283.279166, 0.904771, -1, -1, -1
359, 0, 435.900345, 41.495115, 102.145205, 284.084086, 0.878587, -1, -1, -1
360, 0, 435.843582, 41.554059, 102.206726, 284.068916, 0.876667, -1, -1, -1
361, 0, 444.569511, 49.771993, 115.580082, 274.443755, 0.827003, -1, -1, -1
362, 0, 444.373856, 34.663314, 142.105589, 304.138255, 0.965561, -1, -1, -1
363, 0, 444.377899, 34.840168, 141.925755, 303.899603, 0.965392, -1, -1, -1
364, 0, 446.688995, 33.540187, 144.723358, 307.064738, 0.972815, -1, -1, -1
365, 0, 446.311111, 33.674651, 144.901791, 306.703520, 0.971228, -1, -1, -1
366, 0, 450.281448, 34.164326, 144.441528, 307.131836, 0.953504, -1, -1, -1
367, 0, 455.754929, 39.912032, 145.578671, 303.742855, 0.955897, -1, -1, -1
368, 0, 455.885391, 39.656726, 145.687437, 303.632841, 0.953514, -1, -1, -1
369, 0, 458.138733, 40.072602, 144.545650, 302.771208, 0.972729, -1, -1, -1
370, 0, 458.126564, 40.188307, 144.398708, 302.684991, 0.973056, -1, -1, -1
371, 0, 463.268852, 40.456864, 140.281191, 301.069036, 0.964894, -1, -1, -1
372, 0, 467.551117, 39.611005, 133.174286, 310.152583, 0.946944, -1, -1, -1
373, 0, 467.545509, 40.041400, 133.256130, 309.865630, 0.948219, -1, -1, -1
374, 0, 470.284119, 38.042049, 128.419008, 310.187709, 0.936544, -1, -1, -1
375, 0, 482.645340, 27.036506, 129.549379, 326.626410, 0.950837, -1, -1, -1
376, 0, 482.765579, 27.190883, 129.313049, 326.780863, 0.950496, -1, -1, -1
377, 0, 488.922272, 22.820460, 119.564610, 331.273434, 0.930874, -1, -1, -1
378, 0, 489.082642, 22.659398, 119.465275, 331.457648, 0.931452, -1, -1, -1
379, 0, 489.613190, 20.827577, 119.862156, 330.685816, 0.930471, -1, -1, -1
380, 0, 492.407913, 10.384344, 118.993101, 343.737252, 0.884829, -1, -1, -1
381, 0, 492.338028, 10.428740, 119.015446, 343.580546, 0.882499, -1, -1, -1
382, 0, 492.676506, 10.254375, 118.809872, 344.063258, 0.876077, -1, -1, -1
383, 0, 510.377541, 21.555541, 93.980742, 316.607244, 0.877963, -1, -1, -1
384, 0, 510.400009, 21.732747, 94.131107, 316.114233, 0.879719, -1, -1, -1
385, 0, 514.686661, 25.368687, 93.537235, 306.233554, 0.756949, -1, -1, -1
386, 0, 522.387505, 28.472314, 94.752626, 301.425898, 0.970801, -1, -1, -1
387, 0, 522.599258, 28.816806, 94.763546, 300.794485, 0.970883, -1, -1, -1
388, 0, 525.922623, 19.383014, 109.384212, 343.503320, 0.952370, -1, -1, -1
388, 1, 918.536072, 1.147428, 73.841858, 111.965328, 0.628339, -1, -1, -1
389, 0, 525.738411, 19.577497, 109.768677, 342.881134, 0.952446, -1, -1, -1
389, 1, 918.616257, 0.297039, 73.384218, 112.673743, 0.576281, -1, -1, -1
390, 0, 533.474045, 23.330423, 125.912294, 338.476388, 0.954395, -1, -1, -1
391, 0, 535.225143, 22.124544, 139.614563, 336.007447, 0.987362, -1, -1, -1
392, 0, 535.197372, 22.277409, 139.936342, 335.928226, 0.986964, -1, -1, -1
393, 0, 539.660759, 21.985800, 151.811399, 332.431312, 0.992521, -1, -1, -1
394, 0, 540.785217, 23.033170, 155.847778, 328.723211, 0.993123, -1, -1, -1
395, 0, 541.029549, 23.036066, 155.577517, 329.362457, 0.992728, -1, -1, -1
396, 0, 547.330017, 21.822624, 154.445744, 333.167932, 0.992863, -1, -1, -1
397, 0, 547.426643, 21.756179, 154.362545, 333.366952, 0.992966, -1, -1, -1
398, 0, 551.311569, 25.999199, 146.650572, 328.314507, 0.993298, -1, -1, -1
399, 0, 552.331657, 24.924181, 144.980288, 328.951607, 0.991742, -1, -1, -1
400, 0, 552.230148, 24.984251, 145.001402, 328.941586, 0.991846, -1, -1, -1
401, 0, 556.904297, 29.351231, 141.569271, 322.992039, 0.991325, -1, -1, -1
402, 0, 556.928902, 29.391915, 141.582584, 323.156190, 0.991369, -1, -1, -1
403, 0, 562.714157, 27.970912, 135.094423, 327.721438, 0.991535, -1, -1, -1
404, 0, 565.782547, 27.117348, 131.181517, 328.070405, 0.991644, -1, -1, -1
405, 0, 565.804443, 27.102810, 131.075745, 328.005989, 0.991516, -1, -1, -1
406, 0, 567.999191, 26.794635, 128.997555, 329.237723, 0.985801, -1, -1, -1
407, 0, 567.817268, 27.159888, 129.277525, 328.147824, 0.984775, -1, -1, -1
408, 0, 567.907524, 27.171550, 129.002256, 328.323755, 0.984981, -1, -1, -1
409, 0, 579.645500, 23.824861, 131.598263, 330.753665, 0.982295, -1, -1, -1
410, 0, 579.611702, 23.828831, 131.650639, 330.856662, 0.982070, -1, -1, -1
411, 0, 580.228195, 25.583028, 132.049990, 327.987664, 0.986165, -1, -1, -1
412, 0, 580.186958, 25.562418, 131.778507, 328.009615, 0.986213, -1, -1, -1
413, 0, 584.947624, 27.805860, 131.280880, 326.895533, 0.975389, -1, -1, -1
414, 0, 591.929626, 29.814727, 123.625793, 325.543056, 0.960558, -1, -1, -1
415, 0, 592.074051, 29.898670, 123.459654, 325.655386, 0.958210, -1, -1, -1
416, 0, 593.252640, 30.883652, 120.386963, 326.371043, 0.914379, -1, -1, -1
417, 0, 598.552055, 29.668622, 116.810551, 331.540926, 0.938542, -1, -1, -1
418, 0, 598.677559, 29.631093, 116.667604, 331.593862, 0.937618, -1, -1, -1
419, 0, 602.983589, 24.558295, 118.917294, 336.466427, 0.887629, -1, -1, -1
420, 0, 602.973557, 24.463559, 118.908691, 336.609528, 0.887743, -1, -1, -1
421, 0, 607.033920, 20.518148, 118.503542, 341.449156, 0.887385, -1, -1, -1
422, 0, 612.060432, 24.481326, 125.102787, 327.450171, 0.819609, -1, -1, -1
423, 0, 612.319450, 24.949844, 124.880247, 327.598937, 0.825309, -1, -1, -1
424, 0, 618.667297, 25.564992, 124.234190, 328.264682, 0.864593, -1, -1, -1
425, 0, 618.651810, 25.720099, 124.211912, 328.282986, 0.859644, -1, -1, -1
426, 0, 625.565910, 28.668705, 136.911192, 318.747861, 0.915374, -1, -1, -1
427, 0, 627.570076, 26.454263, 139.725952, 322.398283, 0.935979, -1, -1, -1
427, 1, 915.261917, -2.363198, 59.559202, 120.990511, 0.467844, -1, -1, -1
428, 0, 627.517319, 25.692848, 139.990292, 323.796723, 0.937102, -1, -1, -1
428, 1, 915.539246, -2.301217, 59.385071, 121.267401, 0.456909, -1, -1, -1
429, 0, 633.779526, 24.431738, 133.982296, 326.092951, 0.940646, -1, -1, -1
430, 0, 633.873825, 22.518851, 134.290895, 329.702733, 0.966062, -1, -1, -1
431, 0, 634.529037, 21.922274, 133.987551, 330.795357, 0.974362, -1, -1, -1
432, 0, 638.942642, 21.517013, 129.538755, 330.069895, 0.975593, -1, -1, -1
433, 0, 638.907394, 21.360598, 129.490719, 330.258636, 0.974542, -1, -1, -1
434, 0, 638.897171, 21.367893, 129.431763, 330.210550, 0.975556, -1, -1, -1
435, 0, 638.902512, 21.422288, 129.417238, 330.197546, 0.975555, -1, -1, -1
436, 0, 642.682724, 14.596989, 126.652651, 334.865685, 0.967664, -1, -1, -1
436, 1, 909.002762, -2.042336, 66.195860, 118.783611, 0.493737, -1, -1, -1
437, 0, 642.740021, 14.569577, 126.594419, 335.023828, 0.967710, -1, -1, -1
437, 1, 909.133987, -2.160643, 66.139402, 119.028636, 0.452865, -1, -1, -1
438, 0, 642.735672, 14.535373, 126.546021, 334.969261, 0.967758, -1, -1, -1
438, 1, 909.014511, -2.037862, 66.182375, 118.778569, 0.493080, -1, -1, -1
439, 0, 645.305023, 11.253701, 125.464478, 338.833702, 0.974020, -1, -1, -1
440, 0, 653.438110, 8.100635, 118.823366, 343.886082, 0.975880, -1, -1, -1
441, 0, 658.124466, 4.919590, 115.339661, 347.176359, 0.977241, -1, -1, -1
442, 0, 657.991562, 4.903851, 115.427246, 347.255001, 0.976731, -1, -1, -1
443, 0, 661.293564, 4.566536, 114.361267, 345.748844, 0.968418, -1, -1, -1
444, 0, 661.219482, 4.592628, 114.513245, 345.672390, 0.967554, -1, -1, -1
445, 0, 667.859573, 1.968473, 107.776976, 347.940488, 0.959600, -1, -1, -1
446, 0, 666.760712, 1.975501, 109.032593, 347.833221, 0.962574, -1, -1, -1
447, 0, 668.365784, 0.065199, 110.234985, 342.470927, 0.967225, -1, -1, -1
448, 0, 668.965759, 4.653590, 115.881348, 337.210236, 0.971578, -1, -1, -1
449, 0, 667.981415, 10.180893, 126.074343, 320.452330, 0.966126, -1, -1, -1
450, 0, 667.807083, 10.292011, 126.387939, 320.179710, 0.968014, -1, -1, -1
451, 0, 675.619125, 8.198891, 136.950073, 323.719883, 0.965225, -1, -1, -1
452, 0, 675.634079, 8.183678, 136.838989, 323.855968, 0.965022, -1, -1, -1
453, 0, 676.375656, 9.647638, 138.015442, 319.309945, 0.965866, -1, -1, -1
454, 0, 672.957840, 11.643169, 150.334654, 313.053918, 0.950335, -1, -1, -1
455, 0, 672.998047, 11.628331, 151.106081, 313.575897, 0.958826, -1, -1, -1
456, 0, 674.202652, 11.379347, 156.180725, 313.702884, 0.940387, -1, -1, -1
457, 0, 674.364090, 11.513565, 155.979490, 313.291626, 0.940549, -1, -1, -1
458, 0, 679.661331, 12.568928, 152.696409, 311.074576, 0.939150, -1, -1, -1
459, 0, 679.606934, 12.643225, 152.766724, 310.962031, 0.941054, -1, -1, -1
460, 0, 686.155777, 13.011986, 146.285706, 307.848179, 0.901881, -1, -1, -1
461, 0, 686.248474, 12.938483, 146.182861, 308.067048, 0.901214, -1, -1, -1
462, 0, 691.781616, 11.878892, 140.819578, 310.078490, 0.908281, -1, -1, -1
463, 0, 691.747437, 11.857982, 140.747557, 310.095098, 0.909301, -1, -1, -1
464, 0, 691.774292, 11.793931, 140.644407, 310.216184, 0.907531, -1, -1, -1
465, 0, 695.083923, 11.191775, 138.843079, 311.316962, 0.911307, -1, -1, -1
466, 0, 695.090027, 11.174792, 138.843813, 311.395390, 0.910637, -1, -1, -1
467, 0, 702.148132, 9.483207, 130.657349, 314.267735, 0.941121, -1, -1, -1
468, 0, 707.719803, 10.844622, 127.559385, 311.631896, 0.965982, -1, -1, -1
469, 0, 710.704346, 13.612254, 125.519104, 308.240962, 0.963553, -1, -1, -1
470, 0, 710.654678, 13.539244, 125.616760, 308.363743, 0.963431, -1, -1, -1
471, 0, 716.407547, 13.536401, 123.482666, 305.244012, 0.977154, -1, -1, -1
472, 0, 716.145172, 13.493872, 123.826170, 305.311561, 0.976198, -1, -1, -1
473, 0, 721.267090, 12.839692, 118.907957, 308.008661, 0.934415, -1, -1, -1
474, 0, 721.435318, 14.232777, 119.239378, 307.078943, 0.896244, -1, -1, -1
475, 0, 721.369934, 14.114342, 119.337158, 307.187111, 0.905027, -1, -1, -1
476, 0, 721.525650, 15.256587, 119.436646, 307.619655, 0.744401, -1, -1, -1
477, 0, 721.534653, 15.189382, 119.408083, 307.490780, 0.758887, -1, -1, -1
478, 0, 722.513580, 14.924465, 118.219175, 307.602639, 0.806500, -1, -1, -1
479, 0, 722.210617, 14.684601, 118.904238, 308.235877, 0.823837, -1, -1, -1
480, 0, 722.219086, 14.677691, 118.856201, 308.149424, 0.830336, -1, -1, -1
481, 0, 722.975616, 13.264511, 117.187376, 308.583620, 0.869217, -1, -1, -1
482, 0, 722.295456, 13.257537, 117.204895, 308.801243, 0.869169, -1, -1, -1
483, 0, 722.264786, 13.241444, 117.244873, 308.813045, 0.871219, -1, -1, -1
484, 0, 721.478424, 12.140290, 118.002930, 309.595606, 0.941023, -1, -1, -1
485, 0, 721.552734, 12.150933, 117.870483, 309.604318, 0.941676, -1, -1, -1
486, 0, 719.343262, 11.953114, 120.036621, 308.897738, 0.972716, -1, -1, -1
487, 0, 719.333649, 11.931421, 120.015259, 308.976359, 0.972977, -1, -1, -1
488, 0, 718.142624, 12.032937, 120.376101, 309.231942, 0.967567, -1, -1, -1
489, 0, 718.305206, 12.020169, 120.224972, 309.285672, 0.968507, -1, -1, -1
490, 0, 718.293457, 12.076507, 120.269289, 309.136326, 0.967818, -1, -1, -1
491, 0, 717.535019, 13.227088, 121.480103, 308.027866, 0.966631, -1, -1, -1
492, 0, 714.712830, 15.338995, 123.031311, 306.314728, 0.958354, -1, -1, -1
492, 1, 896.004868, -3.250639, 64.512024, 144.300045, 0.400643, -1, -1, -1
493, 0, 714.956360, 14.706144, 122.594786, 306.977255, 0.957171, -1, -1, -1
493, 1, 896.017990, -3.260118, 64.504213, 144.309390, 0.400804, -1, -1, -1
494, 0, 712.913971, 16.559197, 124.802608, 304.895132, 0.947977, -1, -1, -1
495, 0, 713.224030, 16.433605, 124.817867, 304.821982, 0.935015, -1, -1, -1
495, 1, 894.822769, -3.540972, 65.277281, 146.677351, 0.488434, -1, -1, -1
496, 0, 713.285065, 16.305501, 124.677486, 304.875433, 0.935557, -1, -1, -1
496, 1, 894.814606, -3.525576, 65.313902, 146.700654, 0.490322, -1, -1, -1
497, 0, 713.396835, 15.321218, 123.952026, 305.894587, 0.943978, -1, -1, -1
498, 0, 713.655319, 14.655676, 123.466005, 306.622410, 0.943239, -1, -1, -1
499, 0, 713.612976, 13.612597, 123.674316, 307.255218, 0.961787, -1, -1, -1
500, 0, 713.449402, 13.482746, 123.860292, 307.575431, 0.957449, -1, -1, -1
501, 0, 713.448105, 13.490041, 123.912659, 307.010407, 0.961883, -1, -1, -1
502, 0, 713.293839, 13.372518, 124.173155, 307.246528, 0.963208, -1, -1, -1
503, 0, 712.900085, 13.171910, 124.387999, 307.144861, 0.972898, -1, -1, -1
504, 0, 713.319550, 12.468141, 123.888063, 307.911158, 0.977602, -1, -1, -1
505, 0, 713.227463, 12.709358, 124.151611, 307.860110, 0.977138, -1, -1, -1
506, 0, 714.837036, 12.048354, 121.863527, 308.775945, 0.976866, -1, -1, -1
507, 0, 714.961166, 11.857563, 121.656799, 309.050667, 0.976733, -1, -1, -1
508, 0, 714.613419, 12.097535, 121.938963, 308.573384, 0.974258, -1, -1, -1
509, 0, 714.505310, 12.113435, 122.133360, 308.480794, 0.974067, -1, -1, -1
510, 0, 712.064285, 11.786002, 124.512939, 308.981681, 0.975498, -1, -1, -1
511, 0, 713.283463, 11.074766, 123.977232, 309.840910, 0.976559, -1, -1, -1
512, 0, 713.366547, 11.052826, 123.910770, 309.915841, 0.976632, -1, -1, -1
513, 0, 713.522339, 11.141800, 123.759460, 309.721198, 0.976281, -1, -1, -1
514, 0, 713.477402, 11.246009, 123.792543, 309.529881, 0.974342, -1, -1, -1
515, 0, 713.080139, 11.194865, 124.362793, 309.685793, 0.974327, -1, -1, -1
516, 0, 713.063736, 11.085666, 124.305296, 309.907193, 0.974509, -1, -1, -1
517, 0, 711.518250, 14.056503, 129.633360, 304.007750, 0.980559, -1, -1, -1
518, 0, 709.731445, 14.273504, 133.098269, 304.248784, 0.980715, -1, -1, -1
519, 0, 709.938126, 14.104171, 132.879944, 304.565091, 0.980813, -1, -1, -1
520, 0, 707.392502, 14.448041, 148.177795, 304.666264, 0.986414, -1, -1, -1
521, 0, 705.711365, 13.244984, 155.143127, 308.626363, 0.972974, -1, -1, -1
522, 0, 715.354538, 10.834944, 151.831360, 313.017097, 0.974039, -1, -1, -1
523, 0, 708.148346, 15.635229, 149.824095, 304.058776, 0.981123, -1, -1, -1
524, 0, 708.163910, 15.600640, 149.847231, 304.136024, 0.981292, -1, -1, -1
525, 0, 719.458466, 14.420661, 144.781494, 306.607754, 0.979634, -1, -1, -1
526, 0, 720.211182, 14.638242, 143.793640, 306.327860, 0.978567, -1, -1, -1
527, 0, 719.754181, 14.635956, 145.645142, 306.191583, 0.982253, -1, -1, -1
528, 0, 711.512222, 15.274086, 141.139708, 303.826690, 0.982992, -1, -1, -1
529, 0, 711.611786, 15.236921, 140.839844, 303.865077, 0.982621, -1, -1, -1
530, 0, 713.383179, 15.970216, 135.348511, 302.464793, 0.985794, -1, -1, -1
531, 0, 713.439331, 15.773674, 134.536438, 302.837427, 0.986649, -1, -1, -1
532, 0, 713.289032, 15.707724, 134.898930, 302.986021, 0.986622, -1, -1, -1
533, 0, 713.532944, 15.274011, 134.428225, 303.876922, 0.985478, -1, -1, -1
534, 0, 713.625412, 15.284418, 134.384766, 303.993287, 0.985050, -1, -1, -1
535, 0, 713.515701, 15.269033, 134.669981, 304.094117, 0.984453, -1, -1, -1
536, 0, 713.422470, 15.707349, 134.954042, 303.543727, 0.984274, -1, -1, -1
537, 0, 713.378830, 15.740061, 135.103455, 303.538363, 0.984213, -1, -1, -1
538, 0, 713.575745, 15.928631, 134.470396, 303.214717, 0.984297, -1, -1, -1
539, 0, 713.737411, 16.551300, 133.313417, 302.105076, 0.985009, -1, -1, -1
540, 0, 713.801270, 16.556171, 132.959595, 302.015963, 0.985005, -1, -1, -1
541, 0, 713.263092, 16.948267, 134.315796, 301.691930, 0.984251, -1, -1, -1
542, 0, 713.288269, 17.067420, 134.068298, 301.424782, 0.984503, -1, -1, -1
543, 0, 713.102875, 16.737156, 134.719849, 302.074714, 0.983860, -1, -1, -1
544, 0, 714.150238, 16.121022, 132.075806, 303.663547, 0.978595, -1, -1, -1
545, 0, 714.115677, 16.128261, 132.170105, 303.715861, 0.978937, -1, -1, -1
546, 0, 714.354248, 16.184480, 130.615845, 303.481715, 0.980876, -1, -1, -1
547, 0, 714.349670, 16.037754, 129.810610, 303.387451, 0.982302, -1, -1, -1
548, 0, 714.233246, 15.894277, 129.854126, 303.550723, 0.982052, -1, -1, -1
549, 0, 713.792496, 16.384478, 130.541077, 302.793460, 0.981710, -1, -1, -1
550, 0, 713.704224, 16.666657, 130.966921, 302.552769, 0.979257, -1, -1, -1
551, 0, 713.367462, 16.628053, 132.049561, 301.916442, 0.977656, -1, -1, -1
552, 0, 713.336792, 16.591771, 132.081423, 301.952062, 0.977771, -1, -1, -1
553, 0, 713.334808, 16.452240, 131.959229, 302.061045, 0.978055, -1, -1, -1
554, 0, 713.191681, 15.956515, 132.521114, 302.971773, 0.977359, -1, -1, -1
555, 0, 713.375854, 16.073395, 130.914001, 302.367396, 0.978153, -1, -1, -1
556, 0, 713.353653, 16.110420, 130.899048, 302.300963, 0.978065, -1, -1, -1
557, 0, 713.263626, 16.172947, 130.089293, 302.285149, 0.977718, -1, -1, -1
558, 0, 713.213272, 16.163185, 130.067015, 302.342076, 0.977186, -1, -1, -1
559, 0, 713.006439, 16.503890, 129.969120, 301.724374, 0.977088, -1, -1, -1
560, 0, 712.919617, 16.557684, 129.893799, 301.613953, 0.977162, -1, -1, -1
561, 0, 712.807465, 16.740503, 130.025635, 301.124783, 0.978508, -1, -1, -1
562, 0, 713.114624, 16.511409, 129.516907, 301.380773, 0.978461, -1, -1, -1
563, 0, 713.170547, 16.442381, 129.721069, 302.245152, 0.977837, -1, -1, -1
564, 0, 713.305435, 16.477915, 129.309568, 302.079885, 0.978255, -1, -1, -1
565, 0, 713.316727, 16.377461, 129.207335, 302.276824, 0.977808, -1, -1, -1
566, 0, 712.814941, 16.494500, 129.559937, 302.100956, 0.977377, -1, -1, -1
567, 0, 712.820435, 16.537750, 129.411745, 301.977682, 0.977511, -1, -1, -1
568, 0, 712.815857, 16.385819, 129.281435, 302.235239, 0.979139, -1, -1, -1
569, 0, 712.891846, 16.313893, 129.356995, 302.404733, 0.978613, -1, -1, -1
570, 0, 713.126602, 16.641862, 129.156370, 301.379421, 0.985879, -1, -1, -1
571, 0, 713.165894, 16.833017, 129.269285, 301.070859, 0.985913, -1, -1, -1
572, 0, 713.369064, 16.775372, 128.984499, 301.007237, 0.985915, -1, -1, -1
573, 0, 713.234634, 17.028294, 129.420958, 300.712409, 0.985852, -1, -1, -1
574, 0, 713.425827, 17.224576, 129.657412, 300.273213, 0.986737, -1, -1, -1
575, 0, 713.820114, 16.692266, 129.112368, 301.072726, 0.986771, -1, -1, -1
576, 0, 713.745499, 16.631682, 129.091797, 301.108131, 0.986662, -1, -1, -1
577, 0, 713.454895, 16.289765, 128.783264, 301.582711, 0.987745, -1, -1, -1
578, 0, 713.432999, 16.334320, 128.846617, 301.588075, 0.987735, -1, -1, -1
579, 0, 713.364563, 16.319396, 129.409180, 301.762612, 0.987230, -1, -1, -1
580, 0, 713.339615, 16.228393, 129.378538, 301.927149, 0.987430, -1, -1, -1
581, 0, 713.660660, 16.187046, 129.651794, 302.005105, 0.986984, -1, -1, -1
582, 0, 713.705597, 16.151317, 129.509277, 302.026155, 0.987024, -1, -1, -1
583, 0, 713.944397, 16.311649, 129.356871, 301.716714, 0.986696, -1, -1, -1
584, 0, 713.922882, 16.323378, 129.359741, 301.734653, 0.986746, -1, -1, -1
585, 0, 713.907471, 16.075531, 129.382448, 302.199576, 0.986880, -1, -1, -1
586, 0, 713.967133, 16.081785, 129.740601, 302.188632, 0.987066, -1, -1, -1
587, 0, 714.260941, 15.775230, 128.982420, 302.630124, 0.985737, -1, -1, -1
588, 0, 714.344788, 15.752903, 128.948793, 302.686064, 0.986022, -1, -1, -1
589, 0, 714.365768, 15.747925, 128.691225, 302.679842, 0.986138, -1, -1, -1
590, 0, 714.277496, 15.954401, 128.759336, 302.256675, 0.986064, -1, -1, -1
591, 0, 714.237518, 15.915059, 128.811035, 302.367868, 0.985957, -1, -1, -1
592, 0, 714.492264, 15.866929, 128.886900, 302.564056, 0.985803, -1, -1, -1
593, 0, 714.458771, 16.038837, 129.059324, 302.299826, 0.985118, -1, -1, -1
594, 0, 714.170532, 16.461521, 130.505066, 301.549988, 0.983099, -1, -1, -1
595, 0, 714.164810, 16.357419, 130.595884, 301.673584, 0.982896, -1, -1, -1
596, 0, 714.221954, 16.361614, 130.594969, 301.911871, 0.982668, -1, -1, -1
597, 0, 714.203949, 16.411654, 130.643559, 301.808896, 0.982747, -1, -1, -1
598, 0, 714.242859, 16.232386, 131.175718, 302.153592, 0.982491, -1, -1, -1
599, 0, 713.633957, 16.892059, 132.530031, 301.130748, 0.982625, -1, -1, -1
600, 0, 713.676147, 16.843255, 132.570496, 301.262605, 0.982746, -1, -1, -1
601, 0, 713.939056, 16.906112, 131.772099, 301.093326, 0.984170, -1, -1, -1
602, 0, 713.925171, 16.802580, 132.145386, 301.383541, 0.984923, -1, -1, -1
603, 0, 713.910446, 16.851590, 132.200136, 301.319253, 0.984416, -1, -1, -1
604, 0, 713.881302, 16.906618, 131.502562, 301.107724, 0.984977, -1, -1, -1
605, 0, 713.873367, 16.835690, 131.464415, 301.262691, 0.985352, -1, -1, -1
606, 0, 713.882141, 16.818845, 131.539917, 301.332450, 0.985345, -1, -1, -1
607, 0, 713.985443, 16.817890, 131.301394, 301.450188, 0.985215, -1, -1, -1
608, 0, 713.960037, 16.795275, 131.359129, 301.552134, 0.985251, -1, -1, -1
609, 0, 713.917389, 16.885664, 131.571655, 301.517608, 0.985399, -1, -1, -1
610, 0, 713.880615, 16.596168, 130.960999, 301.982296, 0.985111, -1, -1, -1
611, 0, 714.363861, 16.217750, 130.103760, 302.551911, 0.984366, -1, -1, -1
612, 0, 714.379120, 16.212012, 129.973269, 302.508759, 0.984545, -1, -1, -1
613, 0, 714.448013, 16.205059, 129.874144, 302.504296, 0.983997, -1, -1, -1
614, 0, 714.403763, 16.187840, 130.212097, 302.462132, 0.984860, -1, -1, -1
615, 0, 714.475098, 16.126598, 129.985657, 302.602701, 0.984909, -1, -1, -1
616, 0, 714.465256, 16.207731, 130.051699, 302.529294, 0.984665, -1, -1, -1
617, 0, 714.338837, 16.338301, 129.783936, 302.278261, 0.985055, -1, -1, -1
618, 0, 714.365387, 16.354920, 129.735470, 302.240109, 0.984989, -1, -1, -1
619, 0, 714.488602, 16.022390, 129.525633, 302.634459, 0.985304, -1, -1, -1
620, 0, 714.456406, 16.030181, 129.467592, 302.621090, 0.985041, -1, -1, -1
621, 0, 713.983002, 16.270441, 128.664370, 302.099304, 0.987231, -1, -1, -1
622, 0, 713.959045, 16.392256, 128.925781, 301.894298, 0.987337, -1, -1, -1
623, 0, 713.911591, 16.321262, 128.791142, 301.937556, 0.987720, -1, -1, -1
624, 0, 713.918457, 16.307369, 128.886595, 302.003839, 0.987673, -1, -1, -1
625, 0, 713.825378, 16.372440, 128.768311, 301.941354, 0.987338, -1, -1, -1
626, 0, 713.825226, 16.315825, 128.753662, 302.039673, 0.987622, -1, -1, -1
627, 0, 713.791275, 16.290032, 128.631163, 302.137671, 0.986975, -1, -1, -1
628, 0, 713.762741, 16.148411, 128.489685, 302.387481, 0.986956, -1, -1, -1
629, 0, 713.605957, 16.183075, 128.501282, 302.315705, 0.986697, -1, -1, -1
630, 0, 713.710556, 16.177315, 128.417664, 302.355530, 0.986412, -1, -1, -1
631, 0, 713.634491, 16.186336, 128.469849, 302.318795, 0.986380, -1, -1, -1
632, 0, 713.646698, 16.207817, 128.345337, 302.340767, 0.986876, -1, -1, -1
633, 0, 713.674164, 16.219479, 128.263798, 302.316628, 0.986765, -1, -1, -1
634, 0, 713.651352, 16.231859, 128.324585, 302.281222, 0.986858, -1, -1, -1
635, 0, 713.739929, 15.958564, 128.448792, 302.706063, 0.986861, -1, -1, -1
636, 0, 713.763351, 15.918610, 128.684511, 302.853584, 0.987092, -1, -1, -1
637, 0, 713.717499, 15.931131, 128.724365, 302.814081, 0.986979, -1, -1, -1
638, 0, 714.018555, 15.888537, 128.650026, 302.940488, 0.987339, -1, -1, -1
639, 0, 713.970566, 15.853561, 128.743105, 302.995977, 0.987006, -1, -1, -1
640, 0, 714.052048, 15.955635, 128.546448, 302.772217, 0.987093, -1, -1, -1
641, 0, 714.044876, 15.939338, 128.579588, 302.823393, 0.987011, -1, -1, -1
642, 0, 714.081955, 15.962040, 128.524780, 302.778139, 0.987123, -1, -1, -1
643, 0, 714.158936, 15.961772, 128.493042, 302.704625, 0.987845, -1, -1, -1
644, 0, 714.188766, 15.957159, 128.460817, 302.777581, 0.987293, -1, -1, -1
645, 0, 714.206619, 15.971224, 128.463135, 302.750480, 0.987362, -1, -1, -1
646, 0, 714.447098, 16.061894, 128.696470, 302.185006, 0.984786, -1, -1, -1
647, 0, 714.107895, 16.253361, 129.418335, 301.890328, 0.984137, -1, -1, -1
648, 0, 714.200516, 16.490843, 129.304075, 301.438558, 0.984657, -1, -1, -1
649, 0, 714.140701, 16.448818, 129.152708, 301.494133, 0.984569, -1, -1, -1
650, 0, 714.173889, 16.443733, 129.053345, 301.449823, 0.984510, -1, -1, -1
651, 0, 714.217606, 16.712244, 129.388304, 300.954473, 0.984529, -1, -1, -1
652, 0, 714.119263, 16.780275, 129.545774, 300.784700, 0.984277, -1, -1, -1
653, 0, 714.126053, 16.917241, 129.517517, 300.595057, 0.985409, -1, -1, -1
654, 0, 714.228210, 16.851409, 129.435244, 300.657156, 0.985769, -1, -1, -1
655, 0, 714.189606, 16.706278, 129.323606, 300.822744, 0.985718, -1, -1, -1
656, 0, 714.011688, 16.702051, 129.318848, 300.868406, 0.986335, -1, -1, -1
657, 0, 713.883133, 16.631305, 129.425840, 301.210120, 0.985440, -1, -1, -1
658, 0, 713.841248, 16.590074, 129.448423, 301.301615, 0.985286, -1, -1, -1
659, 0, 714.269409, 15.940347, 128.364563, 302.739966, 0.983238, -1, -1, -1
660, 0, 714.303589, 15.885479, 128.327761, 302.891243, 0.983026, -1, -1, -1
661, 0, 714.219742, 15.561512, 128.022642, 303.355286, 0.983500, -1, -1, -1
662, 0, 713.994904, 14.841521, 127.118101, 304.541101, 0.985094, -1, -1, -1
663, 0, 714.037170, 14.830760, 127.009583, 304.552453, 0.984858, -1, -1, -1
664, 0, 713.953629, 14.996520, 126.823912, 304.137719, 0.985012, -1, -1, -1
664, 1, 842.922058, 0.920743, 97.531738, 165.770742, 0.406509, -1, -1, -1
665, 0, 713.579330, 14.912589, 126.265564, 304.122655, 0.984487, -1, -1, -1
665, 1, 844.775925, 0.601453, 94.310732, 164.796327, 0.465316, -1, -1, -1
666, 0, 713.563004, 14.949270, 126.319456, 304.117548, 0.984671, -1, -1, -1
666, 1, 844.824753, 0.596159, 94.332094, 164.879154, 0.465984, -1, -1, -1
667, 0, 713.558121, 14.934947, 126.277466, 304.129157, 0.984426, -1, -1, -1
667, 1, 844.775314, 0.718671, 94.477844, 164.762832, 0.460320, -1, -1, -1
668, 0, 713.555222, 14.896946, 126.238832, 304.290733, 0.984746, -1, -1, -1
668, 1, 844.785385, 0.878391, 94.270325, 164.990047, 0.485212, -1, -1, -1
669, 0, 713.670807, 15.007657, 126.446409, 304.101262, 0.985562, -1, -1, -1
669, 1, 844.762878, 0.817510, 94.763975, 164.958537, 0.557872, -1, -1, -1
670, 0, 713.866882, 15.266908, 127.058535, 303.791199, 0.985751, -1, -1, -1
670, 1, 844.863739, 1.647080, 94.325380, 163.258649, 0.565209, -1, -1, -1
671, 0, 713.656311, 15.256534, 127.457886, 304.142246, 0.985154, -1, -1, -1
672, 0, 713.320007, 15.603279, 127.785950, 303.117707, 0.981866, -1, -1, -1
673, 0, 713.368073, 15.805635, 128.020630, 302.798073, 0.982222, -1, -1, -1
674, 0, 713.375549, 15.750253, 127.944031, 302.831848, 0.982426, -1, -1, -1
675, 0, 713.448029, 15.830226, 127.765865, 302.731469, 0.982931, -1, -1, -1
675, 1, 841.099625, -0.287544, 100.052490, 164.098556, 0.432150, -1, -1, -1
676, 0, 713.395386, 15.834206, 127.828245, 302.660744, 0.983043, -1, -1, -1
676, 1, 841.270828, -0.263291, 99.784422, 163.743818, 0.433265, -1, -1, -1
677, 0, 713.485260, 15.961515, 127.693052, 302.311585, 0.984615, -1, -1, -1
677, 1, 841.319885, 0.589163, 99.603701, 161.488541, 0.559371, -1, -1, -1
678, 0, 713.412857, 16.040223, 127.780027, 302.237062, 0.984045, -1, -1, -1
678, 1, 841.253510, 0.611088, 99.878969, 161.649077, 0.529742, -1, -1, -1
679, 0, 713.440170, 15.974679, 127.601624, 302.062719, 0.983279, -1, -1, -1
679, 1, 841.512756, -0.685476, 99.329834, 162.182783, 0.632586, -1, -1, -1
680, 0, 713.548889, 15.698841, 127.603455, 302.580750, 0.983450, -1, -1, -1
680, 1, 841.457977, -0.991564, 99.397583, 162.535418, 0.586062, -1, -1, -1
681, 0, 713.584213, 15.671943, 127.601929, 302.599375, 0.983498, -1, -1, -1
681, 1, 841.625366, -1.006853, 99.071779, 162.958606, 0.603154, -1, -1, -1
682, 0, 713.015442, 15.255407, 127.070312, 303.194740, 0.983369, -1, -1, -1
682, 1, 842.453995, 0.565104, 97.332945, 162.850664, 0.510511, -1, -1, -1
683, 0, 713.713760, 15.265203, 126.647215, 303.102257, 0.983351, -1, -1, -1
683, 1, 844.771271, 0.985599, 94.738951, 160.433736, 0.422447, -1, -1, -1
684, 0, 713.747025, 15.296370, 126.662292, 303.001363, 0.983545, -1, -1, -1
684, 1, 844.459534, 0.917991, 94.922667, 160.405015, 0.448108, -1, -1, -1
685, 0, 713.722610, 15.173643, 126.744871, 303.511047, 0.983610, -1, -1, -1
685, 1, 844.596100, 2.056750, 94.603882, 161.386456, 0.423078, -1, -1, -1
686, 0, 713.871613, 15.267992, 127.414427, 303.729165, 0.982317, -1, -1, -1
687, 0, 713.964462, 15.206956, 127.324648, 303.912649, 0.981436, -1, -1, -1
688, 0, 714.162369, 15.282637, 127.125549, 303.550014, 0.980903, -1, -1, -1
689, 0, 714.130173, 15.305822, 127.154846, 303.506477, 0.981036, -1, -1, -1
690, 0, 714.195099, 15.393820, 127.016783, 303.321319, 0.981248, -1, -1, -1
691, 0, 714.174271, 15.473835, 126.715269, 303.098931, 0.982522, -1, -1, -1
692, 0, 714.209824, 15.486946, 126.642885, 303.085413, 0.982257, -1, -1, -1
693, 0, 714.212646, 15.576854, 126.675901, 302.878604, 0.982390, -1, -1, -1
694, 0, 714.228058, 15.494810, 126.640501, 303.042455, 0.982317, -1, -1, -1
695, 0, 714.113312, 15.831234, 127.174683, 302.637506, 0.983269, -1, -1, -1
696, 0, 714.101791, 15.822716, 127.069702, 302.554851, 0.983389, -1, -1, -1
697, 0, 714.196930, 15.806236, 127.035704, 302.528436, 0.983654, -1, -1, -1
698, 0, 713.788528, 16.281856, 127.180662, 301.805720, 0.983109, -1, -1, -1
698, 1, 847.096710, 0.334820, 93.103638, 158.991169, 0.438443, -1, -1, -1
699, 0, 713.732529, 16.196381, 127.098513, 301.990621, 0.982884, -1, -1, -1
699, 1, 847.619247, 0.783103, 92.571411, 159.308292, 0.454295, -1, -1, -1
700, 0, 713.567200, 16.289279, 127.278624, 301.909983, 0.983180, -1, -1, -1
700, 1, 847.435379, 0.998919, 92.878418, 159.723659, 0.419139, -1, -1, -1
701, 0, 713.600693, 16.159847, 127.219057, 302.163270, 0.983299, -1, -1, -1
701, 1, 847.647400, 0.842401, 92.577333, 159.401386, 0.431894, -1, -1, -1
702, 0, 713.616333, 16.231311, 127.330627, 302.108767, 0.983075, -1, -1, -1
703, 0, 713.616257, 16.262953, 127.277040, 301.998324, 0.982554, -1, -1, -1
704, 0, 713.617783, 16.365370, 127.377625, 301.813896, 0.982752, -1, -1, -1
705, 0, 713.795242, 15.118250, 128.054504, 303.878961, 0.983098, -1, -1, -1
706, 0, 713.980331, 14.392841, 128.404665, 305.131230, 0.982973, -1, -1, -1
707, 0, 713.501968, 15.174823, 129.082031, 303.633335, 0.987212, -1, -1, -1
707, 1, 846.368256, 0.180427, 93.273926, 160.274155, 0.461972, -1, -1, -1
708, 0, 713.040466, 14.161184, 130.413208, 305.296926, 0.987300, -1, -1, -1
708, 1, 845.804977, -0.231491, 94.371767, 159.666399, 0.487782, -1, -1, -1
709, 0, 712.993851, 14.112593, 130.492249, 305.449255, 0.987309, -1, -1, -1
709, 1, 845.792313, -0.117647, 94.431334, 159.675465, 0.497632, -1, -1, -1
710, 0, 714.966888, 13.152405, 129.436035, 307.181060, 0.983668, -1, -1, -1
710, 1, 845.778351, 0.782733, 94.659176, 157.291732, 0.651733, -1, -1, -1
711, 0, 713.737335, 13.943549, 130.649414, 305.632718, 0.984955, -1, -1, -1
711, 1, 845.143738, 1.022726, 95.315371, 157.382734, 0.729045, -1, -1, -1
712, 0, 713.689041, 13.814020, 130.757017, 306.007905, 0.984523, -1, -1, -1
712, 1, 845.183640, 1.086423, 95.201845, 157.349700, 0.715680, -1, -1, -1
713, 0, 716.589127, 11.828703, 127.672729, 309.702058, 0.970630, -1, -1, -1
713, 1, 845.399017, 1.571442, 94.918642, 155.968673, 0.702722, -1, -1, -1
714, 0, 716.620407, 11.777794, 127.707825, 309.832177, 0.971303, -1, -1, -1
714, 1, 845.328369, 1.656323, 94.831419, 155.809758, 0.705723, -1, -1, -1
715, 0, 715.310745, 12.915566, 129.083557, 308.665502, 0.957009, -1, -1, -1
715, 1, 845.510635, 1.450115, 93.941345, 156.212078, 0.658226, -1, -1, -1
716, 0, 715.482712, 13.309411, 129.455385, 308.123159, 0.956895, -1, -1, -1
716, 1, 845.630264, 1.668865, 93.565550, 156.975832, 0.638644, -1, -1, -1
717, 0, 716.734238, 12.726760, 128.444033, 309.251618, 0.961622, -1, -1, -1
717, 1, 845.796967, 2.123129, 93.380556, 156.909914, 0.664876, -1, -1, -1
718, 0, 716.814270, 12.633086, 128.381958, 309.454136, 0.961025, -1, -1, -1
718, 1, 845.619659, 2.589185, 93.424683, 157.060697, 0.639837, -1, -1, -1
719, 0, 717.186584, 12.208321, 127.401552, 309.738193, 0.964853, -1, -1, -1
719, 1, 845.828705, 2.004559, 93.355103, 158.325166, 0.739674, -1, -1, -1
720, 0, 717.612457, 12.218621, 126.440611, 309.625239, 0.967097, -1, -1, -1
720, 1, 845.886841, 1.840103, 93.708010, 158.794842, 0.761036, -1, -1, -1
721, 0, 716.795120, 10.772309, 127.839355, 315.991645, 0.977356, -1, -1, -1
721, 1, 845.860367, 1.361827, 93.674622, 158.832972, 0.768786, -1, -1, -1
722, 0, 718.642426, 10.287646, 124.941530, 319.468260, 0.973455, -1, -1, -1
722, 1, 845.645447, 2.251854, 94.187317, 157.958894, 0.742911, -1, -1, -1
722, 2, 1117.944717, 58.363259, 66.110353, 128.430873, 0.402141, -1, -1, -1
723, 0, 718.761520, 10.215966, 124.639101, 319.570334, 0.974880, -1, -1, -1
723, 1, 845.622864, 2.032025, 94.252501, 157.843140, 0.757995, -1, -1, -1
723, 2, 1117.955551, 58.279724, 66.176271, 128.531338, 0.400772, -1, -1, -1
724, 0, 719.011078, 11.693219, 124.631777, 319.099295, 0.978157, -1, -1, -1
724, 1, 844.596863, 1.486899, 95.369873, 156.830735, 0.809802, -1, -1, -1
725, 0, 719.029922, 11.686256, 124.633360, 319.002542, 0.978826, -1, -1, -1
725, 1, 844.709778, 1.128491, 95.075989, 156.970693, 0.824204, -1, -1, -1
726, 0, 719.888458, 11.596649, 120.989132, 324.045632, 0.987086, -1, -1, -1
726, 1, 843.036652, -0.010128, 97.248106, 161.489528, 0.867380, -1, -1, -1
727, 0, 720.013275, 11.594911, 119.840822, 324.939537, 0.986931, -1, -1, -1
727, 1, 842.936325, -0.403689, 97.818422, 166.396061, 0.859967, -1, -1, -1
728, 0, 719.892807, 11.627258, 120.007753, 324.801972, 0.987238, -1, -1, -1
728, 1, 842.852402, -0.348070, 97.951479, 166.059605, 0.859924, -1, -1, -1
729, 0, 708.763428, 13.815308, 130.202332, 325.877280, 0.989703, -1, -1, -1
729, 1, 844.219360, 2.019119, 97.196960, 164.279401, 0.755760, -1, -1, -1
730, 0, 705.519943, 17.019711, 133.426208, 326.353340, 0.980103, -1, -1, -1
730, 1, 846.693420, 1.850606, 94.372988, 164.356349, 0.637777, -1, -1, -1
731, 0, 707.692261, 17.476051, 131.896667, 324.997344, 0.983993, -1, -1, -1
731, 1, 847.017059, 2.519227, 94.131594, 163.059994, 0.656939, -1, -1, -1
732, 0, 705.764465, 17.355909, 132.320127, 326.263819, 0.985629, -1, -1, -1
732, 1, 847.230606, 2.229710, 94.080992, 164.528857, 0.651456, -1, -1, -1
733, 0, 705.625916, 17.220672, 132.415466, 326.256437, 0.986402, -1, -1, -1
733, 1, 847.387161, 2.446378, 93.818846, 164.435710, 0.674248, -1, -1, -1
734, 0, 703.962097, 19.961803, 132.417784, 320.551722, 0.990344, -1, -1, -1
734, 1, 847.326431, 1.534583, 94.595032, 168.017049, 0.733644, -1, -1, -1
