1, 0, 4.979963, 362.579384, 197.510567, 355.763333, 0.503611, -1, -1, -1
2, 0, -0.433464, 371.697092, 177.832603, 343.083501, 0.417455, -1, -1, -1
3, 0, -0.403347, 371.582379, 177.637634, 343.172572, 0.418248, -1, -1, -1
4, 0, -0.452843, 371.239057, 177.932281, 343.832910, 0.423259, -1, -1, -1
5, 0, 1089.712524, 0.293831, 106.393919, 209.852664, 0.417458, -1, -1, -1
6, 0, 1089.772568, 0.476124, 106.659794, 209.622939, 0.403254, -1, -1, -1
15, 0, 1092.827377, 4.992256, 116.001225, 203.207095, 0.406496, -1, -1, -1
16, 0, 1092.810287, 4.968610, 115.993290, 203.186646, 0.410610, -1, -1, -1
18, 0, -0.665779, 375.037708, 176.178741, 338.098755, 0.400454, -1, -1, -1
19, 0, -0.667925, 374.850898, 176.257133, 338.373542, 0.416756, -1, -1, -1
20, 0, -0.737658, 375.614963, 178.136559, 336.535435, 0.501124, -1, -1, -1
21, 0, -0.692911, 375.221214, 177.945957, 337.279930, 0.497354, -1, -1, -1
22, 0, -0.460138, 375.901294, 178.318348, 334.199767, 0.591788, -1, -1, -1
23, 0, 8.060780, 362.706585, 190.345497, 356.256022, 0.479084, -1, -1, -1
24, 0, -1.617422, 371.943383, 180.074635, 340.966895, 0.499043, -1, -1, -1
25, 0, -1.094265, 371.513629, 177.531109, 339.550560, 0.543814, -1, -1, -1
26, 0, -1.065283, 371.450844, 177.942543, 339.547212, 0.565872, -1, -1, -1
27, 0, 7.170057, 361.456118, 192.572403, 354.612129, 0.524915, -1, -1, -1
28, 0, 6.442118, 359.670217, 193.771877, 357.190011, 0.552801, -1, -1, -1
29, 0, 6.633921, 359.644189, 193.308830, 357.407076, 0.559904, -1, -1, -1
30, 0, -0.372229, 372.990260, 175.630856, 333.353176, 0.515727, -1, -1, -1
31, 0, -0.232744, 371.935530, 173.844624, 336.846592, 0.436422, -1, -1, -1
32, 0, -0.306015, 371.619072, 174.279137, 337.397518, 0.449244, -1, -1, -1
33, 0, 0.042048, 372.011576, 172.719212, 336.591825, 0.409790, -1, -1, -1
35, 0, 4.613552, 357.166879, 198.267899, 362.762632, 0.502728, -1, -1, -1
36, 0, 4.675913, 356.576107, 198.120708, 363.738484, 0.529168, -1, -1, -1
37, 0, 4.663095, 356.558146, 198.124866, 363.540945, 0.536239, -1, -1, -1
38, 0, 4.589596, 356.415217, 198.297043, 363.689218, 0.548625, -1, -1, -1
39, 0, 4.701672, 356.833384, 198.154640, 363.036733, 0.536478, -1, -1, -1
40, 0, -0.025902, 371.079369, 171.381798, 339.787817, 0.475702, -1, -1, -1
41, 0, -0.125008, 371.727304, 169.518223, 339.205821, 0.440501, -1, -1, -1
42, 0, -0.117779, 371.603193, 169.774132, 339.230990, 0.458726, -1, -1, -1
43, 0, 3.353472, 355.685356, 200.102520, 364.663396, 0.507901, -1, -1, -1
44, 0, 1.221151, 369.235768, 167.895794, 345.077627, 0.495299, -1, -1, -1
45, 0, 1.275892, 369.280872, 167.796440, 344.854360, 0.488254, -1, -1, -1
46, 0, 2.931623, 355.998874, 200.715256, 363.892422, 0.479616, -1, -1, -1
47, 0, 2.537794, 359.075646, 201.883202, 358.320100, 0.500545, -1, -1, -1
48, 0, 2.140112, 360.623646, 202.503223, 356.013422, 0.452171, -1, -1, -1
50, 0, 1105.107193, 6.648692, 114.835453, 199.585447, 0.414482, -1, -1, -1
51, 0, 1105.128632, 6.401017, 114.865847, 199.832854, 0.445002, -1, -1, -1
52, 0, 1105.159760, 6.426852, 114.998169, 199.847403, 0.441505, -1, -1, -1
53, 0, 323.089905, 3.790541, 67.696290, 160.748456, 0.593290, -1, -1, -1
53, 1, 1105.549469, 6.247884, 115.824947, 200.139270, 0.408878, -1, -1, -1
54, 0, 321.035118, 2.741979, 68.686066, 161.978892, 0.583871, -1, -1, -1
54, 1, 1105.223541, 6.135714, 117.060909, 200.176392, 0.438188, -1, -1, -1
55, 0, 318.563843, 1.732444, 71.864257, 163.215809, 0.592728, -1, -1, -1
55, 1, 1104.281235, 6.451110, 118.147335, 199.496226, 0.444934, -1, -1, -1
56, 0, 318.193626, 1.716979, 72.044983, 163.279141, 0.585651, -1, -1, -1
56, 1, 1104.402008, 6.448224, 118.031130, 199.456379, 0.437933, -1, -1, -1
57, 0, 316.712227, -1.887975, 73.898621, 166.323695, 0.523427, -1, -1, -1
57, 1, 1.556282, 360.497732, 203.959656, 355.607786, 0.419645, -1, -1, -1
57, 2, 1104.903412, 6.501557, 118.204832, 199.377544, 0.416674, -1, -1, -1
58, 0, 316.775265, -1.955523, 73.808470, 166.319414, 0.510402, -1, -1, -1
58, 1, 1105.287323, 6.467772, 118.162107, 199.380591, 0.420795, -1, -1, -1
58, 2, 1.470776, 360.334010, 204.204979, 355.787880, 0.411821, -1, -1, -1
59, 0, 2.107229, 360.298605, 202.704792, 356.545572, 0.452520, -1, -1, -1
60, 0, 2.119293, 360.303583, 202.773571, 356.417856, 0.458925, -1, -1, -1
60, 1, 1105.369034, 7.056119, 117.712402, 198.594983, 0.412938, -1, -1, -1
61, 0, 2.008543, 360.553265, 202.980957, 356.003809, 0.459791, -1, -1, -1
61, 1, 1105.212173, 7.362792, 118.492432, 198.014359, 0.416264, -1, -1, -1
62, 0, 2.266235, 360.396194, 202.472534, 356.550722, 0.450674, -1, -1, -1
62, 1, 1104.137726, 7.516848, 119.863157, 197.498968, 0.408441, -1, -1, -1
63, 0, 2.353220, 360.609913, 202.319202, 356.314516, 0.446895, -1, -1, -1
63, 1, 1104.247589, 7.464277, 119.812374, 197.615547, 0.406624, -1, -1, -1
64, 0, 2.252398, 360.443316, 202.502422, 356.552160, 0.446074, -1, -1, -1
64, 1, 1104.218979, 7.530924, 119.816895, 197.524116, 0.412491, -1, -1, -1
65, 0, 1104.001694, 7.363544, 119.945679, 197.751632, 0.404667, -1, -1, -1
68, 0, 296.550484, -1.392431, 84.595337, 167.972320, 0.571310, -1, -1, -1
68, 1, 2.391510, 359.330177, 201.731777, 358.749597, 0.465631, -1, -1, -1
69, 0, 2.843199, 357.895668, 200.214958, 360.722179, 0.592614, -1, -1, -1
69, 1, 1102.366180, 8.488666, 124.719849, 194.999063, 0.428960, -1, -1, -1
70, 0, 2.983084, 357.662895, 200.035286, 361.194291, 0.585614, -1, -1, -1
70, 1, 296.827965, 1.409372, 80.902405, 160.717868, 0.511455, -1, -1, -1
70, 2, 1103.064575, 8.408682, 123.777714, 195.413325, 0.408615, -1, -1, -1
71, 0, 2.668076, 356.003294, 200.459671, 364.033184, 0.669807, -1, -1, -1
71, 1, 296.588898, 1.690602, 80.575962, 161.108547, 0.504456, -1, -1, -1
71, 2, 1103.937988, 8.611168, 123.191528, 194.928467, 0.443226, -1, -1, -1
72, 0, 2.758970, 356.286278, 200.186119, 363.677330, 0.674441, -1, -1, -1
72, 1, 293.587914, 3.405982, 83.221407, 160.872685, 0.621700, -1, -1, -1
72, 2, 1103.835220, 8.793150, 123.580446, 194.606023, 0.406150, -1, -1, -1
73, 0, 2.673550, 356.219115, 200.311356, 363.781743, 0.665626, -1, -1, -1
73, 1, 293.432503, 3.395661, 83.340397, 160.897200, 0.619090, -1, -1, -1
73, 2, 1103.796387, 8.878821, 123.513308, 194.450455, 0.410172, -1, -1, -1
74, 0, 288.922310, 5.593951, 86.595554, 160.479355, 0.642963, -1, -1, -1
74, 1, 2.336254, 355.853734, 201.008644, 364.903121, 0.634043, -1, -1, -1
74, 2, 1103.609619, 8.746511, 123.702879, 194.801223, 0.402599, -1, -1, -1
75, 0, 2.023706, 356.211970, 201.748638, 363.760929, 0.656529, -1, -1, -1
75, 1, 290.543575, 5.938416, 83.279419, 161.384965, 0.490487, -1, -1, -1
75, 2, 1103.216324, 8.923441, 121.909666, 193.910086, 0.440143, -1, -1, -1
76, 0, 2.026205, 356.352990, 201.748238, 363.548241, 0.642196, -1, -1, -1
76, 1, 290.491676, 6.081716, 83.673677, 161.412699, 0.506813, -1, -1, -1
76, 2, 1103.450699, 8.829767, 121.651859, 193.924613, 0.440024, -1, -1, -1
77, 0, 1.875496, 356.485534, 201.915245, 363.253927, 0.644718, -1, -1, -1
77, 1, 1103.299561, 8.465738, 120.818481, 194.020293, 0.445807, -1, -1, -1
77, 2, 291.099911, 5.672255, 82.769165, 160.562611, 0.428239, -1, -1, -1
78, 0, 1.769133, 356.459785, 202.165794, 363.252511, 0.640057, -1, -1, -1
78, 1, 1103.193359, 8.383341, 120.932617, 194.093077, 0.443798, -1, -1, -1
78, 2, 291.455956, 5.880266, 82.368374, 160.407118, 0.412209, -1, -1, -1
79, 0, 284.974937, 7.036657, 86.883755, 160.775943, 0.672696, -1, -1, -1
79, 1, 2.177591, 357.264748, 201.176357, 362.433386, 0.568678, -1, -1, -1
80, 0, 279.628239, 7.213640, 94.184265, 162.057019, 0.737097, -1, -1, -1
80, 1, 2.447433, 357.580347, 200.457344, 362.051868, 0.516636, -1, -1, -1
81, 0, 279.575748, 7.217524, 94.414492, 162.059251, 0.753084, -1, -1, -1
81, 1, 2.363138, 357.058840, 200.573387, 362.862926, 0.533157, -1, -1, -1
82, 0, 277.545204, 7.126147, 96.959934, 164.124563, 0.697277, -1, -1, -1
82, 1, 2.552652, 357.219429, 200.354977, 362.736712, 0.496790, -1, -1, -1
83, 0, 276.710606, 8.333151, 97.092867, 163.064468, 0.611594, -1, -1, -1
84, 0, 276.848049, 8.382912, 96.785612, 163.179567, 0.610124, -1, -1, -1
85, 0, 271.658630, 4.418183, 105.330811, 167.551653, 0.726579, -1, -1, -1
86, 0, 271.631317, 4.358112, 105.251312, 167.647237, 0.721728, -1, -1, -1
87, 0, 268.547325, 6.103479, 112.624359, 165.560532, 0.826997, -1, -1, -1
87, 1, 4.345388, 359.585974, 196.744823, 360.103598, 0.494975, -1, -1, -1
88, 0, 265.789852, 7.627618, 119.145689, 164.487498, 0.930951, -1, -1, -1
88, 1, 5.714169, 359.182248, 194.568043, 360.491896, 0.439700, -1, -1, -1
88, 2, 1104.472885, 9.118663, 121.836185, 192.414229, 0.401097, -1, -1, -1
89, 0, 265.795174, 7.629088, 119.241123, 164.451985, 0.931821, -1, -1, -1
89, 1, 5.667982, 359.251857, 194.692154, 360.347829, 0.436417, -1, -1, -1
89, 2, 1104.526367, 9.146826, 121.853275, 192.340736, 0.401745, -1, -1, -1
90, 0, 265.772705, 7.630246, 119.204044, 164.452254, 0.929982, -1, -1, -1
90, 1, 5.707750, 358.956900, 194.459457, 361.104727, 0.461173, -1, -1, -1
90, 2, 1104.538727, 9.120669, 121.784182, 192.480855, 0.406971, -1, -1, -1
91, 0, 262.168674, 6.977810, 122.738190, 168.182981, 0.955450, -1, -1, -1
91, 1, 1104.054413, 8.429882, 121.204710, 195.012882, 0.475216, -1, -1, -1
91, 2, 6.272507, 360.292082, 193.812695, 357.814429, 0.407857, -1, -1, -1
92, 0, 262.207432, 6.650419, 122.690639, 168.538685, 0.956087, -1, -1, -1
92, 1, 1103.980942, 8.502485, 121.241455, 194.864395, 0.481481, -1, -1, -1
92, 2, 6.226311, 360.402632, 193.938408, 357.595067, 0.412966, -1, -1, -1
93, 0, 261.155815, 6.008202, 124.530544, 171.778075, 0.953517, -1, -1, -1
93, 1, 5.384274, 360.490909, 195.577755, 356.839113, 0.508630, -1, -1, -1
93, 2, 1103.351440, 8.352174, 122.282839, 195.716758, 0.496052, -1, -1, -1
94, 0, 261.114616, 5.994340, 124.606628, 171.775897, 0.955348, -1, -1, -1
94, 1, 1103.047867, 8.431696, 122.587643, 195.819540, 0.515365, -1, -1, -1
94, 2, 5.424595, 360.059052, 195.563908, 357.419350, 0.501425, -1, -1, -1
95, 0, 260.481625, 9.458209, 127.126255, 173.241048, 0.964620, -1, -1, -1
95, 1, 1102.899399, 6.874341, 119.582767, 199.647074, 0.610728, -1, -1, -1
96, 0, 261.240349, 10.256563, 121.351013, 177.104920, 0.879265, -1, -1, -1
96, 1, 1102.428970, 6.753867, 119.300661, 200.403714, 0.618768, -1, -1, -1
97, 0, 261.203346, 10.584340, 121.868687, 177.140121, 0.884402, -1, -1, -1
97, 1, 1102.453461, 6.836361, 119.181032, 200.270076, 0.623834, -1, -1, -1
98, 0, 263.011894, 9.075093, 114.180202, 182.124932, 0.768556, -1, -1, -1
98, 1, 1104.237213, 8.139678, 116.874514, 198.298824, 0.553227, -1, -1, -1
98, 2, 7.652903, 365.153532, 191.046810, 348.521948, 0.483527, -1, -1, -1
99, 0, 263.017216, 8.974907, 114.032288, 181.945674, 0.766408, -1, -1, -1
99, 1, 1104.255600, 8.152038, 116.744509, 198.162546, 0.547417, -1, -1, -1
99, 2, 7.552853, 365.218248, 191.234398, 348.335137, 0.480699, -1, -1, -1
100, 0, 7.362461, 360.661325, 191.481361, 355.730460, 0.645042, -1, -1, -1
100, 1, 1105.254517, 9.416839, 118.828487, 196.014032, 0.634458, -1, -1, -1
100, 2, 264.036751, 7.741140, 90.097532, 172.857503, 0.519193, -1, -1, -1
101, 0, 1105.072479, 10.044240, 120.775509, 195.237458, 0.696140, -1, -1, -1
101, 1, 9.310551, 368.552985, 187.870255, 343.587413, 0.508788, -1, -1, -1
102, 0, 1105.061188, 10.113226, 121.044559, 194.910421, 0.708481, -1, -1, -1
102, 1, 9.327564, 368.355703, 187.845879, 343.774116, 0.506679, -1, -1, -1
103, 0, 1107.868423, 9.822615, 117.908325, 194.443223, 0.581266, -1, -1, -1
104, 0, 1112.294464, 9.548246, 118.276978, 194.447901, 0.524748, -1, -1, -1
104, 1, 9.617167, 370.199947, 188.454247, 342.146616, 0.518120, -1, -1, -1
105, 0, 9.788656, 369.970822, 188.167458, 342.476313, 0.523064, -1, -1, -1
105, 1, 1112.306671, 9.590786, 118.313723, 194.304307, 0.515931, -1, -1, -1
106, 0, 251.048031, 4.553989, 71.112885, 173.483884, 0.570412, -1, -1, -1
106, 1, 9.761381, 367.488041, 188.270683, 346.633844, 0.553107, -1, -1, -1
107, 0, 9.136515, 365.108514, 189.431934, 349.414909, 0.574163, -1, -1, -1
107, 1, 251.922989, 4.073551, 70.346880, 173.843794, 0.517423, -1, -1, -1
108, 0, 8.411064, 364.810982, 191.352539, 347.549379, 0.734059, -1, -1, -1
108, 1, 248.664227, 5.152443, 74.688921, 171.859592, 0.601095, -1, -1, -1
109, 0, 8.017874, 364.706483, 192.097206, 347.935553, 0.694168, -1, -1, -1
109, 1, 242.750702, 6.482331, 81.500454, 172.410014, 0.633358, -1, -1, -1
110, 0, 7.857790, 364.873638, 192.406883, 347.428808, 0.689727, -1, -1, -1
110, 1, 242.842102, 6.488494, 81.587343, 172.494578, 0.634130, -1, -1, -1
111, 0, 234.977989, 5.990247, 91.440125, 169.831864, 0.801013, -1, -1, -1
111, 1, 7.926321, 362.805033, 192.222309, 350.269632, 0.735998, -1, -1, -1
112, 0, 234.909210, 5.877417, 91.483030, 169.900131, 0.797554, -1, -1, -1
112, 1, 7.841167, 362.374849, 192.363129, 350.647609, 0.717330, -1, -1, -1
113, 0, 230.825596, 7.917961, 94.992247, 168.846388, 0.791756, -1, -1, -1
113, 1, 7.819071, 364.018507, 192.072506, 348.055973, 0.665835, -1, -1, -1
114, 0, 225.859833, 8.768827, 104.434605, 170.728419, 0.749792, -1, -1, -1
114, 1, 7.017641, 364.216776, 193.389492, 347.392244, 0.699414, -1, -1, -1
115, 0, 225.569057, 8.782433, 104.807949, 170.761689, 0.755503, -1, -1, -1
115, 1, 6.838140, 364.994488, 193.446102, 346.521707, 0.662989, -1, -1, -1
116, 0, 225.775795, 8.648451, 104.629002, 170.906904, 0.747566, -1, -1, -1
116, 1, 6.837893, 364.972858, 193.440285, 346.660666, 0.655321, -1, -1, -1
117, 0, 225.697613, 8.676023, 104.634476, 170.793629, 0.748204, -1, -1, -1
117, 1, 6.795788, 365.420723, 193.469982, 346.080751, 0.652742, -1, -1, -1
118, 0, 223.263664, 8.585805, 112.242889, 172.791231, 0.811890, -1, -1, -1
118, 1, 7.051449, 366.299200, 193.099632, 344.850411, 0.747351, -1, -1, -1
119, 0, 222.998962, 9.106303, 112.738400, 172.241099, 0.818360, -1, -1, -1
119, 1, 6.023788, 363.221869, 195.244827, 348.691463, 0.800739, -1, -1, -1
120, 0, 222.575760, 9.138924, 113.243513, 172.260776, 0.819512, -1, -1, -1
120, 1, 6.054106, 363.093982, 195.287819, 348.817205, 0.815679, -1, -1, -1
121, 0, 5.856295, 362.610154, 196.006050, 349.497263, 0.849613, -1, -1, -1
121, 1, 222.586555, 9.117028, 114.373960, 172.536839, 0.798232, -1, -1, -1
122, 0, 5.859346, 362.847605, 195.942116, 348.986635, 0.845948, -1, -1, -1
122, 1, 222.576408, 9.271688, 114.803467, 172.373064, 0.798395, -1, -1, -1
123, 0, 219.393578, 6.944400, 124.122219, 180.058858, 0.850565, -1, -1, -1
123, 1, 9.837351, 367.924619, 188.036175, 346.107852, 0.666171, -1, -1, -1
124, 0, 220.349350, 7.368704, 125.653820, 186.114793, 0.752991, -1, -1, -1
124, 1, 8.749666, 367.469845, 189.868984, 347.957525, 0.718339, -1, -1, -1
125, 0, 220.288143, 7.426565, 125.930357, 186.105652, 0.757876, -1, -1, -1
125, 1, 8.817167, 367.316122, 189.689426, 348.359535, 0.712155, -1, -1, -1
126, 0, 8.192034, 365.600581, 190.914497, 350.137625, 0.734192, -1, -1, -1
126, 1, 220.456619, 6.895466, 126.179094, 186.562314, 0.716273, -1, -1, -1
127, 0, 7.971582, 365.612211, 191.162453, 350.395052, 0.738842, -1, -1, -1
127, 1, 220.501900, 6.796535, 126.077118, 186.638532, 0.714173, -1, -1, -1
128, 0, 219.387474, 5.942177, 118.889036, 183.089561, 0.767567, -1, -1, -1
128, 1, 6.914587, 367.248445, 192.942066, 346.131928, 0.634798, -1, -1, -1
129, 0, 218.866386, 5.661607, 114.965515, 182.872646, 0.766021, -1, -1, -1
129, 1, 7.002573, 367.550483, 193.707752, 344.474559, 0.532358, -1, -1, -1
130, 0, 218.466110, 5.023638, 113.836994, 181.452384, 0.776819, -1, -1, -1
130, 1, 6.158142, 365.155678, 195.100136, 348.386507, 0.447374, -1, -1, -1
131, 0, 218.103237, 4.465492, 114.738312, 181.684256, 0.807975, -1, -1, -1
131, 1, 0.295076, 376.088362, 176.931801, 332.752662, 0.488581, -1, -1, -1
132, 0, 219.696350, 4.711386, 111.363344, 179.135041, 0.773494, -1, -1, -1
132, 1, -0.782223, 374.248753, 178.335266, 336.791468, 0.521780, -1, -1, -1
133, 0, 219.593163, 4.655880, 111.576262, 179.432069, 0.782718, -1, -1, -1
133, 1, -0.478296, 373.903370, 177.111111, 337.605829, 0.495261, -1, -1, -1
134, 0, 219.932442, 4.323216, 110.608921, 177.745389, 0.778986, -1, -1, -1
135, 0, 220.019550, 4.275629, 110.365705, 177.908692, 0.776909, -1, -1, -1
136, 0, 221.259537, 4.176703, 109.711103, 177.505063, 0.790961, -1, -1, -1
137, 0, 224.501419, 3.731607, 105.529766, 175.672245, 0.741467, -1, -1, -1
138, 0, 226.010799, 3.205916, 102.639866, 174.672318, 0.724057, -1, -1, -1
139, 0, 226.013718, 3.209596, 102.707262, 174.655645, 0.722607, -1, -1, -1
140, 0, 226.828804, 1.333149, 101.652098, 176.615331, 0.740521, -1, -1, -1
141, 0, 226.749115, 1.404115, 101.785793, 176.456834, 0.742073, -1, -1, -1
142, 0, 230.334816, 1.650428, 99.805021, 175.889375, 0.714278, -1, -1, -1
143, 0, 231.634998, 1.173322, 98.287640, 176.148305, 0.715454, -1, -1, -1
144, 0, 234.338741, 1.436693, 97.004490, 176.829071, 0.771190, -1, -1, -1
145, 0, 234.316196, 1.546932, 96.902132, 176.630931, 0.772329, -1, -1, -1
146, 0, 234.347420, 1.499661, 96.919861, 176.564884, 0.776074, -1, -1, -1
147, 0, 234.019699, 2.250813, 98.195391, 175.903795, 0.801775, -1, -1, -1
148, 0, 236.340752, 1.346228, 99.737301, 177.506222, 0.769190, -1, -1, -1
149, 0, 236.409302, 1.390570, 99.641056, 177.581956, 0.768549, -1, -1, -1
150, 0, 238.856564, 1.047333, 97.877502, 179.762024, 0.702703, -1, -1, -1
151, 0, 238.532562, 1.302572, 97.495575, 179.647365, 0.695220, -1, -1, -1
152, 0, 238.901653, 1.165634, 96.745071, 179.598505, 0.685973, -1, -1, -1
153, 0, 241.154556, 3.472951, 94.926682, 177.861775, 0.656865, -1, -1, -1
154, 0, 241.205254, 3.478069, 95.018034, 177.754090, 0.659664, -1, -1, -1
155, 0, 244.016647, 4.926097, 89.717150, 175.610157, 0.742293, -1, -1, -1
156, 0, 244.186802, 4.801964, 88.838406, 175.064939, 0.662876, -1, -1, -1
157, 0, 243.763905, 5.000984, 89.203205, 174.949679, 0.682670, -1, -1, -1
158, 0, 245.883636, 3.581243, 84.583435, 175.899353, 0.661693, -1, -1, -1
159, 0, 245.782852, 3.367959, 84.681196, 176.002650, 0.650009, -1, -1, -1
160, 0, 248.393555, 0.973669, 76.932650, 176.908250, 0.406242, -1, -1, -1
161, 0, 249.995880, 0.906801, 75.494475, 177.531799, 0.523337, -1, -1, -1
162, 0, 249.935455, 0.765288, 75.589571, 177.880733, 0.536035, -1, -1, -1
163, 0, 250.159187, -0.802286, 75.497408, 177.816875, 0.488182, -1, -1, -1
164, 0, 250.135345, -0.820466, 75.489378, 177.985382, 0.482098, -1, -1, -1
165, 0, 252.093792, -0.232848, 74.326005, 176.930770, 0.431627, -1, -1, -1
166, 0, 252.583580, 1.415809, 73.943510, 175.328643, 0.410270, -1, -1, -1
183, 0, 1.028233, 371.562853, 173.433266, 343.743646, 0.407079, -1, -1, -1
184, 0, 1.111202, 372.040586, 172.757339, 342.627075, 0.408430, -1, -1, -1
185, 0, 239.478607, -0.755251, 80.077028, 180.868263, 0.493503, -1, -1, -1
185, 1, 1.066923, 372.413392, 172.604370, 341.988709, 0.410581, -1, -1, -1
186, 0, 239.352665, -0.849407, 80.162477, 181.246090, 0.488147, -1, -1, -1
187, 0, 237.049389, 4.826485, 81.036510, 174.274932, 0.549925, -1, -1, -1
187, 1, 1.360798, 372.825165, 172.642097, 341.404631, 0.429046, -1, -1, -1
188, 0, 237.174225, 4.815311, 80.943699, 174.208800, 0.550783, -1, -1, -1
188, 1, 1.359110, 372.567201, 172.598591, 341.874704, 0.423701, -1, -1, -1
189, 0, 234.574032, 6.519844, 82.479916, 172.314763, 0.489581, -1, -1, -1
189, 1, 1.707745, 372.709079, 171.429863, 341.556981, 0.443461, -1, -1, -1
190, 0, 1.464624, 372.244391, 171.849251, 342.214229, 0.501700, -1, -1, -1
190, 1, 230.209808, 5.293350, 84.861755, 174.052963, 0.419713, -1, -1, -1
191, 0, 1.100349, 373.053732, 172.355652, 341.785805, 0.553750, -1, -1, -1
192, 0, 1.017628, 372.688522, 172.348804, 342.262144, 0.581297, -1, -1, -1
193, 0, 1.284618, 372.787571, 171.623459, 342.226524, 0.578177, -1, -1, -1
193, 1, 220.175323, 7.777655, 91.030149, 175.561717, 0.401975, -1, -1, -1
194, 0, 1.312790, 372.379618, 171.447220, 342.683251, 0.570981, -1, -1, -1
195, 0, 1.508560, 371.792622, 170.114117, 343.939791, 0.613390, -1, -1, -1
196, 0, 1.551809, 372.015867, 170.451393, 343.474481, 0.607604, -1, -1, -1
197, 0, 1.534595, 372.019515, 170.565548, 343.445406, 0.612049, -1, -1, -1
198, 0, 1.576891, 371.959863, 170.321732, 343.508813, 0.608386, -1, -1, -1
199, 0, 1.478071, 371.746874, 169.890862, 343.984251, 0.609162, -1, -1, -1
199, 1, 207.725639, 6.028882, 97.533722, 175.383650, 0.540419, -1, -1, -1
200, 0, 1.635876, 371.243863, 170.045395, 344.204922, 0.603972, -1, -1, -1
200, 1, 206.379147, 4.658600, 96.461821, 180.629096, 0.496125, -1, -1, -1
201, 0, 1.620979, 371.518478, 170.094242, 343.727596, 0.586343, -1, -1, -1
201, 1, 206.382942, 4.638495, 96.470490, 180.616672, 0.493474, -1, -1, -1
202, 0, 199.868622, 4.195576, 103.589811, 186.614799, 0.507074, -1, -1, -1
203, 0, 191.170197, 7.538638, 100.483799, 186.265275, 0.774951, -1, -1, -1
203, 1, 1.141481, 369.333315, 171.548653, 350.018857, 0.476350, -1, -1, -1
204, 0, 191.120262, 7.554946, 100.614834, 186.202211, 0.775945, -1, -1, -1
204, 1, 1.109800, 369.035397, 171.471653, 350.361814, 0.482621, -1, -1, -1
205, 0, 192.238083, 6.595316, 97.562151, 187.877176, 0.768774, -1, -1, -1
205, 1, 1.264400, 369.961939, 170.439682, 348.904989, 0.455976, -1, -1, -1
206, 0, 192.293510, 6.488285, 97.536316, 187.875330, 0.762810, -1, -1, -1
206, 1, 1.258554, 369.880099, 170.637798, 349.230931, 0.440134, -1, -1, -1
207, 0, 192.149792, 8.691494, 96.448650, 185.502369, 0.771122, -1, -1, -1
207, 1, 1.463308, 369.708009, 170.706806, 349.169369, 0.479800, -1, -1, -1
208, 0, 193.012810, 9.242345, 94.352932, 184.742188, 0.796401, -1, -1, -1
208, 1, 1.583862, 368.369951, 170.776043, 351.261513, 0.566456, -1, -1, -1
209, 0, 193.031540, 9.125519, 94.372177, 185.458531, 0.808662, -1, -1, -1
209, 1, 1.643448, 368.293562, 170.322952, 351.327603, 0.561399, -1, -1, -1
210, 0, 192.238636, 9.349688, 95.144758, 185.059698, 0.820107, -1, -1, -1
210, 1, 1.658182, 369.249415, 170.325184, 349.858053, 0.562083, -1, -1, -1
211, 0, 191.394424, 9.579306, 95.926771, 186.354239, 0.847801, -1, -1, -1
211, 1, 1.383486, 368.393683, 170.516090, 350.840342, 0.600526, -1, -1, -1
212, 0, 191.493950, 9.607769, 95.487089, 186.022546, 0.846250, -1, -1, -1
212, 1, 1.400328, 368.262234, 170.642891, 350.991554, 0.609282, -1, -1, -1
213, 0, 192.064075, 10.627953, 92.359972, 183.550622, 0.772676, -1, -1, -1
213, 1, 1.365910, 368.294249, 170.762367, 350.910466, 0.580438, -1, -1, -1
214, 0, 192.340279, 10.485699, 91.620913, 183.357375, 0.791236, -1, -1, -1
214, 1, 1.463442, 369.403138, 169.837532, 349.146302, 0.556123, -1, -1, -1
215, 0, 191.933212, 10.899843, 91.493759, 182.068777, 0.776304, -1, -1, -1
215, 1, 1.286325, 368.917508, 170.841541, 349.945772, 0.528159, -1, -1, -1
216, 0, 192.285156, 10.621333, 87.710390, 183.813865, 0.688769, -1, -1, -1
216, 1, 3.934164, 358.115180, 197.071857, 366.018190, 0.583438, -1, -1, -1
217, 0, 192.143784, 10.469466, 87.767715, 184.044793, 0.682083, -1, -1, -1
217, 1, 1.194572, 369.264436, 172.637691, 348.988073, 0.557062, -1, -1, -1
218, 0, 191.235962, 9.682871, 86.329288, 185.353410, 0.758642, -1, -1, -1
218, 1, 2.632351, 359.962320, 200.273705, 360.955038, 0.736319, -1, -1, -1
219, 0, 2.420053, 360.713682, 200.898609, 358.728268, 0.756482, -1, -1, -1
219, 1, 190.608654, 9.320054, 85.461321, 185.981476, 0.750992, -1, -1, -1
220, 0, 190.614090, 9.425047, 85.566998, 185.851293, 0.753836, -1, -1, -1
220, 1, 2.564383, 360.821657, 200.653419, 358.471806, 0.750269, -1, -1, -1
221, 0, 189.820652, 7.277584, 84.062595, 189.592631, 0.732469, -1, -1, -1
221, 1, 4.843788, 362.527156, 196.251945, 355.198781, 0.620274, -1, -1, -1
222, 0, 189.825821, 7.457925, 83.975697, 188.839488, 0.722235, -1, -1, -1
222, 1, 4.960108, 362.979484, 196.006756, 354.591422, 0.610104, -1, -1, -1
223, 0, 189.961243, 7.441499, 83.790255, 189.172103, 0.728789, -1, -1, -1
223, 1, 4.586620, 361.935568, 196.781311, 356.131203, 0.644994, -1, -1, -1
224, 0, 191.683388, 9.463702, 80.601931, 185.395274, 0.639692, -1, -1, -1
224, 1, 4.592810, 362.376480, 196.991177, 354.714653, 0.612231, -1, -1, -1
225, 0, 191.557789, 9.331447, 80.791826, 185.823033, 0.638432, -1, -1, -1
225, 1, 4.480906, 362.159758, 197.299519, 354.826148, 0.625637, -1, -1, -1
226, 0, 192.575340, 9.697086, 79.305725, 183.506784, 0.624629, -1, -1, -1
226, 1, 4.469423, 362.348886, 197.164822, 354.570608, 0.596327, -1, -1, -1
227, 0, 192.737160, 9.913058, 79.002624, 183.215110, 0.637526, -1, -1, -1
227, 1, 4.454174, 362.415276, 197.434959, 353.234932, 0.608091, -1, -1, -1
228, 0, 2.480831, 363.004031, 201.069946, 352.637272, 0.549183, -1, -1, -1
228, 1, 191.611519, 9.601916, 80.368500, 179.822813, 0.400556, -1, -1, -1
229, 0, 193.228264, 12.976592, 81.154327, 177.697034, 0.512748, -1, -1, -1
229, 1, 3.241816, 362.411070, 200.234566, 353.584650, 0.444328, -1, -1, -1
230, 0, 193.269062, 12.775533, 81.151447, 178.017365, 0.515790, -1, -1, -1
230, 1, 3.136215, 362.238636, 200.368614, 353.997624, 0.450016, -1, -1, -1
231, 0, 194.260674, 13.307914, 84.190426, 177.030333, 0.563929, -1, -1, -1
231, 1, 3.355837, 361.442771, 199.699097, 354.233422, 0.405514, -1, -1, -1
232, 0, 194.289913, 13.408282, 84.291048, 176.904066, 0.562252, -1, -1, -1
232, 1, 3.527298, 361.521349, 199.388256, 353.979728, 0.416865, -1, -1, -1
233, 0, 2.944059, 360.539618, 200.922737, 354.298096, 0.598168, -1, -1, -1
233, 1, 194.347267, 15.962786, 92.767334, 172.498795, 0.432319, -1, -1, -1
234, 0, 1.715231, 361.398010, 203.113537, 353.809569, 0.683016, -1, -1, -1
234, 1, 199.544544, 13.998669, 101.609144, 174.968755, 0.471601, -1, -1, -1
235, 0, 1.967764, 361.378613, 202.639904, 353.666146, 0.638133, -1, -1, -1
235, 1, 199.434471, 14.134979, 101.903477, 174.715651, 0.482109, -1, -1, -1
236, 0, 1.436853, 362.929659, 203.701210, 351.438024, 0.581111, -1, -1, -1
236, 1, 198.445740, 13.643700, 104.732332, 175.277767, 0.451129, -1, -1, -1
237, 0, 197.850189, 14.507216, 107.701263, 173.565670, 0.501587, -1, -1, -1
237, 1, 1.165180, 368.511786, 165.319557, 347.058234, 0.447800, -1, -1, -1
238, 0, 197.894421, 14.337432, 107.555008, 173.750914, 0.496753, -1, -1, -1
238, 1, 1.132021, 368.371410, 165.351982, 347.247019, 0.452204, -1, -1, -1
239, 0, 198.217621, 13.959364, 109.166536, 174.123355, 0.498350, -1, -1, -1
240, 0, 198.309708, 13.741890, 109.063921, 174.067200, 0.487637, -1, -1, -1
241, 0, 199.707222, 13.824706, 109.834080, 173.228667, 0.406275, -1, -1, -1
245, 0, 1.253939, 369.190965, 164.690971, 343.981075, 0.407512, -1, -1, -1
246, 0, 1.665831, 370.289083, 164.097328, 340.389984, 0.428101, -1, -1, -1
251, 0, 211.552029, 13.451257, 185.559120, 265.992608, 0.433676, -1, -1, -1
252, 0, 218.814888, 17.392108, 105.292969, 170.977800, 0.565577, -1, -1, -1
253, 0, 218.871212, 17.425216, 105.217800, 170.953327, 0.565864, -1, -1, -1
255, 0, 238.960667, 13.131870, 154.113007, 275.796726, 0.628996, -1, -1, -1
256, 0, 238.567848, 13.188969, 154.412508, 275.817626, 0.623008, -1, -1, -1
257, 0, 240.585423, 15.158333, 156.823092, 274.831045, 0.947544, -1, -1, -1
257, 1, -1.073523, 363.490691, 215.132027, 349.557774, 0.463760, -1, -1, -1
258, 0, 251.827850, 14.729072, 146.698303, 273.881865, 0.968999, -1, -1, -1
259, 0, 251.998177, 14.699321, 146.660919, 273.653598, 0.970288, -1, -1, -1
259, 1, -0.194941, 363.948641, 211.799526, 349.897063, 0.404848, -1, -1, -1
260, 0, 262.704220, 12.336971, 135.866642, 275.894165, 0.976545, -1, -1, -1
260, 1, 1.295815, 363.527684, 205.362186, 351.372643, 0.623472, -1, -1, -1
261, 0, 262.514801, 12.509769, 136.171360, 275.686562, 0.976226, -1, -1, -1
261, 1, 1.265306, 363.553519, 205.538712, 351.543038, 0.618740, -1, -1, -1
262, 0, 267.372036, 13.120970, 130.235443, 274.381313, 0.976932, -1, -1, -1
262, 1, 2.663574, 367.652793, 202.926521, 343.870139, 0.638437, -1, -1, -1
263, 0, 266.234989, 13.414596, 131.164675, 273.919501, 0.975280, -1, -1, -1
263, 1, 0.729342, 368.794727, 206.863594, 340.911319, 0.690368, -1, -1, -1
264, 0, 269.005165, 13.166170, 127.318974, 273.020639, 0.978099, -1, -1, -1
264, 1, 0.620432, 368.705120, 211.089993, 338.921485, 0.640475, -1, -1, -1
265, 0, 270.558167, 12.923602, 126.077824, 275.211875, 0.977713, -1, -1, -1
265, 1, 1.467590, 369.957390, 210.309963, 338.548636, 0.441398, -1, -1, -1
266, 0, 270.415840, 12.973298, 126.220036, 275.037961, 0.977831, -1, -1, -1
266, 1, 1.793327, 369.766417, 210.085545, 338.291252, 0.504419, -1, -1, -1
267, 0, 271.138573, 13.011836, 125.231075, 276.091790, 0.972190, -1, -1, -1
267, 1, 0.958815, 366.172986, 211.366844, 343.697941, 0.621745, -1, -1, -1
268, 0, 274.273529, 17.224061, 118.446808, 270.238309, 0.966344, -1, -1, -1
268, 1, 1.883497, 364.034772, 207.727833, 348.672817, 0.662269, -1, -1, -1
269, 0, 274.233341, 17.077303, 118.317204, 270.231893, 0.966123, -1, -1, -1
269, 1, 1.765852, 364.440193, 207.893848, 347.957890, 0.650430, -1, -1, -1
270, 0, 277.449226, 17.556614, 115.622253, 272.331483, 0.958391, -1, -1, -1
270, 1, 1.405334, 358.984902, 208.664684, 357.474282, 0.833232, -1, -1, -1
271, 0, 277.430305, 17.612050, 115.712709, 272.346375, 0.959311, -1, -1, -1
271, 1, 1.458941, 359.135814, 208.486214, 357.277107, 0.834021, -1, -1, -1
272, 0, 278.488350, 18.384001, 113.991489, 272.252326, 0.967724, -1, -1, -1
272, 1, 1.753721, 360.218782, 207.829437, 355.107458, 0.832690, -1, -1, -1
273, 0, 278.434563, 18.581302, 114.054317, 272.020605, 0.968027, -1, -1, -1
273, 1, 1.696272, 360.409284, 208.029709, 354.552712, 0.816993, -1, -1, -1
274, 0, 275.190315, 14.123515, 119.046936, 285.952964, 0.959447, -1, -1, -1
274, 1, 0.893927, 359.763601, 210.609455, 356.591856, 0.841687, -1, -1, -1
275, 0, 274.248390, 13.057948, 120.223026, 288.035796, 0.966604, -1, -1, -1
275, 1, 1.445608, 361.562161, 209.825935, 353.863792, 0.807667, -1, -1, -1
276, 0, 274.897728, 16.557630, 126.448116, 283.794322, 0.945274, -1, -1, -1
276, 1, 1.643372, 363.474770, 208.092976, 351.673243, 0.765483, -1, -1, -1
277, 0, 274.987030, 16.607670, 126.258144, 283.623862, 0.944869, -1, -1, -1
277, 1, 1.619244, 363.368554, 208.164062, 351.979036, 0.773721, -1, -1, -1
278, 0, 274.896183, 16.479877, 126.347475, 283.858695, 0.945072, -1, -1, -1
278, 1, 1.680317, 363.463697, 208.137245, 351.561041, 0.777209, -1, -1, -1
279, 0, 274.937534, 16.602488, 126.108370, 283.610129, 0.945637, -1, -1, -1
279, 1, 1.693115, 363.054242, 208.326149, 351.632667, 0.786686, -1, -1, -1
280, 0, 282.990055, 17.901233, 137.365932, 303.364620, 0.953501, -1, -1, -1
280, 1, 1.791229, 363.981256, 208.202438, 350.545900, 0.759604, -1, -1, -1
281, 0, 284.960823, 16.250324, 137.695894, 308.795815, 0.964024, -1, -1, -1
281, 1, 3.387089, 364.746780, 204.406872, 350.563731, 0.709013, -1, -1, -1
282, 0, 284.842415, 16.354706, 137.819490, 308.532743, 0.964011, -1, -1, -1
282, 1, 4.097433, 364.691677, 202.163525, 350.657437, 0.691705, -1, -1, -1
283, 0, 287.985229, 16.216539, 131.574554, 309.775229, 0.942721, -1, -1, -1
283, 1, 1168.400726, 8.890074, 105.743771, 245.452659, 0.872869, -1, -1, -1
283, 2, 3.676167, 363.445158, 203.178101, 352.099092, 0.706488, -1, -1, -1
284, 0, 1168.365250, 0.396023, 104.009275, 251.829579, 0.931965, -1, -1, -1
284, 1, 289.811249, 18.590682, 127.058201, 305.712647, 0.928430, -1, -1, -1
284, 2, 3.773022, 363.200755, 202.822895, 352.903433, 0.707256, -1, -1, -1
285, 0, 1168.472672, 0.347464, 103.659544, 251.803551, 0.932837, -1, -1, -1
285, 1, 289.755898, 18.731648, 127.232761, 305.442045, 0.927540, -1, -1, -1
285, 2, 3.647966, 362.979999, 203.141365, 353.164272, 0.709162, -1, -1, -1
286, 0, 291.072540, 20.748637, 125.302944, 302.624760, 0.918114, -1, -1, -1
286, 1, 1168.124161, 0.473700, 105.382442, 258.449743, 0.887163, -1, -1, -1
286, 2, 3.298893, 361.988268, 204.436646, 354.787481, 0.697039, -1, -1, -1
287, 0, 290.929928, 21.247451, 125.597935, 303.634150, 0.926108, -1, -1, -1
287, 1, 1168.051300, 0.157596, 105.318480, 259.352081, 0.858620, -1, -1, -1
287, 2, 3.467493, 359.508576, 203.280888, 358.462622, 0.713340, -1, -1, -1
288, 0, 290.637093, 19.556309, 126.580172, 308.883448, 0.914092, -1, -1, -1
288, 1, 3.215094, 359.357536, 203.967094, 359.011831, 0.693334, -1, -1, -1
289, 0, 290.889339, 19.194896, 127.203007, 309.581423, 0.904133, -1, -1, -1
289, 1, 3.517609, 359.222481, 203.666248, 358.834291, 0.699860, -1, -1, -1
290, 0, 290.910892, 19.123175, 127.041445, 309.895821, 0.903001, -1, -1, -1
290, 1, 3.538332, 359.206688, 203.580208, 358.772557, 0.699099, -1, -1, -1
291, 0, 290.526886, 21.841409, 128.715820, 305.552745, 0.897916, -1, -1, -1
291, 1, 1149.479752, 12.240679, 109.217167, 251.158211, 0.808977, -1, -1, -1
291, 2, 3.992395, 359.094872, 202.927341, 358.807962, 0.701665, -1, -1, -1
292, 0, 290.440788, 22.180420, 129.048100, 304.869812, 0.901924, -1, -1, -1
292, 1, 1149.833145, 12.427425, 108.864746, 251.054506, 0.804684, -1, -1, -1
292, 2, 4.237003, 359.342580, 202.040615, 358.299501, 0.687505, -1, -1, -1
293, 0, 290.549049, 23.208683, 130.945072, 299.891546, 0.912368, -1, -1, -1
293, 1, 3.589153, 358.062415, 203.472424, 360.295429, 0.696807, -1, -1, -1
293, 2, 1143.682098, 12.210360, 108.224850, 243.242562, 0.443254, -1, -1, -1
294, 0, 290.711479, 23.468224, 131.976528, 300.099599, 0.910757, -1, -1, -1
294, 1, 3.990421, 357.365963, 203.141460, 360.926714, 0.704266, -1, -1, -1
294, 2, 1135.476227, 12.487046, 115.496092, 249.749751, 0.563458, -1, -1, -1
295, 0, 290.736046, 23.628083, 131.951809, 299.969566, 0.915025, -1, -1, -1
295, 1, 4.151659, 357.600946, 202.710762, 360.580130, 0.692515, -1, -1, -1
295, 2, 1135.540390, 12.860152, 115.280027, 249.394155, 0.551016, -1, -1, -1
296, 0, 291.568661, 28.928890, 141.370544, 290.098758, 0.933860, -1, -1, -1
296, 1, 4.087963, 358.478093, 202.631454, 359.472227, 0.694442, -1, -1, -1
297, 0, 292.601776, 30.504581, 161.809692, 294.572661, 0.964509, -1, -1, -1
297, 1, 3.629255, 358.006110, 204.165726, 360.204234, 0.700128, -1, -1, -1
297, 2, 1117.992706, 18.028339, 110.983276, 250.191414, 0.535640, -1, -1, -1
298, 0, 292.802677, 30.679493, 161.490173, 294.522729, 0.963919, -1, -1, -1
298, 1, 3.580751, 358.159189, 204.351254, 360.101795, 0.699200, -1, -1, -1
298, 2, 1118.235474, 17.883393, 110.474243, 250.451009, 0.531676, -1, -1, -1
299, 0, 292.893105, 33.395391, 167.122192, 288.961093, 0.972553, -1, -1, -1
299, 1, 3.313761, 357.031546, 204.261227, 361.876516, 0.677146, -1, -1, -1
300, 0, 293.699799, 32.578264, 174.290009, 288.666437, 0.972550, -1, -1, -1
300, 1, 3.405581, 357.512026, 204.339409, 361.114426, 0.663586, -1, -1, -1
300, 2, 1118.108978, 8.860141, 103.683958, 267.797456, 0.643942, -1, -1, -1
301, 0, 293.512154, 32.420850, 174.545689, 288.869727, 0.971681, -1, -1, -1
301, 1, 3.402758, 357.403300, 204.404068, 361.393290, 0.654830, -1, -1, -1
301, 2, 1118.010864, 9.014658, 103.394413, 267.490547, 0.620671, -1, -1, -1
302, 0, 293.717499, 32.612282, 174.437656, 288.545909, 0.972416, -1, -1, -1
302, 1, 3.450718, 357.371500, 204.243889, 361.322908, 0.655595, -1, -1, -1
302, 2, 1118.114166, 8.995732, 103.364620, 267.385919, 0.602458, -1, -1, -1
303, 0, 293.669834, 32.685557, 174.163723, 288.725960, 0.971259, -1, -1, -1
303, 1, 3.342905, 357.050815, 204.392147, 361.589327, 0.662285, -1, -1, -1
303, 2, 1118.056793, 9.004841, 103.458614, 267.161751, 0.597764, -1, -1, -1
304, 0, 293.717461, 32.706216, 174.230843, 288.573632, 0.972007, -1, -1, -1
304, 1, 3.403959, 357.288394, 204.333191, 361.219440, 0.659463, -1, -1, -1
304, 2, 1118.063812, 9.036802, 103.170776, 267.079439, 0.576640, -1, -1, -1
305, 0, 291.302128, 27.228756, 193.465080, 300.312073, 0.978652, -1, -1, -1
305, 1, 1112.986603, 7.665367, 106.935177, 265.467217, 0.892775, -1, -1, -1
305, 2, 3.223991, 357.882321, 204.480934, 360.675058, 0.644392, -1, -1, -1
306, 0, 291.428642, 27.385461, 193.178310, 300.277226, 0.978059, -1, -1, -1
306, 1, 1113.004379, 7.822255, 106.864624, 265.386128, 0.893525, -1, -1, -1
306, 2, 3.171577, 357.776041, 204.636784, 360.774579, 0.657670, -1, -1, -1
307, 0, 299.650764, 20.530293, 200.186863, 311.006598, 0.965445, -1, -1, -1
307, 1, 1114.217377, 12.473452, 102.478886, 260.768137, 0.687887, -1, -1, -1
307, 2, 3.318434, 358.079109, 204.609489, 360.355167, 0.677427, -1, -1, -1
308, 0, 300.747490, 21.951950, 205.677948, 316.531799, 0.986726, -1, -1, -1
308, 1, 1112.119293, 11.689056, 106.776485, 260.156336, 0.662581, -1, -1, -1
308, 2, 4.372482, 362.864342, 204.517345, 354.582431, 0.560578, -1, -1, -1
309, 0, 303.329201, 24.861041, 209.857883, 317.432764, 0.990139, -1, -1, -1
309, 1, 4.571743, 362.199111, 204.035339, 355.545902, 0.560961, -1, -1, -1
310, 0, 303.509026, 24.904493, 209.415340, 317.426584, 0.989573, -1, -1, -1
310, 1, 4.671459, 361.809697, 203.696308, 356.120110, 0.567905, -1, -1, -1
311, 0, 302.579594, 24.357140, 211.453915, 319.260399, 0.988331, -1, -1, -1
311, 1, 5.862637, 364.422469, 201.656895, 351.571813, 0.486300, -1, -1, -1
312, 0, 305.292053, 26.158683, 208.424015, 317.127893, 0.987157, -1, -1, -1
312, 1, 5.838346, 364.108887, 201.456604, 352.303841, 0.478425, -1, -1, -1
313, 0, 316.213188, 30.711025, 187.644043, 310.742154, 0.977720, -1, -1, -1
313, 1, 5.745087, 362.839236, 201.895180, 354.224603, 0.450912, -1, -1, -1
314, 0, 320.622520, 25.788517, 181.353912, 318.952310, 0.955499, -1, -1, -1
314, 1, 5.382786, 361.952262, 202.579041, 355.397029, 0.465108, -1, -1, -1
315, 0, 320.658875, 25.807700, 181.355038, 318.938406, 0.955335, -1, -1, -1
315, 1, 5.317888, 362.284298, 202.676201, 355.268562, 0.461618, -1, -1, -1
316, 0, 326.093712, 27.075216, 178.109646, 318.042870, 0.964104, -1, -1, -1
316, 1, 5.546827, 364.150343, 202.305012, 352.759945, 0.434407, -1, -1, -1
317, 0, 326.058578, 27.138816, 177.987423, 317.858913, 0.963434, -1, -1, -1
317, 1, 5.495262, 364.251623, 202.353325, 352.602017, 0.441896, -1, -1, -1
318, 0, 337.293320, 24.641100, 164.013729, 319.543941, 0.960752, -1, -1, -1
318, 1, 5.915813, 365.358067, 201.983147, 350.695031, 0.436131, -1, -1, -1
319, 0, 337.388153, 24.873540, 164.122162, 319.212077, 0.961353, -1, -1, -1
319, 1, 5.756903, 365.404286, 202.206383, 350.727110, 0.427854, -1, -1, -1
320, 0, 347.669678, 25.283285, 153.165283, 318.192837, 0.982308, -1, -1, -1
320, 1, 5.786161, 366.313105, 202.034187, 349.464540, 0.431833, -1, -1, -1
321, 0, 351.798325, 26.330312, 148.677187, 316.122408, 0.981198, -1, -1, -1
321, 1, 5.548000, 366.057930, 202.656670, 349.895754, 0.419365, -1, -1, -1
322, 0, 358.023605, 22.437826, 140.414028, 321.754403, 0.982198, -1, -1, -1
322, 1, 5.312414, 366.600080, 203.304005, 349.232883, 0.434895, -1, -1, -1
323, 0, 357.578583, 22.468790, 141.500397, 321.707003, 0.985263, -1, -1, -1
324, 0, 362.516861, 10.907836, 135.385313, 341.993065, 0.983338, -1, -1, -1
325, 0, 362.469139, 10.896367, 135.014191, 342.514808, 0.983295, -1, -1, -1
326, 0, 365.846405, 7.462088, 129.097805, 350.252831, 0.980803, -1, -1, -1
327, 0, 372.452850, 8.708811, 121.653442, 352.398190, 0.961897, -1, -1, -1
328, 0, 372.386398, 8.848726, 121.829834, 352.273800, 0.961816, -1, -1, -1
329, 0, 372.330284, 8.833523, 121.746731, 352.117031, 0.961915, -1, -1, -1
330, 0, 372.247505, 8.731416, 121.928196, 352.586825, 0.962222, -1, -1, -1
331, 0, 384.833031, 12.051702, 90.702572, 332.948549, 0.936119, -1, -1, -1
332, 0, 384.850235, 11.993766, 90.715942, 333.329744, 0.936128, -1, -1, -1
333, 0, 385.230598, 12.522697, 92.416477, 327.095647, 0.934305, -1, -1, -1
334, 0, 385.424194, 13.386444, 92.336483, 326.065636, 0.938734, -1, -1, -1
335, 0, 391.578369, 13.980145, 89.096527, 320.430701, 0.904833, -1, -1, -1
335, 1, 5.306330, 363.696642, 201.208782, 353.881474, 0.478196, -1, -1, -1
336, 0, 390.968399, 10.526791, 123.394470, 337.172663, 0.779724, -1, -1, -1
336, 1, 5.314417, 363.598838, 201.335354, 353.935096, 0.484921, -1, -1, -1
337, 0, 391.001587, 10.680245, 123.772888, 337.239525, 0.780821, -1, -1, -1
337, 1, 5.392389, 363.285341, 201.112404, 354.572990, 0.487757, -1, -1, -1
338, 0, 392.605362, 10.303502, 123.833618, 338.169780, 0.878031, -1, -1, -1
338, 1, 5.506182, 363.304911, 201.086349, 354.295800, 0.493296, -1, -1, -1
339, 0, 395.545273, 9.208260, 120.703735, 333.887258, 0.894886, -1, -1, -1
339, 1, 5.590591, 363.474083, 201.096516, 354.068520, 0.487934, -1, -1, -1
340, 0, 395.626869, 9.031910, 120.758877, 334.192879, 0.891290, -1, -1, -1
340, 1, 5.465260, 363.376880, 201.334000, 354.072018, 0.494901, -1, -1, -1
341, 0, 406.300774, 23.352717, 96.072693, 308.987496, 0.912077, -1, -1, -1
341, 1, 5.382490, 363.609009, 201.428185, 353.754272, 0.508148, -1, -1, -1
342, 0, 409.323921, 25.844393, 93.128757, 302.963877, 0.927103, -1, -1, -1
342, 1, 5.387220, 364.224973, 201.130600, 352.934504, 0.495531, -1, -1, -1
343, 0, 409.285202, 26.524816, 93.244381, 301.889641, 0.926177, -1, -1, -1
343, 1, 5.401640, 364.128928, 201.224632, 353.148093, 0.480898, -1, -1, -1
344, 0, 417.091446, 32.902140, 88.637028, 293.989034, 0.948425, -1, -1, -1
344, 1, 5.374689, 363.325768, 201.300640, 354.096887, 0.478401, -1, -1, -1
345, 0, 417.098351, 33.170289, 88.751125, 293.569558, 0.949277, -1, -1, -1
345, 1, 5.427895, 363.782773, 201.187439, 353.539546, 0.473221, -1, -1, -1
346, 0, 419.109802, 33.947078, 88.098087, 296.570714, 0.955847, -1, -1, -1
346, 1, 5.235367, 363.646989, 201.479359, 353.807702, 0.460838, -1, -1, -1
347, 0, 422.342339, 36.046325, 84.659481, 292.694192, 0.963639, -1, -1, -1
347, 1, 4.775600, 363.765006, 202.659874, 352.730463, 0.528689, -1, -1, -1
348, 0, 422.335129, 36.093948, 84.708252, 292.571647, 0.964247, -1, -1, -1
348, 1, 4.891872, 364.314966, 202.224197, 351.924105, 0.514887, -1, -1, -1
349, 0, 424.952049, 40.539060, 82.779293, 285.968242, 0.943605, -1, -1, -1
349, 1, 4.814548, 364.116225, 202.407131, 352.175589, 0.533422, -1, -1, -1
350, 0, 424.989662, 40.511345, 82.783813, 286.550174, 0.944081, -1, -1, -1
350, 1, 5.196114, 363.498545, 202.068062, 353.011773, 0.520052, -1, -1, -1
351, 0, 428.724060, 44.651538, 84.102230, 280.370858, 0.923049, -1, -1, -1
351, 1, 4.802494, 362.657704, 202.701645, 354.470336, 0.516651, -1, -1, -1
352, 0, 430.515099, 46.415112, 85.153170, 286.126192, 0.908091, -1, -1, -1
352, 1, 4.450617, 362.338157, 203.266945, 355.125160, 0.535147, -1, -1, -1
353, 0, 430.443878, 46.390457, 84.851837, 285.979249, 0.908143, -1, -1, -1
353, 1, 4.407129, 362.493467, 203.491421, 354.659185, 0.538987, -1, -1, -1
354, 0, 434.332809, 48.360765, 87.503786, 280.702078, 0.915671, -1, -1, -1
354, 1, 4.538546, 361.828151, 203.206978, 355.675313, 0.537249, -1, -1, -1
355, 0, 434.357796, 48.211226, 87.494812, 280.828378, 0.915409, -1, -1, -1
355, 1, 4.572039, 362.058520, 203.211803, 355.392265, 0.530121, -1, -1, -1
356, 0, 434.478760, 48.234047, 87.453489, 280.879490, 0.913029, -1, -1, -1
356, 1, 4.697571, 361.615033, 202.771416, 355.933921, 0.547396, -1, -1, -1
357, 0, 434.390450, 48.319588, 87.539368, 280.659485, 0.914082, -1, -1, -1
357, 1, 4.786263, 361.420798, 202.657108, 356.211948, 0.544069, -1, -1, -1
358, 0, 439.151611, 48.222331, 89.985905, 272.918909, 0.926735, -1, -1, -1
358, 1, 4.952726, 361.259351, 202.026939, 356.153133, 0.545585, -1, -1, -1
359, 0, 440.560760, 48.864720, 89.971523, 271.494269, 0.890282, -1, -1, -1
359, 1, 5.134745, 361.473670, 201.601830, 356.018164, 0.571206, -1, -1, -1
360, 0, 440.563393, 48.862778, 89.925022, 271.630676, 0.886975, -1, -1, -1
360, 1, 4.974012, 361.393847, 202.288017, 356.144829, 0.579255, -1, -1, -1
361, 0, 440.107689, 37.208580, 137.027864, 303.750708, 0.911466, -1, -1, -1
361, 1, 5.540600, 358.527060, 202.754745, 359.334254, 0.632421, -1, -1, -1
362, 0, 441.499634, 34.586820, 143.820314, 309.735081, 0.964856, -1, -1, -1
362, 1, 5.646362, 357.712548, 202.378845, 360.427995, 0.634940, -1, -1, -1
363, 0, 441.503067, 34.666476, 143.793087, 309.621205, 0.964599, -1, -1, -1
363, 1, 5.678215, 358.466678, 202.544823, 359.482355, 0.625566, -1, -1, -1
364, 0, 442.798004, 34.275101, 146.262789, 312.416990, 0.948434, -1, -1, -1
364, 1, 5.361280, 356.972408, 203.353901, 361.516585, 0.649871, -1, -1, -1
365, 0, 442.623177, 34.316566, 146.227598, 312.498593, 0.948404, -1, -1, -1
365, 1, 5.409870, 356.915889, 203.281059, 361.532979, 0.642938, -1, -1, -1
366, 0, 445.117416, 34.567309, 153.914671, 317.748513, 0.959686, -1, -1, -1
366, 1, 5.322199, 356.551752, 203.475075, 361.909776, 0.645333, -1, -1, -1
367, 0, 448.226624, 34.300625, 159.566097, 319.495962, 0.956469, -1, -1, -1
367, 1, 5.191612, 356.373525, 203.934517, 362.019639, 0.654517, -1, -1, -1
368, 0, 448.289986, 34.687668, 159.707088, 318.762624, 0.956753, -1, -1, -1
368, 1, 5.201092, 356.504245, 203.813610, 361.814804, 0.650865, -1, -1, -1
369, 0, 452.369652, 31.865684, 156.482086, 323.393791, 0.943013, -1, -1, -1
369, 1, 5.358744, 357.794344, 203.413677, 360.072355, 0.655190, -1, -1, -1
370, 0, 452.459335, 31.942717, 156.110840, 322.917967, 0.944392, -1, -1, -1
370, 1, 5.322495, 357.295647, 203.598957, 360.765738, 0.647668, -1, -1, -1
371, 0, 458.099899, 28.933536, 149.054995, 323.989348, 0.895396, -1, -1, -1
371, 1, 4.904518, 356.942132, 203.736172, 362.051096, 0.579176, -1, -1, -1
372, 0, 460.227470, 35.744622, 145.154667, 313.728483, 0.814404, -1, -1, -1
372, 1, 4.595776, 356.730795, 204.419422, 362.236490, 0.602655, -1, -1, -1
373, 0, 460.100250, 35.863809, 145.509491, 313.333468, 0.817728, -1, -1, -1
373, 1, 4.853210, 357.243161, 203.913574, 361.437492, 0.571486, -1, -1, -1
374, 0, 462.300377, 31.872185, 142.058563, 316.101658, 0.856715, -1, -1, -1
374, 1, 4.999342, 356.957216, 203.587723, 361.644344, 0.585942, -1, -1, -1
375, 0, 468.695793, 30.824579, 129.765377, 313.402562, 0.831145, -1, -1, -1
375, 1, 5.082750, 357.280862, 203.304482, 361.300249, 0.574398, -1, -1, -1
376, 0, 468.395538, 31.140876, 130.377350, 313.420630, 0.821730, -1, -1, -1
376, 1, 4.656534, 356.436310, 203.809414, 362.877645, 0.620997, -1, -1, -1
377, 0, 468.712463, 30.863471, 129.897709, 315.565152, 0.670718, -1, -1, -1
377, 1, 5.019636, 356.864905, 203.211250, 361.621084, 0.611408, -1, -1, -1
378, 0, 468.962517, 31.285683, 129.600039, 314.574730, 0.671955, -1, -1, -1
378, 1, 4.921513, 356.771736, 203.567944, 361.756096, 0.616567, -1, -1, -1
379, 0, 484.920425, 31.755016, 131.804323, 314.622002, 0.654498, -1, -1, -1
379, 1, 4.808502, 355.654628, 203.759155, 363.683510, 0.622360, -1, -1, -1
380, 0, 4.470358, 354.954164, 204.505100, 364.886599, 0.623551, -1, -1, -1
380, 1, 490.322723, 22.817059, 129.384308, 326.986063, 0.507316, -1, -1, -1
381, 0, 4.514065, 354.928823, 204.316101, 364.765706, 0.619528, -1, -1, -1
381, 1, 490.352669, 23.002442, 129.462643, 326.676235, 0.506055, -1, -1, -1
382, 0, 4.583521, 355.714839, 204.496365, 363.702006, 0.608478, -1, -1, -1
382, 1, 490.321693, 22.699867, 129.214993, 327.186885, 0.500190, -1, -1, -1
383, 0, 518.160591, 44.134355, 84.820557, 285.225034, 0.666907, -1, -1, -1
383, 1, 3.976793, 355.088983, 206.086922, 363.926325, 0.638149, -1, -1, -1
384, 0, 518.252754, 43.474877, 84.939270, 285.891874, 0.659707, -1, -1, -1
384, 1, 3.669987, 355.544958, 206.723862, 363.179340, 0.645388, -1, -1, -1
385, 0, 3.677979, 355.189941, 206.668205, 363.943663, 0.661575, -1, -1, -1
385, 1, 520.527840, 41.796431, 83.984194, 289.109623, 0.624114, -1, -1, -1
386, 0, 527.008972, 42.260510, 88.587952, 281.606133, 0.753196, -1, -1, -1
386, 1, 3.096466, 360.680723, 207.505169, 357.299917, 0.706875, -1, -1, -1
387, 0, 527.051926, 42.453457, 88.663330, 281.193717, 0.743333, -1, -1, -1
387, 1, 3.114986, 360.444431, 207.430305, 357.731774, 0.711048, -1, -1, -1
388, 0, 520.509720, 11.203941, 119.939632, 357.719736, 0.800767, -1, -1, -1
388, 1, 2.819567, 360.531549, 208.079758, 357.528999, 0.723991, -1, -1, -1
389, 0, 520.370293, 10.897139, 119.951725, 357.590432, 0.793846, -1, -1, -1
389, 1, 2.921190, 360.851526, 207.972908, 357.376671, 0.710363, -1, -1, -1
390, 0, 531.239853, 17.332465, 133.111019, 356.488731, 0.933375, -1, -1, -1
390, 1, 2.863979, 359.951055, 208.080101, 358.051686, 0.728548, -1, -1, -1
391, 0, 533.941154, 21.270990, 146.101685, 352.388835, 0.987749, -1, -1, -1
391, 1, 2.944422, 360.206852, 207.551003, 357.433598, 0.710034, -1, -1, -1
392, 0, 534.120369, 21.710088, 145.827637, 352.303627, 0.987080, -1, -1, -1
392, 1, 2.783098, 359.362342, 207.712688, 358.715243, 0.721843, -1, -1, -1
393, 0, 538.963394, 25.358044, 165.191402, 340.062754, 0.989326, -1, -1, -1
393, 1, 2.783318, 360.181360, 208.467712, 357.740507, 0.675807, -1, -1, -1
394, 0, 540.036736, 26.423074, 167.327766, 336.301761, 0.991009, -1, -1, -1
394, 1, 3.202438, 359.728539, 206.776562, 358.481483, 0.662801, -1, -1, -1
395, 0, 539.868965, 27.287303, 167.185974, 335.413585, 0.989382, -1, -1, -1
395, 1, 3.235207, 359.290609, 207.258301, 359.604642, 0.563726, -1, -1, -1
396, 0, 548.262024, 30.172212, 163.445015, 332.429574, 0.994517, -1, -1, -1
396, 1, 3.082857, 358.944068, 207.685051, 360.194621, 0.579629, -1, -1, -1
397, 0, 548.464737, 29.658837, 163.238163, 333.074613, 0.994660, -1, -1, -1
397, 1, 3.283052, 358.986232, 207.068825, 360.334997, 0.573964, -1, -1, -1
398, 0, 552.970657, 30.719823, 155.909977, 332.768884, 0.993281, -1, -1, -1
398, 1, 3.253994, 359.203684, 207.493076, 360.557170, 0.549294, -1, -1, -1
399, 0, 551.630363, 33.603028, 157.581968, 327.448668, 0.994414, -1, -1, -1
399, 1, 3.570995, 359.998348, 206.862011, 359.039061, 0.524487, -1, -1, -1
400, 0, 551.178703, 33.582091, 157.926998, 327.282414, 0.994260, -1, -1, -1
400, 1, 3.563128, 359.941099, 206.824532, 359.096375, 0.529491, -1, -1, -1
401, 0, 557.416878, 32.009193, 147.205935, 331.090293, 0.991266, -1, -1, -1
401, 1, 3.527851, 360.393019, 206.941090, 358.351858, 0.514334, -1, -1, -1
402, 0, 557.430496, 32.021413, 146.968994, 331.120677, 0.991163, -1, -1, -1
402, 1, 3.299618, 360.432501, 207.375793, 357.945921, 0.514371, -1, -1, -1
403, 0, 562.911873, 26.014649, 135.626345, 336.569896, 0.989244, -1, -1, -1
403, 1, 3.036728, 361.508904, 207.550774, 356.401312, 0.485621, -1, -1, -1
404, 0, 563.956108, 22.541778, 133.956785, 340.415154, 0.991456, -1, -1, -1
404, 1, 2.900896, 361.343679, 208.020916, 356.547117, 0.496810, -1, -1, -1
405, 0, 564.001961, 22.656995, 133.882875, 340.258491, 0.991427, -1, -1, -1
405, 1, 2.994967, 361.549115, 207.766418, 356.290677, 0.490661, -1, -1, -1
406, 0, 566.559448, 27.580984, 130.659056, 335.336401, 0.987986, -1, -1, -1
406, 1, 2.831011, 361.446118, 208.061142, 356.510553, 0.470597, -1, -1, -1
407, 0, 565.429192, 27.471592, 132.388735, 334.370699, 0.987280, -1, -1, -1
407, 1, 1.957159, 361.525683, 210.302849, 355.709903, 0.577180, -1, -1, -1
408, 0, 565.353279, 27.447227, 132.615538, 334.484038, 0.987464, -1, -1, -1
408, 1, 2.010946, 361.446805, 210.174999, 355.853176, 0.584916, -1, -1, -1
409, 0, 571.026688, 35.550792, 127.463932, 320.927103, 0.980105, -1, -1, -1
409, 1, 2.090816, 361.876602, 209.958801, 355.536997, 0.579247, -1, -1, -1
410, 0, 570.799789, 35.168159, 127.891235, 321.236908, 0.980117, -1, -1, -1
410, 1, 2.060156, 362.303653, 210.054951, 354.848270, 0.547664, -1, -1, -1
411, 0, 581.781540, 33.262589, 128.662109, 322.941034, 0.989761, -1, -1, -1
411, 1, 2.079163, 362.339015, 209.826546, 354.863312, 0.540543, -1, -1, -1
412, 0, 581.863518, 32.998863, 128.518858, 323.109477, 0.989329, -1, -1, -1
412, 1, 2.116842, 362.083712, 209.772835, 355.169106, 0.550451, -1, -1, -1
413, 0, 582.421951, 39.189960, 129.414062, 317.761753, 0.983860, -1, -1, -1
413, 1, 3.147020, 364.494524, 205.345535, 352.943151, 0.439190, -1, -1, -1
414, 0, 591.184502, 32.830303, 120.785646, 325.439737, 0.988141, -1, -1, -1
414, 1, 3.476686, 364.407492, 204.490814, 353.425455, 0.427696, -1, -1, -1
415, 0, 591.226578, 32.924030, 120.989075, 325.380106, 0.987466, -1, -1, -1
415, 1, 3.386154, 363.880835, 204.653969, 354.105856, 0.452536, -1, -1, -1
416, 0, 595.186386, 28.611091, 116.825809, 330.628932, 0.979310, -1, -1, -1
416, 1, 3.398256, 363.800154, 204.635315, 354.197974, 0.425423, -1, -1, -1
417, 0, 605.613098, 44.988799, 97.150269, 301.868613, 0.971598, -1, -1, -1
417, 1, 3.480244, 364.148712, 204.177227, 353.090973, 0.476021, -1, -1, -1
418, 0, 605.405884, 44.918332, 97.224426, 302.094026, 0.970812, -1, -1, -1
418, 1, 3.691015, 363.979583, 203.632412, 353.400736, 0.476575, -1, -1, -1
419, 0, 595.887985, 29.496703, 120.479736, 338.103304, 0.940662, -1, -1, -1
419, 1, 3.836632, 362.085385, 202.062492, 354.320304, 0.486457, -1, -1, -1
420, 0, 596.003036, 29.331307, 120.192385, 337.999856, 0.942402, -1, -1, -1
420, 1, 3.861666, 362.309275, 202.086143, 354.165659, 0.492529, -1, -1, -1
421, 0, 599.799385, 25.751009, 121.845455, 346.892645, 0.955850, -1, -1, -1
421, 1, 3.643208, 362.901764, 202.191849, 353.209870, 0.497847, -1, -1, -1
422, 0, 606.516647, 21.556904, 135.070801, 352.371948, 0.970717, -1, -1, -1
422, 1, 3.474121, 363.221269, 202.621021, 352.849145, 0.480428, -1, -1, -1
423, 0, 606.442947, 21.543589, 135.420351, 351.841342, 0.970496, -1, -1, -1
423, 1, 3.475637, 363.482237, 202.784100, 352.597597, 0.475635, -1, -1, -1
424, 0, 613.834000, 23.150522, 136.558104, 346.434202, 0.976098, -1, -1, -1
424, 1, 3.707743, 364.066057, 202.466850, 351.952600, 0.460867, -1, -1, -1
425, 0, 613.663864, 23.064573, 136.656618, 346.476538, 0.975728, -1, -1, -1
425, 1, 3.827314, 364.004946, 202.138443, 352.234318, 0.453562, -1, -1, -1
426, 0, 623.914299, 29.870421, 147.018681, 332.771544, 0.976905, -1, -1, -1
426, 1, 3.840904, 363.379326, 202.310581, 353.292482, 0.443759, -1, -1, -1
427, 0, 623.469925, 30.448662, 150.659666, 325.331461, 0.983767, -1, -1, -1
427, 1, 3.915606, 363.735995, 202.127571, 352.629976, 0.446698, -1, -1, -1
428, 0, 623.627090, 29.564670, 150.646544, 326.475434, 0.984640, -1, -1, -1
428, 1, 3.833399, 363.737712, 202.109718, 352.675209, 0.456965, -1, -1, -1
429, 0, 627.587357, 32.482957, 147.798033, 318.343148, 0.988271, -1, -1, -1
429, 1, 3.726015, 363.000813, 202.599068, 353.805320, 0.459711, -1, -1, -1
430, 0, 630.556450, 33.696015, 143.902035, 314.532952, 0.991392, -1, -1, -1
430, 1, 3.733530, 362.979269, 202.364674, 353.600185, 0.465395, -1, -1, -1
431, 0, 630.989609, 34.296251, 143.451538, 313.539183, 0.992228, -1, -1, -1
431, 1, 3.882771, 364.051166, 202.534046, 352.339268, 0.480129, -1, -1, -1
432, 0, 632.849922, 32.544883, 138.541012, 314.024749, 0.991060, -1, -1, -1
432, 1, 4.139700, 363.767538, 201.894550, 352.955961, 0.474547, -1, -1, -1
433, 0, 632.488518, 32.371087, 138.846254, 314.158301, 0.990948, -1, -1, -1
433, 1, 4.066734, 363.844657, 202.116661, 352.788935, 0.487007, -1, -1, -1
434, 0, 632.598076, 32.348160, 138.776731, 314.278142, 0.990730, -1, -1, -1
434, 1, 4.051819, 364.038892, 202.107029, 352.491403, 0.474551, -1, -1, -1
435, 0, 632.486992, 32.418570, 138.989563, 314.241514, 0.990775, -1, -1, -1
435, 1, 3.975668, 363.701706, 202.308064, 353.075867, 0.477029, -1, -1, -1
436, 0, 636.017685, 26.813453, 137.638302, 319.620545, 0.991319, -1, -1, -1
436, 1, 3.833694, 363.097887, 202.526436, 353.855231, 0.495540, -1, -1, -1
437, 0, 635.980415, 26.903747, 137.774534, 319.644470, 0.991290, -1, -1, -1
437, 1, 3.889313, 363.054714, 202.432346, 353.918788, 0.505429, -1, -1, -1
438, 0, 635.876846, 26.960084, 137.895384, 319.458303, 0.991401, -1, -1, -1
438, 1, 4.139509, 363.610597, 202.050285, 353.290100, 0.480970, -1, -1, -1
439, 0, 633.982430, 22.866154, 142.692442, 324.227486, 0.993188, -1, -1, -1
439, 1, 4.160004, 363.675227, 201.984444, 353.134468, 0.483669, -1, -1, -1
440, 0, 651.211472, 18.297031, 123.056459, 330.136993, 0.988902, -1, -1, -1
441, 0, 657.196274, 16.842858, 114.902649, 334.545987, 0.983265, -1, -1, -1
442, 0, 657.055054, 16.712768, 115.056887, 334.758761, 0.983325, -1, -1, -1
443, 0, 659.135208, 11.046377, 115.279112, 344.483335, 0.974376, -1, -1, -1
443, 1, 5.089092, 366.708870, 201.002216, 347.691278, 0.419514, -1, -1, -1
444, 0, 659.239731, 11.059145, 115.264282, 344.830048, 0.974916, -1, -1, -1
444, 1, 4.880152, 365.767522, 201.196537, 348.914795, 0.465530, -1, -1, -1
445, 0, 659.823456, 6.918662, 114.963989, 352.903841, 0.981679, -1, -1, -1
445, 1, 5.125704, 366.666555, 201.002083, 347.835259, 0.410374, -1, -1, -1
446, 0, 659.474335, 6.652286, 115.573549, 353.706851, 0.982614, -1, -1, -1
446, 1, 5.012751, 366.442409, 201.202908, 347.920511, 0.424509, -1, -1, -1
447, 0, 658.938599, 2.735274, 123.071413, 360.841398, 0.988196, -1, -1, -1
447, 1, 5.065117, 366.271820, 201.013985, 348.110991, 0.410509, -1, -1, -1
448, 0, 662.253189, 4.758990, 124.907408, 354.892795, 0.988118, -1, -1, -1
448, 1, 4.994287, 365.627403, 201.313572, 348.810811, 0.432881, -1, -1, -1
449, 0, 665.192947, 9.703781, 131.138487, 328.308649, 0.986836, -1, -1, -1
449, 1, 4.683084, 364.355135, 202.064629, 350.168545, 0.498134, -1, -1, -1
450, 0, 665.001450, 9.928132, 131.549988, 328.053131, 0.987115, -1, -1, -1
450, 1, 4.619560, 364.371099, 202.159519, 350.136595, 0.500539, -1, -1, -1
451, 0, 674.660645, 11.945282, 144.277649, 326.576200, 0.994039, -1, -1, -1
451, 1, 4.382830, 363.135138, 202.663345, 351.993713, 0.538733, -1, -1, -1
452, 0, 674.724884, 12.084768, 144.069700, 326.230989, 0.994066, -1, -1, -1
452, 1, 4.327536, 363.491507, 202.790012, 351.517761, 0.525924, -1, -1, -1
453, 0, 675.896759, 7.852553, 145.588379, 334.918599, 0.994867, -1, -1, -1
453, 1, 4.408178, 363.622828, 202.542782, 351.299601, 0.536191, -1, -1, -1
454, 0, 674.201431, 5.864221, 156.073608, 337.371576, 0.994843, -1, -1, -1
454, 1, 4.293041, 363.428550, 202.749977, 351.715000, 0.518018, -1, -1, -1
455, 0, 675.733719, 5.216908, 154.657164, 339.277339, 0.995036, -1, -1, -1
455, 1, 4.316196, 362.252841, 202.338390, 353.456075, 0.612769, -1, -1, -1
456, 0, 667.611237, 10.528325, 167.781868, 329.135950, 0.992318, -1, -1, -1
456, 1, 4.250374, 362.290392, 202.460976, 353.392024, 0.609464, -1, -1, -1
457, 0, 667.454605, 10.592140, 167.963448, 329.205687, 0.992553, -1, -1, -1
457, 1, 4.127655, 362.213488, 202.276478, 353.543451, 0.616953, -1, -1, -1
458, 0, 669.781952, 9.272997, 167.096558, 331.028044, 0.993287, -1, -1, -1
458, 1, 4.655371, 362.749286, 201.264458, 352.992954, 0.585329, -1, -1, -1
459, 0, 669.906921, 9.087839, 166.989555, 331.266911, 0.993469, -1, -1, -1
459, 1, 4.574642, 362.639809, 201.457615, 353.198755, 0.600880, -1, -1, -1
460, 0, 672.954025, 6.523079, 164.256096, 332.563684, 0.987807, -1, -1, -1
460, 1, 4.615746, 362.608738, 201.515388, 353.261261, 0.592416, -1, -1, -1
461, 0, 673.006134, 6.545395, 164.173584, 332.599368, 0.987482, -1, -1, -1
461, 1, 4.479113, 362.327900, 201.639080, 353.533237, 0.606502, -1, -1, -1
462, 0, 684.200897, 6.206986, 146.525517, 333.320990, 0.975769, -1, -1, -1
462, 1, 4.757528, 362.475615, 201.165504, 353.516328, 0.582302, -1, -1, -1
463, 0, 684.122772, 6.212103, 146.513186, 333.225074, 0.976134, -1, -1, -1
463, 1, 4.739714, 362.335281, 201.204643, 353.723137, 0.588888, -1, -1, -1
464, 0, 683.835754, 6.094794, 147.047119, 333.299382, 0.976308, -1, -1, -1
464, 1, 4.649382, 362.166538, 201.327209, 353.877525, 0.603026, -1, -1, -1
465, 0, 689.215698, 10.816265, 142.009401, 328.004637, 0.952033, -1, -1, -1
465, 1, 4.567318, 362.298160, 201.469002, 353.755560, 0.601103, -1, -1, -1
466, 0, 689.107895, 10.572699, 142.104311, 328.340664, 0.952879, -1, -1, -1
466, 1, 4.940186, 362.644100, 201.020126, 353.371274, 0.568068, -1, -1, -1
467, 0, 692.465439, 4.517076, 135.877380, 335.132468, 0.961917, -1, -1, -1
467, 1, 4.112396, 360.601716, 202.353020, 358.865683, 0.486480, -1, -1, -1
468, 0, 698.647232, 2.841092, 130.263367, 338.868141, 0.929037, -1, -1, -1
468, 1, 4.380465, 361.418867, 202.049675, 357.848482, 0.448437, -1, -1, -1
469, 0, 701.712341, 4.350393, 128.339539, 336.671906, 0.910304, -1, -1, -1
469, 1, 4.194937, 360.650597, 202.123299, 358.638403, 0.483623, -1, -1, -1
470, 0, 701.632309, 4.418221, 128.460512, 336.836250, 0.905749, -1, -1, -1
470, 1, 4.299803, 360.951777, 202.084007, 358.349733, 0.446678, -1, -1, -1
471, 0, 706.333694, 9.839941, 130.163269, 324.526820, 0.929300, -1, -1, -1
471, 1, 4.340143, 361.338229, 201.993904, 357.967443, 0.437568, -1, -1, -1
472, 0, 706.650848, 9.404393, 129.933596, 325.160251, 0.931589, -1, -1, -1
472, 1, 4.407301, 361.315999, 201.822472, 358.051300, 0.439809, -1, -1, -1
473, 0, 710.161209, 10.366899, 130.634031, 320.340493, 0.899049, -1, -1, -1
473, 1, 4.482822, 361.790299, 201.625042, 357.255886, 0.418126, -1, -1, -1
474, 0, 711.846085, 11.811247, 130.365782, 317.916291, 0.809238, -1, -1, -1
474, 1, 4.066191, 360.524426, 202.319908, 358.788521, 0.480014, -1, -1, -1
475, 0, 711.684952, 11.771046, 130.475464, 318.070078, 0.813628, -1, -1, -1
475, 1, 4.240265, 361.341619, 202.085991, 357.743833, 0.452615, -1, -1, -1
476, 0, 713.707428, 16.633837, 130.896788, 312.126431, 0.651437, -1, -1, -1
476, 1, 4.362745, 361.231842, 201.842537, 357.882729, 0.459795, -1, -1, -1
477, 0, 713.506393, 16.453421, 130.873232, 312.321503, 0.676597, -1, -1, -1
477, 1, 4.305964, 361.468391, 201.927700, 357.473381, 0.447729, -1, -1, -1
478, 0, 713.358765, 16.641905, 131.783752, 311.871729, 0.643955, -1, -1, -1
478, 1, 4.431353, 362.233272, 201.684074, 356.069040, 0.466573, -1, -1, -1
479, 0, 712.722015, 19.322172, 133.432255, 307.205114, 0.532899, -1, -1, -1
479, 1, 5.065546, 364.864025, 200.921879, 352.353086, 0.423885, -1, -1, -1
480, 0, 712.691650, 19.053297, 133.319702, 307.440162, 0.552339, -1, -1, -1
481, 0, 712.035980, 14.688710, 131.867676, 312.531810, 0.687055, -1, -1, -1
482, 0, 709.602356, 13.486362, 131.675844, 316.359258, 0.813790, -1, -1, -1
482, 1, 5.051508, 364.869046, 200.891628, 352.235134, 0.411299, -1, -1, -1
483, 0, 709.641647, 13.797820, 131.706057, 315.762520, 0.804595, -1, -1, -1
483, 1, 5.033159, 364.789438, 200.829601, 352.382934, 0.400712, -1, -1, -1
484, 0, 707.979965, 10.946063, 132.023745, 320.972893, 0.838523, -1, -1, -1
485, 0, 708.249130, 11.138098, 131.916933, 320.695167, 0.826594, -1, -1, -1
485, 1, 5.097637, 364.483023, 200.575123, 353.019111, 0.401132, -1, -1, -1
486, 0, 707.407532, 6.030271, 129.946289, 328.432095, 0.835720, -1, -1, -1
486, 1, 5.245733, 363.543091, 200.260582, 354.468749, 0.434903, -1, -1, -1
487, 0, 707.468872, 5.819685, 129.979124, 329.042695, 0.837545, -1, -1, -1
487, 1, 5.254917, 363.332891, 200.178356, 354.841125, 0.446350, -1, -1, -1
488, 0, 706.982346, 4.870430, 128.377504, 329.997067, 0.876484, -1, -1, -1
488, 1, 5.489388, 364.389296, 199.433784, 353.363335, 0.422099, -1, -1, -1
489, 0, 707.086868, 4.582179, 128.258972, 330.633845, 0.882504, -1, -1, -1
489, 1, 5.552492, 363.963060, 199.442177, 353.967648, 0.431764, -1, -1, -1
490, 0, 706.945877, 4.631188, 128.351746, 330.496430, 0.880824, -1, -1, -1
490, 1, 5.317583, 364.167509, 200.070171, 353.708460, 0.412142, -1, -1, -1
491, 0, 706.273956, 4.846483, 128.602905, 330.523767, 0.867487, -1, -1, -1
492, 0, 706.040497, 5.812004, 128.860598, 330.440898, 0.789856, -1, -1, -1
493, 0, 706.004562, 5.292052, 128.674440, 331.403596, 0.785682, -1, -1, -1
494, 0, 705.387421, 7.058523, 129.577637, 328.546658, 0.795538, -1, -1, -1
495, 0, 705.009460, 7.966332, 130.224915, 326.663296, 0.836995, -1, -1, -1
496, 0, 705.034256, 7.798598, 130.206785, 326.909244, 0.833936, -1, -1, -1
497, 0, 704.397888, 10.218658, 130.632019, 323.478248, 0.841728, -1, -1, -1
498, 0, 704.294510, 9.497616, 130.495300, 324.402537, 0.851277, -1, -1, -1
499, 0, 704.263458, 8.633730, 129.562740, 325.923865, 0.809567, -1, -1, -1
500, 0, 704.038239, 8.860409, 130.057859, 325.765657, 0.822007, -1, -1, -1
501, 0, 704.592285, 7.781271, 128.650637, 326.142068, 0.795988, -1, -1, -1
501, 1, 3.790913, 365.562387, 204.155960, 351.231022, 0.411121, -1, -1, -1
502, 0, 705.241699, 5.498196, 126.923952, 329.496460, 0.859717, -1, -1, -1
502, 1, 3.553419, 365.127482, 204.642658, 351.793985, 0.405224, -1, -1, -1
503, 0, 704.740448, 6.265007, 127.140322, 328.153017, 0.905555, -1, -1, -1
503, 1, 2.836523, 365.071049, 204.207668, 350.987971, 0.415911, -1, -1, -1
504, 0, 706.000137, 8.486403, 126.129761, 324.920590, 0.905692, -1, -1, -1
504, 1, 3.010445, 365.097356, 204.058342, 350.833733, 0.412263, -1, -1, -1
505, 0, 705.483017, 7.727348, 126.190615, 326.450436, 0.888923, -1, -1, -1
505, 1, 3.048439, 365.058689, 203.895607, 351.200831, 0.434440, -1, -1, -1
506, 0, 704.505997, 10.067253, 127.630186, 322.972169, 0.885906, -1, -1, -1
506, 1, 2.812510, 364.530187, 204.029560, 351.998198, 0.440372, -1, -1, -1
507, 0, 704.536285, 9.913176, 127.440672, 323.139195, 0.890363, -1, -1, -1
507, 1, 2.773352, 364.512033, 204.244041, 351.964102, 0.440164, -1, -1, -1
508, 0, 705.547409, 11.769447, 126.516848, 319.790425, 0.838279, -1, -1, -1
508, 1, 2.586002, 364.694467, 204.674778, 351.565676, 0.418845, -1, -1, -1
509, 0, 705.581741, 11.868614, 126.611814, 319.594517, 0.843238, -1, -1, -1
509, 1, 2.668161, 364.911146, 204.411888, 351.461906, 0.421506, -1, -1, -1
510, 0, 704.491043, 10.909327, 126.041136, 321.184423, 0.857686, -1, -1, -1
510, 1, 2.680655, 364.672794, 204.592934, 351.497011, 0.431094, -1, -1, -1
511, 0, 704.034500, 12.009612, 128.991394, 319.986978, 0.913390, -1, -1, -1
511, 1, 2.762175, 364.223084, 204.622459, 351.977234, 0.465133, -1, -1, -1
512, 0, 703.890533, 12.150965, 129.170284, 319.866707, 0.912950, -1, -1, -1
512, 1, 2.753057, 364.371657, 204.723606, 351.797612, 0.461567, -1, -1, -1
513, 0, 703.832016, 12.348129, 129.218874, 319.503880, 0.911279, -1, -1, -1
513, 1, 2.754669, 364.285483, 204.606628, 352.039332, 0.463371, -1, -1, -1
514, 0, 703.946533, 12.645907, 129.269409, 319.242654, 0.909697, -1, -1, -1
514, 1, 2.821522, 364.229307, 204.573059, 352.021244, 0.464614, -1, -1, -1
515, 0, 703.564987, 13.006858, 129.630556, 319.677944, 0.883693, -1, -1, -1
515, 1, 3.861580, 364.295096, 202.844276, 351.435299, 0.487883, -1, -1, -1
516, 0, 703.432465, 13.076338, 129.600468, 319.585869, 0.882935, -1, -1, -1
516, 1, 3.876610, 364.447317, 202.944450, 351.351314, 0.493061, -1, -1, -1
517, 0, 705.567169, 13.434284, 133.061094, 315.646241, 0.954722, -1, -1, -1
517, 1, 3.711233, 364.013915, 203.385639, 352.016287, 0.544724, -1, -1, -1
518, 0, 704.367905, 16.204695, 136.729431, 310.198953, 0.963838, -1, -1, -1
518, 1, 3.677855, 363.539100, 203.502808, 352.598112, 0.552738, -1, -1, -1
519, 0, 704.122925, 16.204695, 136.864929, 310.244143, 0.964852, -1, -1, -1
519, 1, 3.649092, 363.563304, 203.649101, 352.729561, 0.547824, -1, -1, -1
520, 0, 703.170166, 19.923255, 149.612122, 300.570531, 0.985875, -1, -1, -1
520, 1, 3.954039, 362.200656, 203.636742, 354.364464, 0.604905, -1, -1, -1
521, 0, 701.864090, 21.060297, 158.197632, 298.628762, 0.988642, -1, -1, -1
521, 1, 4.234972, 362.194347, 202.929974, 354.505978, 0.618919, -1, -1, -1
522, 0, 701.999207, 21.115497, 157.915955, 298.824134, 0.988693, -1, -1, -1
522, 1, 4.088974, 361.879005, 202.911358, 355.354393, 0.595209, -1, -1, -1
523, 0, 702.993164, 19.854548, 155.767698, 300.924003, 0.992558, -1, -1, -1
523, 1, 3.727932, 360.761318, 203.959827, 357.074182, 0.639858, -1, -1, -1
524, 0, 703.014374, 19.998048, 155.701113, 300.760689, 0.992447, -1, -1, -1
524, 1, 3.806152, 360.860753, 203.790073, 356.856966, 0.627557, -1, -1, -1
525, 0, 704.317780, 21.317146, 152.018309, 298.145385, 0.989883, -1, -1, -1
525, 1, 4.148407, 362.072296, 202.911644, 355.408294, 0.596286, -1, -1, -1
526, 0, 704.749680, 20.499254, 150.991516, 298.644125, 0.987118, -1, -1, -1
526, 1, 3.963156, 362.659035, 203.085041, 354.919102, 0.546077, -1, -1, -1
527, 0, 704.923019, 20.563186, 151.174622, 297.293708, 0.987151, -1, -1, -1
527, 1, 3.830233, 362.380772, 204.080925, 355.720911, 0.660023, -1, -1, -1
528, 0, 706.029892, 19.692113, 147.696962, 299.059696, 0.988951, -1, -1, -1
528, 1, 3.814840, 362.008739, 204.293232, 356.256602, 0.665684, -1, -1, -1
529, 0, 706.096039, 19.695151, 147.676640, 298.953888, 0.988899, -1, -1, -1
529, 1, 3.793344, 361.957026, 204.465199, 356.223257, 0.666361, -1, -1, -1
530, 0, 706.741638, 18.763749, 143.457031, 300.968571, 0.990115, -1, -1, -1
530, 1, 3.815022, 361.600657, 204.421768, 356.627433, 0.664195, -1, -1, -1
531, 0, 706.889420, 18.504827, 142.252989, 302.025962, 0.990624, -1, -1, -1
531, 1, 3.930101, 362.137485, 204.223557, 355.701256, 0.637074, -1, -1, -1
532, 0, 706.983719, 18.537862, 142.215576, 301.920991, 0.990627, -1, -1, -1
532, 1, 3.832750, 361.923895, 204.463882, 356.027842, 0.636564, -1, -1, -1
533, 0, 706.995239, 19.647373, 141.260071, 300.804999, 0.991168, -1, -1, -1
533, 1, 3.625402, 361.430025, 204.922085, 356.723843, 0.652054, -1, -1, -1
534, 0, 707.388382, 20.190542, 140.894470, 300.077219, 0.990144, -1, -1, -1
534, 1, 3.425550, 360.164323, 205.496025, 358.375890, 0.669529, -1, -1, -1
535, 0, 707.401428, 20.106771, 140.843935, 300.229483, 0.989934, -1, -1, -1
535, 1, 3.580561, 360.544209, 204.992771, 357.763338, 0.656991, -1, -1, -1
536, 0, 707.481918, 20.684338, 141.234560, 299.366584, 0.989448, -1, -1, -1
536, 1, 3.620424, 360.588498, 205.003319, 357.628241, 0.661195, -1, -1, -1
537, 0, 707.339249, 20.701921, 141.412230, 299.332252, 0.989533, -1, -1, -1
537, 1, 3.606968, 360.344996, 204.975624, 358.028104, 0.668193, -1, -1, -1
538, 0, 707.610321, 19.393991, 140.621338, 301.883032, 0.990164, -1, -1, -1
538, 1, 3.961287, 360.181317, 204.278831, 358.102820, 0.654703, -1, -1, -1
539, 0, 707.335587, 19.742248, 140.430784, 301.610627, 0.991058, -1, -1, -1
539, 1, 4.379425, 358.294158, 203.671360, 362.067361, 0.632411, -1, -1, -1
540, 0, 707.274857, 19.609201, 140.523071, 301.831427, 0.991277, -1, -1, -1
540, 1, 4.416676, 358.276391, 203.648243, 362.054057, 0.628525, -1, -1, -1
541, 0, 706.747589, 19.969507, 140.485229, 301.720619, 0.990669, -1, -1, -1
541, 1, 4.152088, 358.036623, 204.326611, 362.393560, 0.619406, -1, -1, -1
542, 0, 706.792068, 19.740007, 140.422363, 302.020597, 0.990731, -1, -1, -1
542, 1, 3.768311, 357.678130, 205.183239, 363.037205, 0.639134, -1, -1, -1
543, 0, 706.658249, 20.029319, 141.026611, 301.437163, 0.990568, -1, -1, -1
543, 1, 3.832626, 357.860970, 205.019951, 362.833743, 0.630820, -1, -1, -1
544, 0, 707.543259, 21.350588, 138.587465, 302.305598, 0.981927, -1, -1, -1
544, 1, 4.771452, 361.890421, 203.409615, 357.324979, 0.554260, -1, -1, -1
545, 0, 707.489929, 21.535018, 138.695984, 302.203031, 0.982228, -1, -1, -1
545, 1, 4.899330, 362.122507, 203.208618, 357.231681, 0.538288, -1, -1, -1
546, 0, 707.610016, 21.372818, 138.204708, 302.564871, 0.982561, -1, -1, -1
546, 1, 5.005455, 362.056718, 202.989464, 357.529943, 0.539418, -1, -1, -1
547, 0, 707.300186, 21.376950, 137.988281, 302.793889, 0.984671, -1, -1, -1
547, 1, 4.960442, 362.315197, 203.198433, 357.165463, 0.522074, -1, -1, -1
548, 0, 707.501907, 21.780780, 137.763853, 302.067869, 0.984267, -1, -1, -1
548, 1, 4.889441, 362.451282, 203.374901, 356.839113, 0.523867, -1, -1, -1
549, 0, 706.850891, 22.434458, 138.524599, 302.008603, 0.983645, -1, -1, -1
549, 1, 4.789333, 362.070837, 203.474522, 357.383881, 0.516893, -1, -1, -1
550, 0, 706.930389, 22.502457, 138.485537, 302.497859, 0.984241, -1, -1, -1
550, 1, 4.875164, 362.096243, 203.541737, 357.612619, 0.510104, -1, -1, -1
551, 0, 705.331116, 22.067683, 139.833803, 303.158262, 0.984410, -1, -1, -1
551, 1, 3.743734, 360.081239, 204.931774, 358.577764, 0.656882, -1, -1, -1
552, 0, 705.408478, 21.944386, 139.727354, 303.268211, 0.984631, -1, -1, -1
552, 1, 3.764791, 360.040598, 204.941425, 358.561392, 0.674306, -1, -1, -1
553, 0, 705.555573, 22.219527, 138.867979, 303.206971, 0.985176, -1, -1, -1
553, 1, 3.927450, 361.061597, 204.724255, 357.064569, 0.647752, -1, -1, -1
554, 0, 705.117798, 21.468637, 139.568968, 304.205933, 0.986749, -1, -1, -1
554, 1, 4.039602, 362.163749, 204.548931, 355.449579, 0.641090, -1, -1, -1
555, 0, 704.971924, 21.635406, 139.319582, 303.518064, 0.987246, -1, -1, -1
555, 1, 4.063139, 362.785549, 204.391575, 354.799411, 0.623189, -1, -1, -1
556, 0, 705.001907, 21.466157, 139.324522, 303.729379, 0.987392, -1, -1, -1
556, 1, 4.185390, 363.127327, 204.056396, 354.485292, 0.610268, -1, -1, -1
557, 0, 704.610748, 21.902468, 139.432249, 303.344064, 0.986516, -1, -1, -1
557, 1, 4.161024, 362.730875, 204.269676, 354.781108, 0.610246, -1, -1, -1
558, 0, 704.683533, 22.014186, 139.313660, 303.165922, 0.986268, -1, -1, -1
558, 1, 4.145994, 362.821383, 204.334717, 354.716027, 0.601485, -1, -1, -1
559, 0, 703.854828, 20.963888, 139.712038, 304.691305, 0.987381, -1, -1, -1
559, 1, 4.290600, 362.534065, 203.780212, 355.406063, 0.583275, -1, -1, -1
560, 0, 703.784332, 20.956036, 139.720030, 304.767544, 0.987443, -1, -1, -1
560, 1, 4.301586, 362.558484, 203.742447, 355.273798, 0.591816, -1, -1, -1
561, 0, 704.190292, 19.693422, 138.783998, 305.727153, 0.986179, -1, -1, -1
561, 1, 4.439602, 362.769670, 203.226509, 354.971287, 0.593983, -1, -1, -1
562, 0, 703.782043, 19.437549, 139.145203, 305.697970, 0.986907, -1, -1, -1
562, 1, 4.324188, 362.950644, 203.276405, 355.229273, 0.589952, -1, -1, -1
563, 0, 702.969208, 20.853007, 139.886293, 303.844543, 0.987191, -1, -1, -1
563, 1, 4.529152, 362.691307, 202.841835, 355.484104, 0.553652, -1, -1, -1
564, 0, 703.636856, 20.493815, 139.124632, 303.807313, 0.986574, -1, -1, -1
564, 1, 4.697771, 364.066572, 202.371655, 353.736656, 0.505041, -1, -1, -1
565, 0, 703.772888, 20.559744, 139.127016, 303.786843, 0.987075, -1, -1, -1
565, 1, 4.853411, 364.312091, 201.973095, 353.547764, 0.492624, -1, -1, -1
566, 0, 703.803864, 18.913952, 138.905640, 306.054769, 0.986539, -1, -1, -1
566, 1, 4.874420, 364.929299, 202.046032, 352.599142, 0.465593, -1, -1, -1
567, 0, 703.859863, 18.983590, 138.774900, 305.857809, 0.985737, -1, -1, -1
567, 1, 5.067625, 365.019379, 201.964149, 352.774687, 0.460287, -1, -1, -1
568, 0, 704.066315, 18.790569, 138.591185, 306.140256, 0.986217, -1, -1, -1
568, 1, 4.979534, 366.148567, 201.870861, 350.792170, 0.471477, -1, -1, -1
569, 0, 704.276733, 18.706434, 138.410521, 306.258938, 0.986092, -1, -1, -1
569, 1, 4.986172, 366.273065, 202.076435, 350.868280, 0.449609, -1, -1, -1
570, 0, 704.374924, 17.840488, 138.043947, 306.844583, 0.988259, -1, -1, -1
570, 1, 5.851231, 363.326111, 201.814613, 354.292002, 0.463309, -1, -1, -1
571, 0, 704.207077, 17.733243, 138.353577, 307.215843, 0.988785, -1, -1, -1
571, 1, 6.334066, 363.824787, 200.855045, 353.663914, 0.429500, -1, -1, -1
572, 0, 704.127579, 17.473056, 138.194580, 307.515349, 0.988435, -1, -1, -1
572, 1, 6.182613, 364.468603, 201.228199, 352.560883, 0.429952, -1, -1, -1
573, 0, 704.169388, 17.707525, 138.392820, 307.035792, 0.988675, -1, -1, -1
573, 1, 6.462355, 364.767809, 200.831718, 351.917045, 0.406300, -1, -1, -1
574, 0, 704.071503, 16.680851, 138.617373, 308.183713, 0.990286, -1, -1, -1
575, 0, 704.187698, 15.851877, 138.758726, 308.867869, 0.990447, -1, -1, -1
575, 1, 5.807257, 365.158682, 201.167927, 350.906668, 0.528485, -1, -1, -1
576, 0, 704.103928, 15.828542, 138.880434, 308.880100, 0.990405, -1, -1, -1
576, 1, 6.023684, 364.821410, 200.681915, 351.498406, 0.537285, -1, -1, -1
577, 0, 704.284134, 16.362129, 139.025145, 308.140712, 0.990784, -1, -1, -1
577, 1, 6.339750, 365.258932, 199.943428, 351.275053, 0.492045, -1, -1, -1
578, 0, 704.699249, 16.151340, 138.674927, 308.534031, 0.990713, -1, -1, -1
578, 1, 6.156769, 364.539199, 200.325642, 352.405207, 0.533953, -1, -1, -1
579, 0, 705.218582, 17.376455, 139.609861, 306.837180, 0.989773, -1, -1, -1
579, 1, 6.198120, 365.330558, 200.880909, 351.270075, 0.472798, -1, -1, -1
580, 0, 705.179138, 17.348883, 139.610167, 306.794500, 0.989741, -1, -1, -1
580, 1, 5.977592, 365.181341, 201.243343, 351.589365, 0.499942, -1, -1, -1
581, 0, 705.326233, 17.345695, 139.403992, 306.629405, 0.988757, -1, -1, -1
581, 1, 6.127539, 365.144091, 201.122856, 351.645391, 0.494719, -1, -1, -1
582, 0, 705.388794, 17.322852, 139.259768, 306.514885, 0.988758, -1, -1, -1
582, 1, 6.067305, 365.437975, 201.325035, 351.209285, 0.486065, -1, -1, -1
583, 0, 705.622635, 16.938772, 139.409666, 306.768579, 0.990292, -1, -1, -1
583, 1, 6.058102, 365.180483, 201.031456, 351.491947, 0.495594, -1, -1, -1
584, 0, 705.575333, 16.981977, 139.495544, 306.737680, 0.990374, -1, -1, -1
584, 1, 6.029243, 365.234857, 201.138115, 351.444204, 0.486574, -1, -1, -1
585, 0, 705.334244, 16.913087, 140.119934, 306.625950, 0.991366, -1, -1, -1
585, 1, 5.875025, 364.932690, 201.507778, 351.762400, 0.516492, -1, -1, -1
586, 0, 705.115433, 17.396625, 140.578184, 306.055198, 0.991775, -1, -1, -1
586, 1, 5.955496, 365.406818, 201.449909, 351.012669, 0.506470, -1, -1, -1
587, 0, 704.792557, 18.209699, 140.749388, 305.168674, 0.990202, -1, -1, -1
587, 1, 6.155863, 366.834741, 200.931206, 349.171600, 0.459383, -1, -1, -1
588, 0, 704.840698, 18.245962, 140.798035, 305.033641, 0.990529, -1, -1, -1
588, 1, 6.046543, 367.051291, 201.193161, 348.708522, 0.460711, -1, -1, -1
589, 0, 704.954300, 18.082197, 140.619078, 305.201504, 0.990718, -1, -1, -1
589, 1, 5.969000, 366.072135, 201.498203, 350.159855, 0.487639, -1, -1, -1
590, 0, 704.763260, 18.435863, 141.573973, 304.473059, 0.990890, -1, -1, -1
590, 1, 5.916595, 365.916095, 201.534557, 350.479467, 0.483629, -1, -1, -1
591, 0, 704.756546, 18.358122, 141.584349, 304.567473, 0.990953, -1, -1, -1
591, 1, 6.064911, 366.089215, 201.427174, 350.212061, 0.477511, -1, -1, -1
592, 0, 705.041809, 18.198379, 140.930481, 304.814944, 0.989611, -1, -1, -1
592, 1, 6.006079, 366.098657, 201.595554, 349.924593, 0.479683, -1, -1, -1
593, 0, 704.746094, 18.934037, 141.705627, 303.303530, 0.988138, -1, -1, -1
593, 1, 6.153154, 366.304522, 201.042976, 349.858310, 0.474866, -1, -1, -1
594, 0, 705.475006, 18.652961, 141.377316, 304.605346, 0.990017, -1, -1, -1
594, 1, 3.275652, 363.597250, 204.889946, 352.287941, 0.680723, -1, -1, -1
595, 0, 705.663147, 18.425499, 140.939760, 304.675319, 0.989953, -1, -1, -1
595, 1, 3.516855, 363.251953, 204.510212, 352.802925, 0.686605, -1, -1, -1
596, 0, 705.725632, 18.785236, 140.933352, 304.342661, 0.989428, -1, -1, -1
596, 1, 3.403511, 363.501763, 204.858398, 352.296696, 0.680866, -1, -1, -1
597, 0, 705.859375, 18.743995, 140.868530, 304.396112, 0.989157, -1, -1, -1
597, 1, 3.314686, 363.410053, 204.959145, 352.456942, 0.677289, -1, -1, -1
598, 0, 705.812531, 18.994086, 141.076536, 304.166343, 0.988771, -1, -1, -1
598, 1, 3.388615, 363.435674, 204.783630, 352.385681, 0.670195, -1, -1, -1
599, 0, 705.401306, 17.949772, 141.197691, 305.000489, 0.991041, -1, -1, -1
599, 1, 4.604092, 368.340855, 202.699966, 345.767233, 0.468613, -1, -1, -1
600, 0, 705.400925, 17.905076, 141.077394, 305.094538, 0.990933, -1, -1, -1
600, 1, 4.730759, 368.590322, 202.519569, 345.772512, 0.447892, -1, -1, -1
601, 0, 705.423203, 19.049263, 141.733217, 303.474054, 0.990217, -1, -1, -1
601, 1, 4.711094, 368.430591, 202.516212, 345.860038, 0.446523, -1, -1, -1
602, 0, 705.254059, 18.657532, 141.719971, 304.202628, 0.990243, -1, -1, -1
602, 1, 4.947481, 367.888355, 201.953697, 346.720877, 0.451234, -1, -1, -1
603, 0, 705.220642, 18.630421, 141.753721, 304.218571, 0.990419, -1, -1, -1
603, 1, 4.981585, 368.471317, 201.781597, 345.804741, 0.432601, -1, -1, -1
604, 0, 705.220947, 18.517885, 141.558838, 304.587407, 0.990003, -1, -1, -1
604, 1, 4.678726, 368.835325, 202.477074, 345.504205, 0.454762, -1, -1, -1
605, 0, 705.056992, 18.479904, 141.614380, 304.608092, 0.990366, -1, -1, -1
605, 1, 4.825745, 368.977933, 202.176914, 345.227444, 0.459044, -1, -1, -1
606, 0, 705.297775, 18.275242, 141.045351, 304.972208, 0.989982, -1, -1, -1
606, 1, 4.935980, 369.127536, 201.715603, 344.975488, 0.464396, -1, -1, -1
607, 0, 705.483627, 18.429009, 140.686951, 304.836252, 0.989232, -1, -1, -1
607, 1, 4.929581, 369.112816, 201.880226, 345.005465, 0.453850, -1, -1, -1
608, 0, 705.371094, 18.500354, 140.816345, 304.760892, 0.989223, -1, -1, -1
608, 1, 4.843855, 368.951797, 202.130928, 345.256712, 0.456943, -1, -1, -1
609, 0, 705.024261, 18.443609, 140.852299, 305.294352, 0.988818, -1, -1, -1
609, 1, 4.728680, 368.583369, 202.393513, 345.722473, 0.485611, -1, -1, -1
610, 0, 704.610138, 18.584392, 140.935669, 305.249977, 0.988765, -1, -1, -1
610, 1, 4.958897, 368.574743, 201.976395, 345.754788, 0.448731, -1, -1, -1
611, 0, 705.365829, 18.302246, 140.219421, 305.227275, 0.989611, -1, -1, -1
611, 1, 4.849701, 367.727766, 202.837486, 346.691566, 0.494203, -1, -1, -1
612, 0, 705.452271, 19.264882, 140.322390, 303.458476, 0.989190, -1, -1, -1
612, 1, 4.607372, 367.566018, 203.613548, 346.759179, 0.485132, -1, -1, -1
613, 0, 705.565262, 19.158332, 140.152893, 303.721161, 0.989205, -1, -1, -1
613, 1, 4.599991, 367.917452, 203.525219, 345.947349, 0.489553, -1, -1, -1
614, 0, 705.681229, 19.314619, 140.178709, 303.300419, 0.989498, -1, -1, -1
614, 1, 4.611835, 367.460446, 203.653736, 346.565373, 0.507353, -1, -1, -1
615, 0, 705.690460, 19.012356, 140.036192, 303.874390, 0.989786, -1, -1, -1
615, 1, 4.779921, 367.270288, 203.362617, 346.851661, 0.472040, -1, -1, -1
616, 0, 705.609741, 19.256556, 140.089722, 303.456395, 0.989371, -1, -1, -1
616, 1, 4.751720, 367.438517, 203.404655, 346.579063, 0.503990, -1, -1, -1
617, 0, 705.578842, 19.276768, 140.260315, 303.302672, 0.989667, -1, -1, -1
617, 1, 4.645844, 367.482290, 203.273754, 346.367855, 0.541598, -1, -1, -1
618, 0, 705.553513, 19.272251, 140.260439, 303.307414, 0.989531, -1, -1, -1
618, 1, 4.783297, 367.569451, 202.973976, 346.223574, 0.528788, -1, -1, -1
619, 0, 705.519257, 18.937790, 140.114136, 303.786199, 0.989794, -1, -1, -1
619, 1, 4.874277, 367.659187, 202.749310, 346.295650, 0.501684, -1, -1, -1
620, 0, 705.660858, 18.964904, 139.968386, 303.719358, 0.989838, -1, -1, -1
620, 1, 4.906445, 367.526493, 202.663403, 346.400750, 0.500130, -1, -1, -1
621, 0, 706.219254, 18.303587, 138.540649, 303.981593, 0.992072, -1, -1, -1
621, 1, 3.676634, 367.215056, 205.598717, 346.704376, 0.462994, -1, -1, -1
622, 0, 706.278610, 18.386157, 138.249207, 303.538878, 0.992142, -1, -1, -1
623, 0, 706.112747, 19.421393, 139.081726, 302.022614, 0.992179, -1, -1, -1
624, 0, 706.440125, 19.479275, 138.735657, 301.888912, 0.991306, -1, -1, -1
624, 1, 4.225426, 367.755704, 202.968483, 345.697410, 0.408373, -1, -1, -1
625, 0, 706.832275, 19.450758, 138.601685, 301.850889, 0.990830, -1, -1, -1
626, 0, 706.619492, 19.470981, 138.980227, 301.590543, 0.991008, -1, -1, -1
627, 0, 707.027740, 19.464104, 138.420286, 301.544366, 0.990562, -1, -1, -1
628, 0, 707.053452, 19.261191, 138.360415, 301.814904, 0.990511, -1, -1, -1
629, 0, 706.936951, 18.974676, 138.383484, 302.423337, 0.990349, -1, -1, -1
630, 0, 707.054672, 19.031346, 138.224001, 302.390056, 0.990125, -1, -1, -1
631, 0, 706.841660, 19.038877, 138.543396, 302.346883, 0.990247, -1, -1, -1
632, 0, 706.480484, 19.654843, 138.945799, 301.440575, 0.990242, -1, -1, -1
632, 1, 4.327412, 364.951057, 203.161755, 350.523005, 0.424530, -1, -1, -1
633, 0, 706.554108, 19.607012, 138.799191, 301.506858, 0.990173, -1, -1, -1
633, 1, 4.284525, 364.809523, 203.395596, 350.616388, 0.438833, -1, -1, -1
634, 0, 706.402740, 19.935882, 139.055357, 300.924196, 0.990392, -1, -1, -1
634, 1, 4.107885, 363.988767, 203.486958, 351.756048, 0.469776, -1, -1, -1
635, 0, 706.327972, 19.403045, 138.928223, 301.676760, 0.990825, -1, -1, -1
635, 1, 3.607645, 363.328257, 204.997730, 351.698906, 0.496175, -1, -1, -1
636, 0, 706.204529, 20.221710, 139.696836, 300.322866, 0.989753, -1, -1, -1
636, 1, 3.286257, 361.994662, 206.403084, 354.013760, 0.539907, -1, -1, -1
637, 0, 706.278687, 20.189717, 139.609680, 300.280938, 0.989819, -1, -1, -1
637, 1, 3.468018, 362.096415, 206.039124, 353.762791, 0.533584, -1, -1, -1
638, 0, 706.213684, 20.289366, 139.887266, 300.179787, 0.989952, -1, -1, -1
638, 1, 3.389444, 363.013687, 206.138897, 352.230284, 0.506930, -1, -1, -1
639, 0, 706.096497, 20.389370, 139.953308, 299.974587, 0.989565, -1, -1, -1
639, 1, 3.670845, 363.289976, 205.337830, 351.987233, 0.488460, -1, -1, -1
640, 0, 706.484909, 20.807493, 140.046387, 299.437094, 0.989104, -1, -1, -1
640, 1, 3.490381, 362.683196, 205.548000, 352.743187, 0.532699, -1, -1, -1
641, 0, 706.445694, 20.889547, 140.111694, 299.293478, 0.989053, -1, -1, -1
641, 1, 3.514509, 362.436304, 205.550404, 353.152192, 0.531597, -1, -1, -1
642, 0, 706.377106, 20.842683, 140.207396, 299.313176, 0.989388, -1, -1, -1
642, 1, 3.531694, 362.405748, 205.543556, 353.182747, 0.526376, -1, -1, -1
643, 0, 706.498260, 20.190713, 139.670658, 300.551970, 0.990188, -1, -1, -1
643, 1, 3.486385, 361.701679, 205.634022, 354.506814, 0.552079, -1, -1, -1
644, 0, 706.644135, 20.222397, 139.678593, 300.372305, 0.990933, -1, -1, -1
644, 1, 3.374577, 361.846004, 206.194897, 354.223702, 0.538546, -1, -1, -1
645, 0, 706.687775, 20.190566, 139.604855, 300.440025, 0.990984, -1, -1, -1
645, 1, 3.356800, 361.766825, 206.173096, 354.308503, 0.543915, -1, -1, -1
646, 0, 708.312531, 18.995672, 136.710815, 303.022156, 0.984500, -1, -1, -1
646, 1, 3.678722, 361.480279, 205.005608, 356.970327, 0.406894, -1, -1, -1
647, 0, 708.948975, 19.713261, 136.545897, 302.159450, 0.982640, -1, -1, -1
647, 1, 4.567347, 363.945422, 202.474575, 353.069708, 0.459974, -1, -1, -1
648, 0, 709.396057, 18.196675, 136.387024, 304.840329, 0.984749, -1, -1, -1
648, 1, 4.408264, 363.523607, 202.569466, 353.819525, 0.466556, -1, -1, -1
649, 0, 709.248581, 17.893950, 136.988649, 305.556951, 0.985315, -1, -1, -1
649, 1, 4.405518, 363.741274, 202.628918, 353.298833, 0.476108, -1, -1, -1
650, 0, 709.302063, 17.790201, 136.894836, 305.859139, 0.985098, -1, -1, -1
650, 1, 4.188118, 363.072824, 203.046265, 354.151304, 0.500341, -1, -1, -1
651, 0, 709.738693, 16.892178, 136.539612, 307.132480, 0.988188, -1, -1, -1
651, 1, 4.159775, 363.247018, 203.081684, 353.684943, 0.503501, -1, -1, -1
652, 0, 709.612122, 16.987041, 136.699038, 306.955647, 0.988274, -1, -1, -1
652, 1, 3.678598, 361.429639, 203.977222, 356.190426, 0.537132, -1, -1, -1
653, 0, 709.576187, 16.202946, 137.123594, 308.166997, 0.987942, -1, -1, -1
653, 1, 3.777628, 362.214689, 204.297295, 354.759800, 0.537625, -1, -1, -1
654, 0, 709.586792, 16.123960, 137.182922, 308.245296, 0.988130, -1, -1, -1
654, 1, 3.779001, 362.233400, 204.223919, 354.729974, 0.524889, -1, -1, -1
655, 0, 709.667435, 17.251593, 137.057371, 306.523833, 0.988078, -1, -1, -1
655, 1, 3.835201, 361.447020, 204.097309, 356.354363, 0.539008, -1, -1, -1
656, 0, 709.531250, 17.855304, 137.558289, 305.610166, 0.988844, -1, -1, -1
656, 1, 3.810425, 361.528902, 204.401760, 356.117642, 0.568621, -1, -1, -1
657, 0, 709.773178, 18.338315, 137.374086, 304.156430, 0.988601, -1, -1, -1
657, 1, 4.131126, 361.469507, 204.282265, 356.131074, 0.611264, -1, -1, -1
658, 0, 709.723434, 18.390201, 137.312441, 304.177480, 0.988760, -1, -1, -1
658, 1, 4.002552, 361.504354, 204.617691, 356.069191, 0.619738, -1, -1, -1
659, 0, 709.465485, 18.967712, 137.295284, 303.412385, 0.989117, -1, -1, -1
659, 1, 2.206707, 359.226494, 208.672867, 357.481019, 0.667448, -1, -1, -1
660, 0, 709.460220, 18.944947, 137.242737, 303.500190, 0.989385, -1, -1, -1
660, 1, 1.887779, 358.605037, 209.602242, 358.469360, 0.673705, -1, -1, -1
661, 0, 709.367905, 18.530738, 137.455263, 304.016118, 0.989378, -1, -1, -1
661, 1, 2.116957, 359.581232, 208.998375, 356.875741, 0.640153, -1, -1, -1
662, 0, 709.112854, 18.514688, 137.017212, 304.638669, 0.990141, -1, -1, -1
662, 1, 2.479372, 360.109563, 207.854195, 356.677065, 0.618227, -1, -1, -1
663, 0, 709.094315, 18.352489, 137.091064, 304.787564, 0.989983, -1, -1, -1
663, 1, 2.432604, 360.316801, 208.020859, 356.322176, 0.634150, -1, -1, -1
664, 0, 708.946228, 18.402541, 136.714907, 305.050271, 0.990251, -1, -1, -1
664, 1, 2.308779, 359.647515, 208.157845, 357.296762, 0.633049, -1, -1, -1
665, 0, 708.754578, 16.867790, 134.375429, 307.737265, 0.989741, -1, -1, -1
665, 1, 2.321873, 360.373149, 207.448864, 356.092257, 0.611467, -1, -1, -1
666, 0, 708.722076, 16.962032, 134.340210, 307.507517, 0.989620, -1, -1, -1
666, 1, 2.212610, 360.247793, 207.704296, 356.204417, 0.617961, -1, -1, -1
667, 0, 708.700714, 16.797593, 134.342527, 307.799921, 0.989870, -1, -1, -1
667, 1, 2.299862, 360.265818, 207.419224, 356.253233, 0.614826, -1, -1, -1
668, 0, 708.624420, 16.869809, 134.507446, 307.705529, 0.989754, -1, -1, -1
668, 1, 2.638407, 360.765524, 206.714764, 355.799596, 0.589281, -1, -1, -1
669, 0, 708.656998, 16.740310, 135.205564, 308.640440, 0.989570, -1, -1, -1
669, 1, 2.765827, 361.568556, 206.324654, 354.091909, 0.558261, -1, -1, -1
670, 0, 708.662643, 16.917293, 136.683168, 308.376424, 0.989935, -1, -1, -1
670, 1, 3.316650, 361.900721, 205.185547, 353.201866, 0.568831, -1, -1, -1
671, 0, 708.653641, 16.788728, 136.517334, 308.604455, 0.989527, -1, -1, -1
671, 1, 2.010384, 359.560676, 207.902012, 356.753304, 0.613392, -1, -1, -1
672, 0, 707.307434, 18.065933, 139.473448, 306.577220, 0.992397, -1, -1, -1
672, 1, 2.125483, 357.655342, 208.394356, 360.104113, 0.724554, -1, -1, -1
673, 0, 707.417755, 17.963419, 138.980465, 306.608484, 0.992203, -1, -1, -1
673, 1, 2.430820, 357.962809, 207.575455, 360.010600, 0.722486, -1, -1, -1
673, 2, 849.978714, 5.365255, 84.477720, 155.875869, 0.407517, -1, -1, -1
674, 0, 707.462845, 17.928121, 138.908873, 306.656098, 0.992208, -1, -1, -1
674, 1, 2.580900, 358.088293, 207.460747, 359.997768, 0.715427, -1, -1, -1
674, 2, 849.832306, 5.258583, 84.389219, 155.575054, 0.403212, -1, -1, -1
675, 0, 707.533188, 18.315313, 138.848696, 305.958767, 0.991534, -1, -1, -1
675, 1, 2.131300, 355.859334, 208.093433, 362.935710, 0.743817, -1, -1, -1
675, 2, 849.230728, 5.545955, 85.881653, 155.592510, 0.418257, -1, -1, -1
676, 0, 707.421799, 18.249706, 139.047365, 306.084895, 0.991804, -1, -1, -1
676, 1, 2.032614, 355.699046, 208.258686, 363.095827, 0.743572, -1, -1, -1
676, 2, 849.349060, 5.441258, 85.542784, 155.787721, 0.421521, -1, -1, -1
677, 0, 707.379990, 18.410781, 139.090090, 305.955484, 0.991767, -1, -1, -1
677, 1, 1.977520, 354.996543, 208.452930, 364.010954, 0.751055, -1, -1, -1
677, 2, 849.166489, 5.564704, 85.968142, 155.438905, 0.411433, -1, -1, -1
678, 0, 707.370300, 18.136552, 139.041929, 306.434441, 0.991774, -1, -1, -1
678, 1, 2.121792, 355.603173, 208.266869, 363.188996, 0.748570, -1, -1, -1
678, 2, 849.156799, 5.858132, 85.912294, 155.267522, 0.413750, -1, -1, -1
679, 0, 707.409897, 17.940772, 138.850403, 306.577520, 0.991634, -1, -1, -1
679, 1, 1.791134, 353.855081, 209.205856, 365.298071, 0.777441, -1, -1, -1
679, 2, 849.131088, 4.916709, 86.330996, 156.565218, 0.453112, -1, -1, -1
680, 0, 707.457657, 18.150465, 138.429747, 306.364253, 0.990966, -1, -1, -1
680, 1, 2.056589, 354.538851, 208.430195, 364.384232, 0.764071, -1, -1, -1
680, 2, 849.623489, 5.558594, 85.550108, 156.001192, 0.436703, -1, -1, -1
681, 0, 707.398911, 18.047994, 138.528261, 306.554496, 0.990870, -1, -1, -1
681, 1, 2.078781, 354.698904, 208.338032, 364.232655, 0.759231, -1, -1, -1
681, 2, 849.841537, 5.715836, 85.482302, 155.987470, 0.440781, -1, -1, -1
682, 0, 707.357635, 17.668505, 137.862549, 307.210457, 0.990564, -1, -1, -1
682, 1, 2.396183, 355.116513, 207.957230, 364.120002, 0.757591, -1, -1, -1
683, 0, 708.615570, 17.947562, 135.752811, 306.917453, 0.989949, -1, -1, -1
683, 1, 3.385735, 356.348999, 204.770622, 364.204588, 0.697979, -1, -1, -1
684, 0, 708.927231, 17.922789, 135.502930, 306.927001, 0.990131, -1, -1, -1
684, 1, 3.779659, 357.605431, 204.238701, 362.203960, 0.666118, -1, -1, -1
685, 0, 708.588486, 17.678429, 135.750122, 307.185588, 0.990380, -1, -1, -1
685, 1, 2.643862, 355.582316, 206.611481, 364.535379, 0.764490, -1, -1, -1
686, 0, 708.524551, 18.321311, 136.777525, 306.188579, 0.990129, -1, -1, -1
686, 1, 2.775946, 355.066366, 206.035271, 365.800738, 0.759711, -1, -1, -1
687, 0, 708.505096, 18.328232, 136.698246, 306.129034, 0.990051, -1, -1, -1
687, 1, 3.103409, 355.768075, 205.410843, 364.848404, 0.739349, -1, -1, -1
688, 0, 708.651428, 18.296764, 136.257324, 306.015072, 0.989445, -1, -1, -1
688, 1, 2.767162, 355.791442, 205.793724, 365.206361, 0.775015, -1, -1, -1
689, 0, 708.773422, 18.134018, 136.121950, 306.253488, 0.989749, -1, -1, -1
689, 1, 2.627563, 355.615275, 206.209755, 365.494580, 0.780704, -1, -1, -1
690, 0, 708.634262, 18.092636, 136.049623, 306.497312, 0.989521, -1, -1, -1
690, 1, 2.673016, 355.725288, 206.134262, 365.558782, 0.786472, -1, -1, -1
691, 0, 708.458099, 17.708318, 136.075258, 306.960990, 0.989965, -1, -1, -1
691, 1, 2.448015, 355.844185, 206.768990, 364.980025, 0.777632, -1, -1, -1
692, 0, 708.547974, 17.600743, 135.971069, 307.222023, 0.989639, -1, -1, -1
692, 1, 2.491751, 355.746038, 206.716938, 365.137696, 0.773824, -1, -1, -1
693, 0, 708.456650, 17.534748, 136.066589, 307.252257, 0.989671, -1, -1, -1
693, 1, 2.308702, 355.528908, 207.215691, 365.472994, 0.782155, -1, -1, -1
694, 0, 708.470688, 17.709488, 136.072817, 306.956055, 0.989841, -1, -1, -1
694, 1, 2.213831, 355.719259, 207.427578, 365.188208, 0.786356, -1, -1, -1
695, 0, 708.167496, 17.772038, 136.947937, 306.698370, 0.988821, -1, -1, -1
695, 1, 2.874384, 358.201332, 206.219997, 361.607265, 0.767052, -1, -1, -1
696, 0, 708.181000, 17.777068, 136.892519, 306.633546, 0.989117, -1, -1, -1
696, 1, 2.652369, 358.422389, 207.086163, 361.202230, 0.768326, -1, -1, -1
697, 0, 707.971497, 17.696154, 137.166443, 306.840892, 0.989324, -1, -1, -1
697, 1, 2.218428, 357.749455, 208.156624, 362.512350, 0.790843, -1, -1, -1
698, 0, 706.950455, 17.323882, 139.171019, 306.147702, 0.992819, -1, -1, -1
698, 1, 3.883505, 359.755898, 204.764118, 359.253209, 0.669791, -1, -1, -1
699, 0, 707.005234, 17.282417, 139.108276, 306.103821, 0.992957, -1, -1, -1
699, 1, 4.126253, 360.010686, 204.114590, 358.866692, 0.659033, -1, -1, -1
700, 0, 707.079239, 17.207508, 138.938599, 306.355326, 0.993212, -1, -1, -1
700, 1, 4.173031, 359.563529, 204.326439, 359.044125, 0.656600, -1, -1, -1
701, 0, 707.145844, 17.172768, 138.817139, 306.437616, 0.993114, -1, -1, -1
701, 1, 4.219589, 359.581661, 204.309769, 358.937008, 0.648704, -1, -1, -1
702, 0, 707.202682, 17.055458, 138.701172, 306.747401, 0.993068, -1, -1, -1
702, 1, 3.995171, 360.311823, 204.710960, 358.211181, 0.675281, -1, -1, -1
703, 0, 707.165527, 17.268607, 138.732300, 306.349297, 0.992944, -1, -1, -1
703, 1, 3.765583, 360.145826, 205.057716, 358.716252, 0.699865, -1, -1, -1
704, 0, 707.427368, 17.090499, 138.401003, 306.513984, 0.993120, -1, -1, -1
704, 1, 3.862143, 360.260324, 204.888954, 358.501396, 0.701165, -1, -1, -1
705, 0, 708.513718, 16.020180, 137.825623, 307.666132, 0.992595, -1, -1, -1
705, 1, 4.532881, 361.160259, 203.604813, 356.980498, 0.658522, -1, -1, -1
706, 0, 708.458023, 16.617304, 138.760557, 306.913483, 0.992579, -1, -1, -1
706, 1, 4.471092, 361.302395, 203.561668, 356.746738, 0.645021, -1, -1, -1
707, 0, 707.913971, 17.181137, 139.774656, 306.801088, 0.993022, -1, -1, -1
707, 1, 3.839722, 359.422188, 205.481949, 360.215521, 0.626153, -1, -1, -1
708, 0, 707.930527, 17.838234, 140.492554, 304.432740, 0.993997, -1, -1, -1
708, 1, 3.549614, 359.771690, 205.606194, 359.535913, 0.657334, -1, -1, -1
709, 0, 707.665939, 17.940620, 140.920715, 304.497156, 0.993918, -1, -1, -1
709, 1, 3.584394, 359.418089, 205.768700, 360.168400, 0.655882, -1, -1, -1
710, 0, 710.653687, 20.369993, 136.088133, 298.669982, 0.992292, -1, -1, -1
710, 1, 3.646431, 359.165769, 205.801201, 360.519361, 0.648031, -1, -1, -1
711, 0, 710.163116, 21.343292, 136.481504, 297.918577, 0.990304, -1, -1, -1
711, 1, 3.810263, 360.325041, 205.884533, 358.735800, 0.627603, -1, -1, -1
712, 0, 710.181885, 20.967987, 136.373596, 298.804929, 0.990044, -1, -1, -1
712, 1, 3.928795, 360.582662, 205.530453, 358.339691, 0.628266, -1, -1, -1
713, 0, 713.742447, 15.571704, 134.379272, 308.126228, 0.982786, -1, -1, -1
713, 1, 3.779373, 361.783948, 205.363483, 356.597114, 0.627415, -1, -1, -1
713, 2, 852.228394, 5.678414, 82.446413, 155.420655, 0.413879, -1, -1, -1
714, 0, 713.685226, 15.604159, 134.524841, 308.131227, 0.983202, -1, -1, -1
714, 1, 3.924751, 362.076502, 204.975700, 356.017842, 0.619651, -1, -1, -1
714, 2, 852.213211, 5.787998, 82.539549, 155.263081, 0.414297, -1, -1, -1
715, 0, 713.190536, 16.349758, 134.845581, 308.194571, 0.973624, -1, -1, -1
715, 1, 4.010773, 362.355924, 204.884567, 355.820217, 0.622148, -1, -1, -1
716, 0, 714.039841, 16.014846, 134.304018, 309.090943, 0.972782, -1, -1, -1
716, 1, 3.944988, 361.907973, 205.552750, 356.575806, 0.604492, -1, -1, -1
717, 0, 715.283585, 14.582291, 132.924681, 314.370303, 0.968664, -1, -1, -1
717, 1, 3.580971, 361.893768, 205.751247, 356.711569, 0.649095, -1, -1, -1
718, 0, 715.047913, 14.393216, 133.313904, 314.514649, 0.968894, -1, -1, -1
718, 1, 3.577871, 362.135253, 205.540791, 356.323850, 0.648539, -1, -1, -1
719, 0, 714.871674, 14.655493, 133.289795, 313.369989, 0.970340, -1, -1, -1
719, 1, 4.211159, 363.622398, 204.845581, 354.112465, 0.629881, -1, -1, -1
719, 2, 852.254791, 4.195747, 81.729736, 159.317164, 0.418616, -1, -1, -1
720, 0, 714.976730, 14.828378, 133.061523, 312.893822, 0.969625, -1, -1, -1
720, 1, 4.083738, 363.857703, 205.295677, 353.712687, 0.625181, -1, -1, -1
720, 2, 852.361145, 4.167241, 81.613159, 159.257158, 0.413772, -1, -1, -1
721, 0, 715.302963, 13.825382, 133.340883, 320.687506, 0.972135, -1, -1, -1
721, 1, 4.031897, 363.540430, 205.467930, 353.754251, 0.629670, -1, -1, -1
721, 2, 852.559052, 4.540374, 81.221561, 158.967823, 0.405195, -1, -1, -1
722, 0, 715.633926, 13.322189, 132.912292, 326.021669, 0.974570, -1, -1, -1
722, 1, 4.023962, 364.037561, 205.720387, 352.977140, 0.626713, -1, -1, -1
723, 0, 715.822906, 13.453370, 132.650146, 325.692444, 0.974432, -1, -1, -1
723, 1, 4.229479, 364.075799, 205.248089, 352.910707, 0.599637, -1, -1, -1
724, 0, 715.339355, 10.589919, 134.731569, 339.492710, 0.980686, -1, -1, -1
724, 1, 3.491755, 364.269819, 206.222267, 351.126673, 0.644799, -1, -1, -1
725, 0, 715.365448, 10.413269, 134.733887, 339.498010, 0.981556, -1, -1, -1
725, 1, 3.138418, 364.020438, 207.096138, 351.512632, 0.655311, -1, -1, -1
726, 0, 716.817627, 12.174708, 131.525574, 342.562530, 0.984579, -1, -1, -1
726, 1, 2.896767, 362.484798, 207.728539, 353.753607, 0.685068, -1, -1, -1
727, 0, 715.644379, 16.247975, 132.543764, 336.054740, 0.983671, -1, -1, -1
727, 1, 2.815695, 361.887760, 207.959576, 354.442570, 0.695153, -1, -1, -1
728, 0, 715.555573, 16.219286, 132.645626, 335.868316, 0.983812, -1, -1, -1
728, 1, 2.742271, 362.033501, 208.112850, 354.494755, 0.697093, -1, -1, -1
729, 0, 709.982605, 18.125703, 135.105286, 333.208895, 0.989303, -1, -1, -1
729, 1, 2.912769, 361.424274, 208.011150, 355.198460, 0.706207, -1, -1, -1
730, 0, 706.011658, 27.362630, 138.155947, 321.807103, 0.984793, -1, -1, -1
730, 1, 2.800913, 362.734780, 208.226738, 353.545811, 0.705750, -1, -1, -1
731, 0, 706.853638, 27.828251, 137.590942, 320.743232, 0.982871, -1, -1, -1
731, 1, 1.735020, 362.126884, 208.899956, 354.890263, 0.757924, -1, -1, -1
732, 0, 704.575348, 28.926390, 138.114014, 321.623232, 0.977693, -1, -1, -1
732, 1, 1.991081, 362.437248, 208.576012, 354.144051, 0.728937, -1, -1, -1
733, 0, 704.564285, 29.249715, 138.264465, 321.202705, 0.978096, -1, -1, -1
733, 1, 1.833515, 362.538528, 208.489342, 353.510814, 0.738611, -1, -1, -1
734, 0, 699.440689, 27.443504, 141.999693, 324.210963, 0.981346, -1, -1, -1
734, 1, 2.195749, 362.628908, 207.481289, 353.914239, 0.710079, -1, -1, -1
