2 0 Car -1.000000 -1 -0.510734 281.532542 174.294767 320.726930 197.173940 2.034231 1.659722 4.031461 -26.913068 2.051331 62.823062 -10.000000 0.404298 
3 0 Car -1.000000 -1 -0.896159 274.594706 177.170140 324.403139 199.619862 1.895363 1.659722 4.031461 -26.506477 2.062849 61.602420 -10.000000 1.138710 
3 1 Car -1.000000 -1 -3.603843 308.989900 175.774871 338.074779 196.812100 1.795608 1.659722 4.031461 -25.360486 2.064408 63.924648 -10.000000 0.257478 
4 0 Car -1.000000 -1 -1.731687 267.726344 178.111764 313.030558 199.890136 1.847749 1.659722 4.031461 -26.554622 2.111459 59.904003 -10.000000 1.848217 
4 1 Car -1.000000 -1 -3.721088 303.390003 176.331971 334.037657 196.687421 1.812425 1.659722 4.031461 -25.329883 2.117030 62.727715 -10.000000 0.920912 
5 0 Car -1.000000 -1 -2.044861 259.563552 178.824543 303.727404 200.453903 1.759344 1.659722 4.031461 -26.395911 2.006265 57.844022 -10.000000 2.535311 
5 1 Car -1.000000 -1 -0.637309 300.042451 176.809176 326.202510 197.063807 1.716831 1.659722 4.031461 -25.268632 2.024026 61.468267 -10.000000 1.699031 
6 0 Car -1.000000 -1 -1.600836 249.604581 179.227249 296.158736 201.879241 1.735128 1.659722 4.031461 -26.199213 2.111961 55.990232 -10.000000 3.283758 
6 1 Car -1.000000 -1 -0.710633 293.090343 177.672059 320.532567 198.581538 1.712386 1.659722 4.031461 -25.257573 2.130887 60.066093 -10.000000 2.475006 
7 0 Car -1.000000 -1 -1.908010 239.320461 180.287168 288.733369 204.273841 1.770432 1.659722 4.031461 -25.358797 2.017443 52.886315 -10.000000 4.000588 
7 1 Car -1.000000 -1 -1.802462 285.144425 179.235243 314.203756 200.047900 1.707489 1.659722 4.031461 -25.140375 2.057122 58.411896 -10.000000 3.228482 
8 0 Car -1.000000 -1 -1.960317 228.206409 179.923634 281.288055 205.248072 1.779065 1.659722 4.031461 -24.455611 2.006765 49.710074 -10.000000 4.701692 
8 1 Car -1.000000 -1 -1.373297 274.637136 178.226808 304.225790 199.345795 1.665301 1.659722 4.031461 -25.198349 2.051111 56.653210 -10.000000 3.868817 
9 0 Car -1.000000 -1 -1.980519 218.053704 179.207869 273.057029 205.447454 1.750966 1.659722 4.031461 -24.047634 2.035801 47.561070 -10.000000 5.439856 
9 1 Car -1.000000 -1 -1.674604 265.346121 176.766439 294.915899 198.210188 1.646845 1.659722 4.031461 -25.196673 2.077827 55.293768 -10.000000 3.033329 
9 2 Car -1.000000 -1 -4.795923 819.297464 198.785255 1183.398462 370.400322 1.016776 1.659722 4.031461 3.110593 1.643197 5.708260 -10.000000 0.961826 
10 0 Car -1.000000 -1 -1.856525 207.131951 177.258881 252.516907 203.597323 1.702909 1.659722 4.031461 -24.130844 1.935538 45.651047 -10.000000 5.991493 
10 1 Car -1.000000 -1 -2.505255 265.558138 175.210408 291.059188 197.289378 1.638643 1.659722 4.031461 -24.935888 1.956692 54.503909 -10.000000 4.144636 
10 2 Car -1.000000 -1 -4.829255 803.534038 199.245010 1144.476399 361.929879 0.992513 1.659722 4.031461 3.064839 1.624887 5.949274 -10.000000 0.953860 
11 0 Car -1.000000 -1 -2.127317 193.523573 177.779165 247.547911 204.658037 1.651746 1.659722 4.031461 -23.834234 1.968123 44.340331 -10.000000 6.480488 
11 1 Car -1.000000 -1 -1.092008 250.814170 175.909178 285.429984 199.213467 1.676740 1.659722 4.031461 -25.108937 1.991911 52.903151 -10.000000 4.641096 
11 2 Car -1.000000 -1 -4.811952 788.289023 190.187715 1110.023835 350.250623 1.048284 1.659722 4.031461 3.017347 1.621910 6.255646 -10.000000 1.458103 
12 0 Car -1.000000 -1 -1.953393 191.047247 178.686759 242.555182 206.994446 1.656664 1.659722 4.031461 -22.967177 1.869251 42.271866 -10.000000 6.930184 
12 1 Car -1.000000 -1 -2.252656 239.996153 177.556079 279.599811 201.959730 1.715916 1.659722 4.031461 -24.519572 1.893545 50.480298 -10.000000 5.315649 
12 2 Car -1.000000 -1 -4.734236 773.170930 184.507517 1075.005617 334.645402 1.072952 1.659722 4.031461 3.058358 1.633600 6.695025 -10.000000 1.937905 
13 0 Car -1.000000 -1 -2.096954 176.249644 179.894668 238.834070 209.471570 1.667260 1.659722 4.031461 -22.390216 1.949624 40.062979 -10.000000 7.403423 
13 1 Car -1.000000 -1 -1.217596 234.240840 178.067938 272.716940 202.721562 1.694071 1.659722 4.031461 -24.317754 1.988305 49.194396 -10.000000 5.999503 
13 2 Car -1.000000 -1 -4.752597 759.120485 174.890173 1045.854850 319.984108 1.099370 1.659722 4.031461 3.072240 1.634295 7.059681 -10.000000 2.478092 
14 0 Car -1.000000 -1 -2.092954 160.755547 182.452315 227.703238 212.779642 1.637883 1.659722 4.031461 -22.021723 2.049008 38.101873 -10.000000 7.976634 
14 1 Car -1.000000 -1 -1.884220 222.630029 181.637634 266.407005 206.910818 1.667776 1.659722 4.031461 -23.801203 2.101804 46.785686 -10.000000 6.575256 
14 2 Car -1.000000 -1 -4.728036 750.789654 168.688434 1020.252643 307.812561 1.143180 1.659722 4.031461 3.080499 1.630593 7.415203 -10.000000 3.082770 
15 0 Car -1.000000 -1 -1.957171 147.043805 184.628490 215.211933 216.071527 1.601101 1.659722 4.031461 -21.798928 2.132712 36.670163 -10.000000 8.530861 
15 1 Car -1.000000 -1 -1.949526 211.173557 183.306399 258.841738 209.622092 1.648915 1.659722 4.031461 -23.370029 2.200551 44.977684 -10.000000 7.247113 
15 2 Car -1.000000 -1 -4.755364 748.505239 168.774598 1002.427179 303.150917 1.155478 1.659722 4.031461 3.052713 1.647730 7.676638 -10.000000 3.168609 
16 0 Car -1.000000 -1 -1.786373 130.615502 185.214640 202.915522 217.884683 1.592859 1.659722 4.031461 -21.766345 2.192955 35.468972 -10.000000 9.059591 
16 1 Car -1.000000 -1 -1.824722 198.916111 184.155862 250.652251 211.789797 1.650325 1.659722 4.031461 -23.259802 2.262500 43.634396 -10.000000 7.805622 
16 2 Car -1.000000 -1 -4.737250 746.153000 169.009355 985.708379 296.747371 1.160003 1.659722 4.031461 3.086465 1.638288 8.069339 -10.000000 3.191114 
17 0 Car -1.000000 -1 -2.083976 114.701336 182.771733 190.511605 216.419434 1.589951 1.659722 4.031461 -21.263090 2.027611 33.559611 -10.000000 9.618615 
17 1 Car -1.000000 -1 -2.021873 186.895849 181.381560 241.092010 210.461341 1.676175 1.659722 4.031461 -22.572361 2.073253 41.156383 -10.000000 8.398210 
17 2 Car -1.000000 -1 -4.760557 738.056521 168.028307 966.566439 289.315476 1.167360 1.659722 4.031461 3.099541 1.634971 8.499113 -10.000000 3.759406 
18 0 Car -1.000000 -1 -2.067594 96.795774 183.025083 176.057601 217.778530 1.558320 1.659722 4.031461 -20.888805 1.997775 31.906664 -10.000000 10.125151 
18 1 Car -1.000000 -1 -2.017936 174.096598 181.102374 230.672971 211.383338 1.666576 1.659722 4.031461 -21.948509 2.034504 38.912805 -10.000000 8.970971 
18 2 Car -1.000000 -1 -4.741437 735.441931 168.209083 953.122472 285.460625 1.183979 1.659722 4.031461 3.095949 1.628810 8.831683 -10.000000 3.782868 
19 0 Car -1.000000 -1 -2.150319 76.483662 183.480745 162.439752 219.923775 1.536802 1.659722 4.031461 -20.585798 1.996035 30.357206 -10.000000 10.626519 
19 1 Car -1.000000 -1 -2.049464 160.048323 181.682388 219.544133 213.188417 1.636858 1.659722 4.031461 -21.356260 2.027112 36.705809 -10.000000 9.518716 
19 2 Car -1.000000 -1 -4.749602 732.212959 171.631340 941.053495 283.397703 1.194253 1.659722 4.031461 3.099893 1.628636 9.178074 -10.000000 3.853541 
20 0 Car -1.000000 -1 -2.214686 54.725512 185.518112 146.901878 223.427186 1.525695 1.659722 4.031461 -20.018635 1.952615 28.470072 -10.000000 11.111419 
20 1 Car -1.000000 -1 -2.104674 145.409027 182.743197 206.832020 216.111348 1.619212 1.659722 4.031461 -20.631780 1.983290 34.380928 -10.000000 10.053577 
20 2 Car -1.000000 -1 -4.747409 726.681754 171.925546 926.007922 279.621820 1.202282 1.659722 4.031461 3.120064 1.637440 9.613154 -10.000000 4.487742 
21 0 Car -1.000000 -1 -2.205532 31.385320 186.888956 131.481891 226.678552 1.498206 1.659722 4.031461 -19.816575 1.992005 27.112238 -10.000000 11.553981 
21 1 Car -1.000000 -1 -2.081814 128.371388 183.412427 193.989758 217.915501 1.590777 1.659722 4.031461 -20.234150 2.025488 32.600724 -10.000000 10.559606 
21 2 Car -1.000000 -1 -4.752236 723.363736 171.138482 912.902621 275.555981 1.227503 1.659722 4.031461 3.125151 1.645893 9.978999 -10.000000 5.175368 
22 0 Car -1.000000 -1 -2.222668 4.811221 189.795989 112.105921 231.305159 1.483696 1.659722 4.031461 -19.672245 2.077919 25.789742 -10.000000 11.975751 
22 1 Car -1.000000 -1 -2.143503 111.153380 186.696513 179.920748 223.108003 1.565682 1.659722 4.031461 -19.881200 2.111989 30.969222 -10.000000 11.034907 
22 2 Car -1.000000 -1 -4.755711 720.158416 172.464227 900.095419 273.662095 1.244090 1.659722 4.031461 3.100080 1.655204 10.319322 -10.000000 5.838159 
23 0 Car -1.000000 -1 -2.148414 0.000000 188.205199 96.148660 231.842690 1.491177 1.659722 4.031461 -19.384297 1.942627 24.141569 -10.000000 12.361962 
23 1 Car -1.000000 -1 -2.140016 89.725910 185.282100 162.959179 223.650601 1.564941 1.659722 4.031461 -19.138206 1.973273 28.662296 -10.000000 11.495187 
23 2 Car -1.000000 -1 -4.751317 716.993240 174.912277 888.951557 272.674819 1.249089 1.659722 4.031461 3.112850 1.677558 10.713040 -10.000000 6.468137 
24 1 Car -1.000000 -1 -1.726204 66.555190 183.227538 119.550431 222.966662 1.521254 1.659722 4.031461 -19.288722 1.887228 26.810389 -10.000000 11.688420 
24 2 Car -1.000000 -1 -4.774973 712.231758 174.994558 878.426427 269.911526 1.262805 1.659722 4.031461 3.077164 1.666417 11.079432 -10.000000 7.087586 
25 1 Car -1.000000 -1 -2.096791 36.574654 183.216019 81.130695 224.388215 1.463115 1.659722 4.031461 -19.052154 1.830502 25.027778 -10.000000 9.739729 
25 2 Car -1.000000 -1 -4.763545 708.544455 173.995186 867.097946 266.704397 1.280876 1.659722 4.031461 3.035971 1.655355 11.372339 -10.000000 7.689101 
26 1 Car -1.000000 -1 -1.649864 0.000000 185.417624 44.530628 228.124358 1.412366 1.659722 4.031461 -18.807520 1.765357 23.249030 -10.000000 8.068456 
26 2 Car -1.000000 -1 -4.773691 705.460269 177.004183 856.859755 267.023445 1.286998 1.659722 4.031461 3.012896 1.668791 11.751258 -10.000000 8.264158 
27 2 Car -1.000000 -1 -4.768702 701.195655 179.193954 848.230202 266.916068 1.295362 1.659722 4.031461 2.997632 1.683557 12.108094 -10.000000 8.823678 
28 2 Car -1.000000 -1 -4.767338 697.611673 180.503990 838.927856 265.546783 1.302229 1.659722 4.031461 2.972359 1.707689 12.589514 -10.000000 9.343989 
29 2 Car -1.000000 -1 -4.767848 693.054554 180.387921 828.145266 262.780126 1.315099 1.659722 4.031461 2.920202 1.720561 13.012535 -10.000000 9.849912 
30 2 Car -1.000000 -1 -4.772272 687.898203 179.126477 817.012586 259.047248 1.326885 1.659722 4.031461 2.850708 1.709385 13.395641 -10.000000 10.328096 
31 2 Car -1.000000 -1 -4.781554 682.482987 178.152163 806.889337 256.119928 1.333873 1.659722 4.031461 2.759550 1.686162 13.702566 -10.000000 10.770179 
32 2 Car -1.000000 -1 -4.763200 677.530081 179.788496 797.234908 254.480090 1.325180 1.659722 4.031461 2.716089 1.691111 14.229764 -10.000000 11.201091 
33 2 Car -1.000000 -1 -4.774423 672.328162 180.163436 787.046412 252.854650 1.326449 1.659722 4.031461 2.631548 1.691997 14.660470 -10.000000 11.635003 
34 2 Car -1.000000 -1 -4.756809 666.907693 179.037659 776.573639 250.220986 1.341780 1.659722 4.031461 2.538250 1.696212 15.078319 -10.000000 12.033122 
35 2 Car -1.000000 -1 -4.779391 660.225280 178.998400 766.600660 248.268996 1.352916 1.659722 4.031461 2.394863 1.694372 15.479788 -10.000000 12.417953 
36 2 Car -1.000000 -1 -4.761314 654.017280 178.335499 756.308439 245.607473 1.352003 1.659722 4.031461 2.296738 1.676085 15.995372 -10.000000 12.776505 
37 2 Car -1.000000 -1 -4.786125 648.066810 178.716560 746.529353 243.901843 1.356094 1.659722 4.031461 2.160426 1.673874 16.353117 -10.000000 13.130390 
37 4 Car -1.000000 -1 -4.816007 845.567073 173.819914 1242.000000 375.000000 1.246260 1.659722 4.031461 3.433871 1.619214 5.603526 -10.000000 1.520888 
38 2 Car -1.000000 -1 -4.778676 642.062561 179.857765 736.767940 244.158931 1.360465 1.659722 4.031461 1.976966 1.682820 16.673251 -10.000000 13.494245 
38 4 Car -1.000000 -1 -4.806593 845.755100 182.540787 1242.000000 375.000000 1.250897 1.659722 4.031461 3.393514 1.619105 5.160561 -10.000000 2.082308 
39 2 Car -1.000000 -1 -4.770988 634.382975 179.807448 725.832589 242.257976 1.362133 1.659722 4.031461 1.824758 1.681639 17.188461 -10.000000 13.838363 
39 4 Car -1.000000 -1 -4.769552 829.211861 183.898901 1203.640224 375.000000 1.245054 1.659722 4.031461 3.192110 1.617966 5.128850 -10.000000 2.002428 
40 2 Car -1.000000 -1 -4.786129 627.690403 180.727267 716.028207 241.542888 1.364860 1.659722 4.031461 1.670492 1.688439 17.620286 -10.000000 14.173895 
40 4 Car -1.000000 -1 -4.838942 808.328040 186.239755 1153.790605 375.000000 1.240018 1.659722 4.031461 2.887489 1.620798 5.152965 -10.000000 2.091379 
41 2 Car -1.000000 -1 -4.768606 621.229462 180.885718 707.025427 239.900217 1.364202 1.659722 4.031461 1.506130 1.697413 18.001493 -10.000000 14.495016 
41 4 Car -1.000000 -1 -4.892102 788.269074 187.792956 1103.672576 375.000000 1.226737 1.659722 4.031461 2.654662 1.612420 5.231844 -10.000000 2.035643 
42 2 Car -1.000000 -1 -4.781279 615.105116 182.266733 698.571341 240.598719 1.368477 1.659722 4.031461 1.309165 1.725293 18.352021 -10.000000 14.827301 
42 4 Car -1.000000 -1 -4.854514 765.939048 188.884356 1058.369705 371.206955 1.195709 1.659722 4.031461 2.444049 1.623511 5.419082 -10.000000 1.996953 
43 2 Car -1.000000 -1 -4.772991 607.771426 181.244782 689.694494 238.283509 1.375021 1.659722 4.031461 1.131716 1.724411 18.783108 -10.000000 15.134500 
43 4 Car -1.000000 -1 -4.800374 714.548853 170.683125 987.518300 341.911666 1.196522 1.659722 4.031461 2.315685 1.629690 6.474552 -10.000000 2.014404 
43 6 Car -1.000000 -1 -0.361818 299.241768 181.015992 322.451338 198.580634 1.896262 1.659722 4.031461 -32.526316 2.724243 78.393964 -10.000000 0.326074 
43 5 Car -1.000000 -1 -5.451090 320.560942 180.471009 347.185032 196.381051 1.692326 1.659722 4.031461 -29.746477 2.667897 77.968585 -10.000000 1.810336 
44 2 Car -1.000000 -1 -4.789236 601.737258 181.639318 682.280746 237.398362 1.375695 1.659722 4.031461 0.959354 1.733634 19.057801 -10.000000 15.425360 
44 4 Car -1.000000 -1 -4.769511 691.341708 162.796644 947.741357 327.714715 1.224632 1.659722 4.031461 2.200311 1.637627 6.851924 -10.000000 2.560268 
44 6 Car -1.000000 -1 -0.716498 288.265959 182.667184 314.827915 199.742408 1.832153 1.659722 4.031461 -32.879728 2.782231 76.960174 -10.000000 0.942331 
44 5 Car -1.000000 -1 -5.388875 313.153957 181.328687 340.556972 197.495102 1.700471 1.659722 4.031461 -30.061491 2.721754 76.842372 -10.000000 2.582492 
45 2 Car -1.000000 -1 -4.783843 596.327103 182.251871 673.090556 236.716307 1.368988 1.659722 4.031461 0.770287 1.729897 19.454771 -10.000000 15.724695 
45 4 Car -1.000000 -1 -4.765954 671.873692 158.611953 909.273771 315.607430 1.262143 1.659722 4.031461 2.068618 1.640075 7.247980 -10.000000 3.122947 
45 6 Car -1.000000 -1 -0.647978 281.830910 181.419639 307.822575 199.604678 1.811468 1.659722 4.031461 -33.037591 2.783333 75.764335 -10.000000 1.460338 
45 5 Car -1.000000 -1 -5.223387 307.798394 180.810016 334.967344 197.283624 1.703506 1.659722 4.031461 -30.311826 2.721102 75.843363 -10.000000 3.349197 
46 2 Car -1.000000 -1 -4.782507 591.124996 182.931749 665.856512 236.227836 1.366200 1.659722 4.031461 0.616299 1.761292 19.837642 -10.000000 16.025104 
46 6 Car -1.000000 -1 -1.100101 273.083879 183.193815 301.748655 200.738119 1.847252 1.659722 4.031461 -33.264870 2.771853 74.258635 -10.000000 2.054145 
46 4 Car -1.000000 -1 -4.752535 662.207402 157.362700 880.196035 306.387905 1.275342 1.659722 4.031461 1.987086 1.657983 7.708314 -10.000000 3.094087 
46 5 Car -1.000000 -1 -5.431288 300.517691 181.738720 330.308887 198.503591 1.711695 1.659722 4.031461 -30.532567 2.721650 74.846516 -10.000000 4.046288 
47 2 Car -1.000000 -1 -4.793698 586.284710 184.175089 659.476172 236.686162 1.368999 1.659722 4.031461 0.455941 1.769825 20.072088 -10.000000 16.315550 
47 6 Car -1.000000 -1 -1.564525 263.188555 184.436417 296.044718 202.754308 1.789316 1.659722 4.031461 -33.363962 2.937070 72.819758 -10.000000 2.747008 
47 5 Car -1.000000 -1 -5.133564 294.186406 182.702442 324.652855 199.594430 1.711313 1.659722 4.031461 -30.787514 2.878467 73.976324 -10.000000 4.812999 
47 4 Car -1.000000 -1 -4.783520 653.366064 157.798887 859.154106 301.288864 1.304548 1.659722 4.031461 1.843711 1.663556 7.944661 -10.000000 3.289683 
48 2 Car -1.000000 -1 -4.787772 581.420583 185.988397 653.213524 237.667761 1.366636 1.659722 4.031461 0.291737 1.813859 20.258441 -10.000000 16.612344 
48 6 Car -1.000000 -1 -1.196565 256.484607 183.881993 290.115828 202.412904 1.840039 1.659722 4.031461 -33.446297 2.874938 71.539001 -10.000000 2.071222 
48 5 Car -1.000000 -1 -5.405152 288.408997 182.622143 317.700108 199.324135 1.690947 1.659722 4.031461 -31.112165 2.840231 73.103498 -10.000000 5.490908 
48 4 Car -1.000000 -1 -4.748663 639.387753 161.218911 833.553616 299.609857 1.317395 1.659722 4.031461 1.723020 1.695353 8.375456 -10.000000 3.867499 
49 2 Car -1.000000 -1 -4.787642 577.034465 183.660893 646.888670 234.577692 1.360584 1.659722 4.031461 0.135635 1.800593 20.871080 -10.000000 16.906800 
49 6 Car -1.000000 -1 -1.605881 249.489342 182.215107 282.187041 201.521889 1.829919 1.659722 4.031461 -33.386651 2.681179 69.899860 -10.000000 3.357204 
49 5 Car -1.000000 -1 -5.364905 282.755643 181.238427 312.004958 198.190294 1.672095 1.659722 4.031461 -31.315556 2.663779 72.120780 -10.000000 6.124062 
49 4 Car -1.000000 -1 -4.779224 631.165136 160.422552 815.822926 292.882232 1.332967 1.659722 4.031461 1.612113 1.691660 8.759148 -10.000000 3.926014 
50 2 Car -1.000000 -1 -4.780599 574.227558 181.604839 641.467527 230.981857 1.364454 1.659722 4.031461 0.016469 1.734064 21.492032 -10.000000 17.178185 
50 6 Car -1.000000 -1 -1.530755 241.287011 178.828476 275.608309 198.565505 1.845026 1.659722 4.031461 -33.323692 2.460110 68.223475 -10.000000 3.984000 
50 5 Car -1.000000 -1 -5.806388 276.716825 178.434214 301.949040 196.032328 1.691464 1.659722 4.031461 -31.664536 2.441264 70.988715 -10.000000 6.602731 
50 4 Car -1.000000 -1 -4.763393 623.498163 158.400911 796.455091 286.585902 1.356781 1.659722 4.031461 1.507128 1.666709 9.126118 -10.000000 4.592027 
51 2 Car -1.000000 -1 -4.801811 569.723717 178.750543 634.996002 226.756763 1.366586 1.659722 4.031461 -0.161581 1.651905 21.776365 -10.000000 17.421531 
51 6 Car -1.000000 -1 -1.802212 233.708911 178.890250 269.853976 198.587995 1.821938 1.659722 4.031461 -33.138176 2.355301 66.796869 -10.000000 4.622359 
51 5 Car -1.000000 -1 -4.910625 270.709598 177.349984 301.461677 194.862503 1.698912 1.659722 4.031461 -31.622164 2.318910 70.578468 -10.000000 7.055838 
51 4 Car -1.000000 -1 -4.754798 620.521043 155.713815 782.703791 279.585362 1.373313 1.659722 4.031461 1.437037 1.624777 9.533221 -10.000000 4.663635 
51 7 Pedestrian -1.000000 -1 -4.361750 133.707287 170.722906 148.575488 198.340330 2.453835 0.667334 0.902490 -39.914139 2.509957 61.435105 -10.000000 0.118790 
52 2 Car -1.000000 -1 -4.773350 567.114026 178.898128 631.618249 226.103426 1.361358 1.659722 4.031461 -0.264722 1.638244 22.195040 -10.000000 17.691047 
52 6 Car -1.000000 -1 -1.738865 223.581079 180.424459 265.141617 200.728645 1.806032 1.659722 4.031461 -32.731140 2.323413 64.464976 -10.000000 5.235398 
52 5 Car -1.000000 -1 -5.547894 266.168729 177.674871 300.632069 195.658246 1.696407 1.659722 4.031461 -31.642718 2.293242 69.885558 -10.000000 7.647304 
52 4 Car -1.000000 -1 -4.779705 613.783811 154.779159 766.312264 274.044810 1.395877 1.659722 4.031461 1.309512 1.615834 9.878099 -10.000000 5.336048 
53 2 Car -1.000000 -1 -4.818662 563.827567 178.837579 625.543024 224.947660 1.359335 1.659722 4.031461 -0.418888 1.633810 22.590505 -10.000000 17.970456 
53 6 Car -1.000000 -1 -1.726275 210.544086 181.069488 253.424467 202.228511 1.814630 1.659722 4.031461 -32.460339 2.323575 61.709582 -10.000000 5.757754 
53 5 Car -1.000000 -1 -4.631883 263.732246 178.020365 296.746130 196.458800 1.725883 1.659722 4.031461 -31.516484 2.292415 68.938904 -10.000000 8.173656 
53 4 Car -1.000000 -1 -4.762716 605.239097 156.350588 751.287806 271.806242 1.406256 1.659722 4.031461 1.189546 1.612570 10.279135 -10.000000 5.974446 
54 2 Car -1.000000 -1 -4.793306 560.189847 181.613560 619.882141 226.302951 1.348557 1.659722 4.031461 -0.587905 1.683954 23.100963 -10.000000 18.220494 
54 6 Car -1.000000 -1 -1.722858 200.067041 185.255603 242.702480 206.860982 1.813946 1.659722 4.031461 -32.429803 2.559163 60.162238 -10.000000 4.653357 
54 5 Car -1.000000 -1 -5.183281 255.586327 180.938961 292.261589 199.503956 1.732319 1.659722 4.031461 -31.784288 2.550031 68.223367 -10.000000 8.671306 
54 4 Car -1.000000 -1 -4.779663 597.594515 160.127140 738.003042 271.437779 1.419326 1.659722 4.031461 1.081491 1.627832 10.681226 -10.000000 6.605781 
55 2 Car -1.000000 -1 -4.797566 557.907030 182.378752 614.295003 226.382120 1.346608 1.659722 4.031461 -0.705785 1.745092 23.585985 -10.000000 18.479489 
55 6 Car -1.000000 -1 -1.808655 189.866285 185.440576 241.790065 207.805120 1.795310 1.659722 4.031461 -31.996773 2.644458 58.586027 -10.000000 5.964706 
55 5 Car -1.000000 -1 -5.127160 248.426383 182.696049 287.487540 201.600691 1.731808 1.659722 4.031461 -32.142625 2.680258 67.780975 -10.000000 9.178406 
55 4 Car -1.000000 -1 -4.774504 591.965344 163.012039 726.558618 270.016909 1.428467 1.659722 4.031461 0.982807 1.659485 11.103521 -10.000000 7.219851 
56 2 Car -1.000000 -1 -4.807074 556.939173 183.297517 609.564848 226.519781 1.354555 1.659722 4.031461 -0.847617 1.779173 24.054522 -10.000000 18.736092 
56 6 Car -1.000000 -1 -1.755080 177.331058 184.430194 235.478443 208.256277 1.831657 1.659722 4.031461 -31.554198 2.649199 56.300083 -10.000000 6.553154 
56 5 Car -1.000000 -1 -5.512260 240.604547 182.922677 282.339327 202.525767 1.762444 1.659722 4.031461 -32.338416 2.718784 66.835406 -10.000000 9.713608 
56 4 Car -1.000000 -1 -4.772549 586.880508 165.679722 715.731687 268.389070 1.430717 1.659722 4.031461 0.879031 1.678077 11.543714 -10.000000 7.801491 
57 2 Car -1.000000 -1 -4.798867 554.214306 183.317350 604.987267 226.328217 1.367354 1.659722 4.031461 -0.962472 1.810397 24.351219 -10.000000 18.966552 
57 6 Car -1.000000 -1 -2.408129 178.234512 184.232281 229.143522 209.174426 1.865190 1.659722 4.031461 -30.694477 2.703541 54.748312 -10.000000 6.983864 
57 5 Car -1.000000 -1 -5.195287 236.067777 183.177938 278.204960 203.125636 1.790991 1.659722 4.031461 -32.405464 2.815245 66.289648 -10.000000 10.281828 
57 4 Car -1.000000 -1 -4.775565 583.493138 167.532062 706.042610 267.218721 1.444460 1.659722 4.031461 0.781457 1.692024 11.854141 -10.000000 8.391534 
58 2 Car -1.000000 -1 -4.804281 553.034553 182.182974 603.263166 224.825844 1.378789 1.659722 4.031461 -1.049145 1.799957 24.811381 -10.000000 19.196648 
58 6 Car -1.000000 -1 -1.878908 175.238150 182.135850 224.004215 207.854172 1.877327 1.659722 4.031461 -30.445602 2.654083 53.595781 -10.000000 7.558754 
58 5 Car -1.000000 -1 -5.298625 232.607466 182.186999 274.696150 202.106593 1.788972 1.659722 4.031461 -32.746936 2.781368 66.303814 -10.000000 10.814081 
58 4 Car -1.000000 -1 -4.783832 580.387127 166.904110 696.937344 264.534080 1.454501 1.659722 4.031461 0.676174 1.686928 12.238029 -10.000000 8.952966 
59 2 Car -1.000000 -1 -4.829381 551.436010 181.043729 600.030164 222.748965 1.382848 1.659722 4.031461 -1.164700 1.788702 25.240088 -10.000000 19.403425 
59 6 Car -1.000000 -1 -2.169278 164.662500 181.765579 219.344450 208.919281 1.910523 1.659722 4.031461 -30.066153 2.634455 51.778754 -10.000000 8.095805 
59 5 Car -1.000000 -1 -5.231175 228.150886 181.726380 271.375675 201.709193 1.786166 1.659722 4.031461 -33.185145 2.785715 66.330515 -10.000000 11.343207 
59 4 Car -1.000000 -1 -4.785797 578.489744 167.302947 690.781139 262.070086 1.467793 1.659722 4.031461 0.604484 1.680401 12.601779 -10.000000 9.491959 
60 2 Car -1.000000 -1 -4.805810 551.418595 182.121780 597.880742 222.933350 1.377471 1.659722 4.031461 -1.233234 1.816744 25.829274 -10.000000 19.623938 
60 6 Car -1.000000 -1 -4.481838 160.797110 181.411861 213.356110 209.180000 1.929011 1.659722 4.031461 -29.894766 2.646628 50.980625 -10.000000 8.650183 
60 5 Car -1.000000 -1 -5.194749 223.990701 181.288109 268.317727 201.393997 1.795157 1.659722 4.031461 -33.629650 2.837090 66.616580 -10.000000 11.834504 
60 4 Car -1.000000 -1 -4.789066 577.221288 169.482890 685.019664 261.679415 1.473310 1.659722 4.031461 0.547845 1.689773 12.946624 -10.000000 10.018887 
61 2 Car -1.000000 -1 -4.836766 550.741080 184.034337 594.907948 224.017658 1.379456 1.659722 4.031461 -1.325496 1.859416 26.260337 -10.000000 19.854367 
61 6 Car -1.000000 -1 -1.537807 152.219327 182.245992 206.807078 210.516764 1.925097 1.659722 4.031461 -29.895945 2.667494 50.107037 -10.000000 9.209606 
61 5 Car -1.000000 -1 -5.283192 218.996536 181.705380 264.200586 201.888290 1.808858 1.659722 4.031461 -34.186088 2.902731 66.827806 -10.000000 12.339289 
61 4 Car -1.000000 -1 -4.789223 574.986595 171.283267 679.746392 261.353423 1.480778 1.659722 4.031461 0.487429 1.708546 13.257135 -10.000000 10.530016 
62 2 Car -1.000000 -1 -4.816930 549.631901 183.584309 590.870143 223.259667 1.386318 1.659722 4.031461 -1.421496 1.839169 26.624048 -10.000000 20.066389 
62 6 Car -1.000000 -1 -5.309855 141.850049 180.239495 198.127437 208.596386 1.915101 1.659722 4.031461 -29.885059 2.511813 49.067102 -10.000000 9.804756 
62 5 Car -1.000000 -1 -5.264781 211.925743 179.993967 258.561566 200.237020 1.820096 1.659722 4.031461 -34.739628 2.733013 66.815665 -10.000000 12.832321 
62 4 Car -1.000000 -1 -4.789282 571.769877 171.529970 672.507522 258.626883 1.479695 1.659722 4.031461 0.395561 1.708658 13.742322 -10.000000 11.001238 
63 2 Car -1.000000 -1 -4.809146 548.132980 182.838017 588.872225 222.610995 1.402345 1.659722 4.031461 -1.489818 1.847545 27.071205 -10.000000 20.217121 
63 6 Car -1.000000 -1 -6.151953 130.122148 180.401194 188.298882 209.320170 1.894959 1.659722 4.031461 -29.853109 2.490266 47.823104 -10.000000 10.377939 
63 5 Car -1.000000 -1 -5.301259 203.718556 179.876219 252.456447 200.494312 1.836494 1.659722 4.031461 -35.371230 2.728967 66.778121 -10.000000 13.309319 
63 4 Car -1.000000 -1 -4.788707 569.141595 172.290295 666.015573 256.712156 1.482362 1.659722 4.031461 0.305790 1.718590 14.172618 -10.000000 11.459578 
64 2 Car -1.000000 -1 -4.816074 546.766898 181.746507 587.082098 221.230905 1.422162 1.659722 4.031461 -1.578232 1.848065 27.361429 -10.000000 20.378313 
64 6 Car -1.000000 -1 -5.814053 116.241996 180.160692 178.425409 210.014774 1.895889 1.659722 4.031461 -30.040964 2.490599 46.877786 -10.000000 10.912332 
64 5 Car -1.000000 -1 -5.314891 194.547838 179.705326 246.105856 200.516255 1.860742 1.659722 4.031461 -36.059213 2.742595 66.833063 -10.000000 13.773164 
64 4 Car -1.000000 -1 -4.801947 565.885763 171.899988 660.012105 255.010928 1.498831 1.659722 4.031461 0.193547 1.722381 14.468158 -10.000000 11.911721 
65 2 Car -1.000000 -1 -4.839146 545.676549 185.753255 580.112619 223.513689 1.406174 1.659722 4.031461 -1.816868 1.915917 27.881111 -10.000000 20.496374 
65 6 Car -1.000000 -1 -0.048503 101.090502 185.373909 167.747620 215.547419 1.897737 1.659722 4.031461 -30.229801 2.683211 45.893813 -10.000000 11.400396 
65 5 Car -1.000000 -1 -5.382180 186.611890 183.279088 239.862302 205.138105 1.907427 1.659722 4.031461 -36.567667 3.004182 66.427906 -10.000000 14.187313 
65 4 Car -1.000000 -1 -4.790138 562.288894 174.709409 654.299185 255.825252 1.507771 1.659722 4.031461 0.096077 1.758126 14.968107 -10.000000 12.339784 
66 2 Car -1.000000 -1 -4.811823 544.230481 189.432340 576.740453 226.656513 1.386162 1.659722 4.031461 -1.905772 2.041656 28.288975 -10.000000 20.675816 
66 6 Car -1.000000 -1 -5.676097 86.967142 189.897448 156.772390 220.520283 1.881785 1.659722 4.031461 -30.510163 2.909608 45.085594 -10.000000 11.841530 
66 5 Car -1.000000 -1 -5.392247 177.720724 187.779195 232.799151 209.685895 1.955494 1.659722 4.031461 -37.008590 3.326101 65.907651 -10.000000 14.618871 
66 4 Car -1.000000 -1 -4.803458 560.461358 179.286981 648.878393 257.808558 1.515135 1.659722 4.031461 0.010644 1.831074 15.343520 -10.000000 12.760150 
67 2 Car -1.000000 -1 -4.863902 543.590462 191.001914 573.383214 228.086269 1.397262 1.659722 4.031461 -1.996773 2.109969 28.480620 -10.000000 20.865183 
67 6 Car -1.000000 -1 -0.507307 72.719613 191.832036 144.693776 223.146707 1.880305 1.659722 4.031461 -30.355562 3.033143 43.734624 -10.000000 12.350312 
67 5 Car -1.000000 -1 -5.845536 167.191584 189.896857 225.579297 212.330114 1.958572 1.659722 4.031461 -37.016569 3.503208 64.481892 -10.000000 14.996403 
67 4 Car -1.000000 -1 -4.791293 558.232242 180.460348 644.170008 257.216879 1.516625 1.659722 4.031461 -0.056362 1.873664 15.701183 -10.000000 13.167205 
68 2 Car -1.000000 -1 -4.826283 542.504871 185.744634 570.499097 223.212496 1.413968 1.659722 4.031461 -2.089082 2.007634 28.677520 -10.000000 21.026373 
68 6 Car -1.000000 -1 -5.942993 56.308347 188.266260 132.549254 220.567012 1.879281 1.659722 4.031461 -30.403101 2.862682 42.564833 -10.000000 12.816946 
68 5 Car -1.000000 -1 -6.009415 156.426874 184.479680 217.295489 208.074014 1.993361 1.659722 4.031461 -36.997497 3.248075 63.067862 -10.000000 15.343514 
68 4 Car -1.000000 -1 -4.809962 556.085834 176.687898 639.767070 252.541904 1.529171 1.659722 4.031461 -0.162232 1.822108 15.926122 -10.000000 13.561541 
69 2 Car -1.000000 -1 -4.815224 541.716159 180.146837 568.987774 216.153895 1.407429 1.659722 4.031461 -2.178758 1.835287 29.329858 -10.000000 21.126113 
69 6 Car -1.000000 -1 -1.950260 39.156844 182.996275 118.968608 216.628771 1.891597 1.659722 4.031461 -30.137813 2.594965 41.039631 -10.000000 13.238997 
69 5 Car -1.000000 -1 -0.918212 145.560437 179.315740 208.266759 203.914893 2.041247 1.659722 4.031461 -37.089835 2.865648 61.880151 -10.000000 15.685116 
69 4 Car -1.000000 -1 -4.791405 553.726371 171.356462 635.766487 245.241524 1.528607 1.659722 4.031461 -0.238711 1.726969 16.328269 -10.000000 13.925650 
70 2 Car -1.000000 -1 -4.858119 539.457334 179.342170 565.360173 214.171017 1.380697 1.659722 4.031461 -2.373274 1.741845 29.958443 -10.000000 21.306410 
70 6 Car -1.000000 -1 -0.214386 16.945110 180.131579 104.472462 214.650208 1.891414 1.659722 4.031461 -30.413436 2.439019 39.933356 -10.000000 13.622912 
70 5 Car -1.000000 -1 -1.575917 133.458455 177.624574 200.330584 203.148570 2.079362 1.659722 4.031461 -36.844747 2.621691 59.879971 -10.000000 16.011839 
70 4 Car -1.000000 -1 -4.819152 552.285671 170.281026 631.389764 242.360498 1.525185 1.659722 4.031461 -0.333176 1.674994 16.724354 -10.000000 14.293219 
71 2 Car -1.000000 -1 -4.793238 538.512463 179.973972 564.236893 215.007714 1.390641 1.659722 4.031461 -2.380259 1.743085 30.210615 -10.000000 21.386733 
71 6 Car -1.000000 -1 -1.927716 0.000000 182.204042 88.940299 217.340259 1.874922 1.659722 4.031461 -30.373495 2.449025 38.832668 -10.000000 14.041802 
71 5 Car -1.000000 -1 -0.764904 122.167029 179.610251 178.217487 205.300727 2.068728 1.659722 4.031461 -37.244938 2.646968 58.211740 -10.000000 16.284600 
71 4 Car -1.000000 -1 -4.802228 550.944064 172.726050 627.137857 242.749842 1.523191 1.659722 4.031461 -0.412553 1.675505 17.031885 -10.000000 14.671706 
72 2 Car -1.000000 -1 -4.847114 539.205593 181.300609 563.772367 216.429757 1.414671 1.659722 4.031461 -2.449764 1.811942 30.716060 -10.000000 21.520731 
72 6 Car -1.000000 -1 -0.513643 0.000000 183.312175 75.740355 220.705407 1.895249 1.659722 4.031461 -30.308329 2.483865 37.516161 -10.000000 14.371157 
72 5 Car -1.000000 -1 -1.559250 108.634903 181.791157 175.577970 207.985968 2.032375 1.659722 4.031461 -37.224098 2.720509 57.520720 -10.000000 16.458501 
72 4 Car -1.000000 -1 -4.807530 549.258043 175.272406 623.863026 244.082841 1.518034 1.659722 4.031461 -0.470889 1.715196 17.378084 -10.000000 15.039161 
73 2 Car -1.000000 -1 -4.827886 539.437607 183.130879 560.943907 218.001479 1.432231 1.659722 4.031461 -2.536446 1.889216 30.810420 -10.000000 21.660614 
73 5 Car -1.000000 -1 -1.606221 104.156073 183.017998 170.572817 210.464489 2.063798 1.659722 4.031461 -36.504876 2.838627 55.920859 -10.000000 16.685107 
73 4 Car -1.000000 -1 -4.811724 548.377789 176.710282 622.642841 244.920553 1.530660 1.659722 4.031461 -0.525470 1.757927 17.647161 -10.000000 15.416824 
74 2 Car -1.000000 -1 -4.833929 539.129704 182.902781 559.255725 217.453547 1.430090 1.659722 4.031461 -2.627445 1.911303 31.394052 -10.000000 21.839725 
74 5 Car -1.000000 -1 -1.951200 88.365964 182.127014 162.211430 211.454398 2.130199 1.659722 4.031461 -35.682654 2.770386 53.039797 -10.000000 16.912892 
74 4 Car -1.000000 -1 -4.809287 547.350666 176.684531 621.003194 243.178604 1.532145 1.659722 4.031461 -0.583692 1.772604 17.972667 -10.000000 15.765899 
75 2 Car -1.000000 -1 -4.837974 540.271095 182.141514 558.994083 214.922476 1.410991 1.659722 4.031461 -2.660021 1.867409 32.231955 -10.000000 21.813743 
75 5 Car -1.000000 -1 -2.062508 69.658171 179.783874 153.647038 209.810440 2.133544 1.659722 4.031461 -35.379618 2.609317 51.167383 -10.000000 17.226788 
75 4 Car -1.000000 -1 -4.821710 546.811316 176.354972 618.507054 241.331113 1.522575 1.659722 4.031461 -0.639137 1.750951 18.150698 -10.000000 16.095012 
76 2 Car -1.000000 -1 -4.824336 541.989116 182.062620 559.805275 214.333735 1.394459 1.659722 4.031461 -2.619716 1.880136 32.760733 -10.000000 21.829020 
76 5 Car -1.000000 -1 -1.907608 53.870734 180.020488 144.379142 211.331558 2.112728 1.659722 4.031461 -34.995199 2.657129 49.384954 -10.000000 17.554286 
76 4 Car -1.000000 -1 -4.815161 546.196711 176.991206 617.500580 241.953323 1.524111 1.659722 4.031461 -0.647292 1.755391 18.248669 -10.000000 16.420583 
77 2 Car -1.000000 -1 -4.819916 545.312844 183.162541 561.448630 213.938890 1.383942 1.659722 4.031461 -2.600999 1.888290 33.192008 -10.000000 21.843432 
77 5 Car -1.000000 -1 -1.638507 37.668205 179.497747 132.988044 211.950134 2.122986 1.659722 4.031461 -34.851967 2.617790 47.896203 -10.000000 17.887344 
77 4 Car -1.000000 -1 -4.815146 548.137668 177.722942 617.951306 241.651907 1.524294 1.659722 4.031461 -0.630190 1.758569 18.439222 -10.000000 16.743542 
78 2 Car -1.000000 -1 -4.827294 546.016350 184.896001 561.223782 214.659989 1.346341 1.659722 4.031461 -2.625149 1.905845 33.572563 -10.000000 21.930788 
78 5 Car -1.000000 -1 -1.829431 20.094841 179.972135 121.381572 213.689601 2.131993 1.659722 4.031461 -34.516711 2.560165 46.178076 -10.000000 18.196267 
78 4 Car -1.000000 -1 -4.824980 549.295945 178.669775 617.027277 242.034568 1.518425 1.659722 4.031461 -0.649335 1.768725 18.435823 -10.000000 17.068992 
79 2 Car -1.000000 -1 -4.811967 547.243625 183.141946 563.598602 212.482860 1.331469 1.659722 4.031461 -2.562924 1.904404 34.491790 -10.000000 21.948524 
79 5 Car -1.000000 -1 -1.433902 2.726264 178.324456 109.682865 213.071077 2.131830 1.659722 4.031461 -34.391046 2.520327 44.767699 -10.000000 18.515141 
79 4 Car -1.000000 -1 -4.818122 549.325574 178.121709 616.856022 240.548255 1.506211 1.659722 4.031461 -0.690861 1.767045 18.950690 -10.000000 17.389795 
80 2 Car -1.000000 -1 -4.840007 549.344779 182.051322 566.196790 211.029982 1.337760 1.659722 4.031461 -2.516430 1.889586 34.982517 -10.000000 18.539200 
80 5 Car -1.000000 -1 -1.528078 0.000000 177.226541 99.228312 214.701094 2.161002 1.659722 4.031461 -34.400832 2.468810 43.596736 -10.000000 18.777419 
80 4 Car -1.000000 -1 -4.843214 548.798821 176.891533 615.863358 238.089812 1.511652 1.659722 4.031461 -0.727727 1.761355 19.211078 -10.000000 17.722853 
80 9 Car -1.000000 -1 -1.175198 203.275370 163.246954 274.870019 200.089686 3.390191 1.659722 4.031461 -35.077591 2.633154 68.060208 -10.000000 3.069303 
81 2 Car -1.000000 -1 -4.809685 551.519614 182.072427 568.371625 210.841780 1.347564 1.659722 4.031461 -2.442457 1.861150 35.471211 -10.000000 15.615229 
81 5 Car -1.000000 -1 -1.104772 0.000000 175.791639 83.906229 214.022608 2.170369 1.659722 4.031461 -34.395328 2.425758 42.438558 -10.000000 19.026213 
81 4 Car -1.000000 -1 -4.822697 550.179681 177.317937 615.707330 237.549350 1.512344 1.659722 4.031461 -0.690397 1.747367 19.412919 -10.000000 17.994668 
81 9 Car -1.000000 -1 -1.395004 182.590938 160.959824 260.088435 200.343867 3.379940 1.659722 4.031461 -35.164963 2.557921 65.046900 -10.000000 3.638062 
82 2 Car -1.000000 -1 -4.823638 553.607032 183.186326 570.459043 211.748114 1.357428 1.659722 4.031461 -2.357226 1.895678 35.966438 -10.000000 13.107516 
82 5 Car -1.000000 -1 -0.577273 0.000000 176.001160 64.562179 214.743603 2.175931 1.659722 4.031461 -34.393534 2.377973 41.284725 -10.000000 19.228045 
82 4 Car -1.000000 -1 -4.847627 551.502560 178.532984 617.264213 238.863422 1.519205 1.659722 4.031461 -0.686188 1.768682 19.484629 -10.000000 18.309075 
82 9 Car -1.000000 -1 -1.216691 166.175680 162.061082 245.487956 202.014309 3.544575 1.659722 4.031461 -35.246701 2.527252 63.135440 -10.000000 2.835425 
83 2 Car -1.000000 -1 -4.823638 556.150741 183.841307 573.002752 212.203198 1.367064 1.659722 4.031461 -2.267424 1.934745 36.453630 -10.000000 10.956803 
83 4 Car -1.000000 -1 -4.812706 552.868597 179.447114 617.497080 239.409734 1.525291 1.659722 4.031461 -0.642914 1.791204 19.625367 -10.000000 18.622730 
83 9 Car -1.000000 -1 -1.352514 151.921746 162.790970 231.234022 203.361579 3.491444 1.659722 4.031461 -35.346269 2.549598 61.218158 -10.000000 2.147051 
84 2 Car -1.000000 -1 -4.823638 556.922595 183.263712 573.774606 211.432419 1.376504 1.659722 4.031461 -2.208457 1.935362 36.934238 -10.000000 9.112266 
84 4 Car -1.000000 -1 -4.821826 554.890400 178.903290 618.696893 238.147527 1.520722 1.659722 4.031461 -0.600690 1.790190 19.970864 -10.000000 18.889355 
84 9 Car -1.000000 -1 -1.210590 136.294779 162.315883 215.607055 203.545661 3.436502 1.659722 4.031461 -35.521079 2.546124 59.265306 -10.000000 1.556675 
85 2 Car -1.000000 -1 -4.823638 558.308522 180.068705 575.160533 208.047963 1.385888 1.659722 4.031461 -2.143330 1.762881 37.415282 -10.000000 7.530318 
85 4 Car -1.000000 -1 -4.817595 556.817463 176.267594 619.584807 234.497104 1.522253 1.659722 4.031461 -0.568964 1.717720 19.926900 -10.000000 19.119027 
85 9 Car -1.000000 -1 -1.210590 117.981295 158.724225 197.293571 200.645879 3.380707 1.659722 4.031461 -35.706152 2.131334 57.313784 -10.000000 1.050345 
86 2 Car -1.000000 -1 -4.823638 560.001486 178.069623 576.853497 205.854502 1.395651 1.659722 4.031461 -2.089252 1.736749 37.919060 -10.000000 6.173577 
86 4 Car -1.000000 -1 -4.824437 558.075312 175.785994 619.351535 233.457186 1.508053 1.659722 4.031461 -0.598059 1.700910 20.253495 -10.000000 19.411422 
86 9 Car -1.000000 -1 -1.210590 98.824554 156.557260 178.136830 199.204387 3.324159 1.659722 4.031461 -35.930299 2.086612 55.368429 -10.000000 0.616096 
87 2 Car -1.000000 -1 -4.823638 561.347968 177.159302 578.199979 204.760428 1.405005 1.659722 4.031461 -2.038460 1.775135 38.405044 -10.000000 5.009983 
87 4 Car -1.000000 -1 -4.827532 557.152275 175.309872 618.867823 231.853509 1.504088 1.659722 4.031461 -0.619571 1.710086 20.916638 -10.000000 19.663284 
87 9 Car -1.000000 -1 -1.210590 79.746183 156.076153 159.058459 199.495270 3.266088 1.659722 4.031461 -36.174873 2.155481 53.404617 -10.000000 0.243668 
88 4 Car -1.000000 -1 -4.840308 557.208557 174.476994 617.858326 230.118992 1.520617 1.659722 4.031461 -0.634618 1.700651 21.305281 -10.000000 19.918198 
89 4 Car -1.000000 -1 -4.825484 558.483131 175.270860 618.036177 230.070113 1.533688 1.659722 4.031461 -0.621706 1.715410 21.787745 -10.000000 20.148287 
90 4 Car -1.000000 -1 -4.833109 559.386870 174.464279 618.740525 228.409153 1.543578 1.659722 4.031461 -0.629090 1.701060 22.163814 -10.000000 20.401553 
91 4 Car -1.000000 -1 -4.820780 560.426416 174.271685 619.076880 227.125132 1.546570 1.659722 4.031461 -0.612629 1.707639 22.599066 -10.000000 20.659728 
92 4 Car -1.000000 -1 -4.838970 560.893077 175.465131 618.478952 228.012747 1.554335 1.659722 4.031461 -0.615519 1.730471 22.804531 -10.000000 20.892950 
93 4 Car -1.000000 -1 -4.825349 561.760929 176.186123 618.624982 228.235107 1.563211 1.659722 4.031461 -0.593100 1.744794 23.007515 -10.000000 21.117075 
94 4 Car -1.000000 -1 -4.849046 562.559862 175.605624 619.095732 227.077968 1.561303 1.659722 4.031461 -0.625257 1.735179 23.233640 -10.000000 21.368361 
95 4 Car -1.000000 -1 -4.833258 562.606372 174.584218 617.870911 225.158450 1.556050 1.659722 4.031461 -0.639268 1.723679 23.659418 -10.000000 21.581648 
96 4 Car -1.000000 -1 -4.837195 563.802223 173.029583 618.053911 222.885944 1.555466 1.659722 4.031461 -0.619099 1.666928 23.963552 -10.000000 21.772786 
97 4 Car -1.000000 -1 -4.842920 563.681128 169.900577 617.406980 219.411369 1.563271 1.659722 4.031461 -0.653733 1.605785 24.209863 -10.000000 21.944112 
98 4 Car -1.000000 -1 -4.818885 564.199661 171.510815 617.819427 220.940156 1.574422 1.659722 4.031461 -0.635102 1.642516 24.552939 -10.000000 22.146532 
99 4 Car -1.000000 -1 -4.826486 565.329783 175.808558 618.323480 225.162594 1.592371 1.659722 4.031461 -0.608870 1.749354 24.784334 -10.000000 22.326850 
99 11 Car -1.000000 -1 -0.124214 272.124321 172.782361 312.158787 191.506906 1.910735 1.659722 4.031461 -32.601816 2.070288 74.158758 -10.000000 3.181958 
100 4 Car -1.000000 -1 -4.815209 567.283429 178.466706 618.993299 226.597598 1.590360 1.659722 4.031461 -0.579747 1.829000 25.161566 -10.000000 22.505960 
100 11 Car -1.000000 -1 -0.503686 265.300055 173.779854 306.867860 192.996545 1.888020 1.659722 4.031461 -32.729881 2.104022 72.863972 -10.000000 3.905541 
101 4 Car -1.000000 -1 -4.826694 567.097386 178.912991 618.653425 225.792717 1.571444 1.659722 4.031461 -0.616510 1.857963 25.556376 -10.000000 22.696380 
101 11 Car -1.000000 -1 -5.681530 256.760568 174.241510 303.719956 193.552417 1.892331 1.659722 4.031461 -32.733665 2.194099 71.840457 -10.000000 4.535982 
102 4 Car -1.000000 -1 -4.823779 566.602346 179.360570 618.842609 225.560760 1.563995 1.659722 4.031461 -0.629028 1.879241 25.913637 -10.000000 22.894822 
102 11 Car -1.000000 -1 -0.430222 248.393434 176.025622 297.335873 196.013130 1.894276 1.659722 4.031461 -32.969917 2.366715 70.593031 -10.000000 5.230875 
103 4 Car -1.000000 -1 -4.827595 566.601849 180.192876 618.842672 225.601044 1.562975 1.659722 4.031461 -0.608161 1.922825 26.358835 -10.000000 23.050058 
103 11 Car -1.000000 -1 -5.826444 241.146323 178.123781 286.876955 198.498285 1.916676 1.659722 4.031461 -33.316419 2.525492 69.491783 -10.000000 5.833980 
104 4 Car -1.000000 -1 -4.811119 568.893217 180.553624 620.183469 223.834530 1.540999 1.659722 4.031461 -0.552605 1.920199 27.303525 -10.000000 23.159430 
104 11 Car -1.000000 -1 -0.499713 233.841874 178.147676 271.478005 198.524913 1.906084 1.659722 4.031461 -33.778929 2.551507 68.005173 -10.000000 6.355130 
105 4 Car -1.000000 -1 -4.819388 569.485783 178.383028 620.748688 221.694439 1.548697 1.659722 4.031461 -0.552705 1.866096 27.388656 -10.000000 23.311077 
105 11 Car -1.000000 -1 -0.176233 223.999853 178.277556 254.842708 199.044361 1.884741 1.659722 4.031461 -34.305095 2.518450 66.627406 -10.000000 6.865026 
106 4 Car -1.000000 -1 -4.816682 569.854659 176.774015 620.293982 220.519068 1.578670 1.659722 4.031461 -0.588746 1.838837 27.477309 -10.000000 23.454094 
106 11 Car -1.000000 -1 -5.449723 212.448577 177.203183 258.721742 198.435141 1.885180 1.659722 4.031461 -33.991651 2.493272 66.009970 -10.000000 7.202285 
107 4 Car -1.000000 -1 -4.827428 569.358569 177.416636 619.071173 221.385419 1.594353 1.659722 4.031461 -0.598609 1.838091 27.708841 -10.000000 23.632484 
107 11 Car -1.000000 -1 -0.356468 199.000843 177.576683 251.894221 198.850094 1.909825 1.659722 4.031461 -34.144954 2.442042 64.766090 -10.000000 5.892243 
107 16 Car -1.000000 -1 -0.735747 256.906984 177.863261 297.552671 197.805337 2.098395 1.659722 4.031461 -34.690513 2.515489 75.336310 -10.000000 0.997046 
108 4 Car -1.000000 -1 -4.828483 570.724862 176.667929 619.152308 220.479554 1.606168 1.659722 4.031461 -0.566530 1.830390 27.796997 -10.000000 23.797099 
108 11 Car -1.000000 -1 -3.925962 201.715729 176.007265 248.132082 199.533553 1.952065 1.659722 4.031461 -33.774744 2.412587 63.442416 -10.000000 7.348497 
108 16 Car -1.000000 -1 -1.054697 248.650973 178.103520 289.692400 198.669259 2.018360 1.659722 4.031461 -34.793413 2.487797 73.789424 -10.000000 1.776895 
108 15 Car -1.000000 -1 -0.755410 290.422989 177.873885 322.972418 195.303435 1.868714 1.659722 4.031461 -32.741803 2.491145 77.930860 -10.000000 2.920396 
109 4 Car -1.000000 -1 -4.821486 572.358312 176.669062 619.010458 219.843468 1.599890 1.659722 4.031461 -0.568915 1.834617 28.263131 -10.000000 23.954815 
109 11 Car -1.000000 -1 -1.658672 185.230459 174.871232 238.513683 199.245677 2.040342 1.659722 4.031461 -33.622468 2.264069 60.883251 -10.000000 7.838772 
109 16 Car -1.000000 -1 -1.509641 239.273907 176.338424 282.228580 198.178956 2.087015 1.659722 4.031461 -34.772715 2.340786 71.986128 -10.000000 2.510407 
109 15 Car -1.000000 -1 -1.365617 283.358090 177.838886 317.028359 195.557256 1.842517 1.659722 4.031461 -32.789588 2.354722 76.435384 -10.000000 3.664205 
110 4 Car -1.000000 -1 -4.807479 573.571137 176.477868 619.304158 219.101303 1.598421 1.659722 4.031461 -0.538100 1.813431 28.483078 -10.000000 24.138421 
110 11 Car -1.000000 -1 -2.093141 169.198064 174.823300 229.380443 199.906107 2.027850 1.659722 4.031461 -33.426305 2.281064 58.676950 -10.000000 8.380585 
110 16 Car -1.000000 -1 -1.465512 229.007780 175.444233 275.125180 198.001769 2.137452 1.659722 4.031461 -34.755355 2.355366 70.169971 -10.000000 3.236237 
110 15 Car -1.000000 -1 -0.729132 275.741719 177.766536 310.506828 195.507558 1.830800 1.659722 4.031461 -32.969674 2.364966 75.018396 -10.000000 4.420194 
111 4 Car -1.000000 -1 -4.815510 574.302148 176.517343 620.715879 218.709228 1.596936 1.659722 4.031461 -0.501406 1.820106 28.654825 -10.000000 24.273707 
111 11 Car -1.000000 -1 -1.912602 152.666153 175.942516 219.730637 202.188168 2.024863 1.659722 4.031461 -32.761064 2.251678 55.726944 -10.000000 8.915609 
111 16 Car -1.000000 -1 -1.767723 217.919229 177.285224 267.221517 199.431222 2.103445 1.659722 4.031461 -34.534075 2.334490 67.826944 -10.000000 3.952433 
111 15 Car -1.000000 -1 -1.537271 267.624566 178.474299 304.463333 196.894829 1.826208 1.659722 4.031461 -32.921802 2.351570 73.414669 -10.000000 5.083936 
112 4 Car -1.000000 -1 -4.821830 575.006120 177.786420 621.290855 220.117943 1.600739 1.659722 4.031461 -0.499387 1.872796 28.823163 -10.000000 24.415451 
112 11 Car -1.000000 -1 -1.963189 137.694890 178.160485 207.282622 205.003587 2.002533 1.659722 4.031461 -32.117535 2.301484 52.971436 -10.000000 9.509687 
112 16 Car -1.000000 -1 -1.829519 206.104520 180.192959 258.302926 203.116347 2.046237 1.659722 4.031461 -34.131566 2.406151 65.219218 -10.000000 4.646520 
112 15 Car -1.000000 -1 -1.416007 258.944970 179.892508 298.020111 199.119355 1.861337 1.659722 4.031461 -32.845910 2.441206 71.503487 -10.000000 5.740625 
113 4 Car -1.000000 -1 -4.812506 576.054323 180.536191 620.627997 221.829939 1.595222 1.659722 4.031461 -0.467647 1.929876 29.198323 -10.000000 24.514241 
113 11 Car -1.000000 -1 -1.929347 121.978817 180.585577 192.854283 208.166767 1.950409 1.659722 4.031461 -32.095049 2.482600 51.196604 -10.000000 10.090819 
113 16 Car -1.000000 -1 -1.865173 193.380734 181.483289 250.012046 205.080632 2.041069 1.659722 4.031461 -33.813705 2.608402 62.919590 -10.000000 5.323787 
113 15 Car -1.000000 -1 -1.572113 250.201668 181.536040 290.954210 201.328869 1.881202 1.659722 4.031461 -32.844037 2.660237 69.806186 -10.000000 6.391944 
114 4 Car -1.000000 -1 -4.835393 577.211295 181.489005 620.598338 221.825977 1.573250 1.659722 4.031461 -0.468167 1.997364 29.590714 -10.000000 24.631628 
114 11 Car -1.000000 -1 -2.018827 103.262483 182.428056 180.200182 210.875916 1.932160 1.659722 4.031461 -31.699167 2.504634 48.836631 -10.000000 10.596961 
114 16 Car -1.000000 -1 -1.946390 181.600616 182.545404 241.246299 207.156211 2.036631 1.659722 4.031461 -33.349085 2.652221 60.351297 -10.000000 5.980610 
114 15 Car -1.000000 -1 -1.735168 240.522759 181.587762 284.576861 202.323446 1.901139 1.659722 4.031461 -32.707901 2.733214 67.900470 -10.000000 6.982037 
115 4 Car -1.000000 -1 -4.818811 577.147024 181.384623 621.168429 221.537588 1.571772 1.659722 4.031461 -0.434781 1.983362 29.575373 -10.000000 24.768096 
115 11 Car -1.000000 -1 -1.911364 83.382496 181.162181 165.913775 211.037622 1.923906 1.659722 4.031461 -31.213051 2.436583 46.396529 -10.000000 11.109878 
115 16 Car -1.000000 -1 -1.987843 167.591669 181.184176 231.598456 206.585279 2.033270 1.659722 4.031461 -32.655390 2.570863 57.373403 -10.000000 6.629123 
115 15 Car -1.000000 -1 -1.774516 232.579410 180.698407 277.989303 201.474914 1.903829 1.659722 4.031461 -32.469401 2.665300 66.030360 -10.000000 7.543742 
116 4 Car -1.000000 -1 -4.834832 578.478439 178.736944 621.726329 218.517673 1.567681 1.659722 4.031461 -0.434097 1.920318 29.862824 -10.000000 24.879737 
116 11 Car -1.000000 -1 -2.027296 62.008351 178.426016 149.416877 210.007435 1.926162 1.659722 4.031461 -30.715229 2.252712 43.999894 -10.000000 11.605079 
116 16 Car -1.000000 -1 -2.018044 152.141880 178.341264 219.244072 204.552376 2.000463 1.659722 4.031461 -31.860075 2.351153 54.135414 -10.000000 7.236210 
116 15 Car -1.000000 -1 -1.801612 220.485902 179.099367 268.638563 200.862728 1.888738 1.659722 4.031461 -32.267910 2.438420 63.582052 -10.000000 8.089825 
117 4 Car -1.000000 -1 -4.835888 578.469222 175.870665 621.289498 215.205538 1.561994 1.659722 4.031461 -0.436029 1.826685 30.216330 -10.000000 24.977650 
117 11 Car -1.000000 -1 -1.936732 40.781925 177.266295 134.146228 210.175689 1.918443 1.659722 4.031461 -30.697129 2.270239 42.439908 -10.000000 12.095853 
117 16 Car -1.000000 -1 -1.996762 136.497688 176.604501 208.564116 203.841735 1.959977 1.659722 4.031461 -31.642127 2.342570 52.246122 -10.000000 7.848530 
117 15 Car -1.000000 -1 -1.389532 209.591319 176.297212 251.890614 199.265205 1.918324 1.659722 4.031461 -32.639746 2.414611 61.902512 -10.000000 8.500156 
118 4 Car -1.000000 -1 -4.826499 579.031194 176.187934 621.263671 214.858911 1.557828 1.659722 4.031461 -0.404928 1.815368 30.611007 -10.000000 25.088326 
118 11 Car -1.000000 -1 -1.957642 15.882584 178.044080 114.827474 212.718396 1.925508 1.659722 4.031461 -30.661983 2.267977 40.642299 -10.000000 12.560482 
118 16 Car -1.000000 -1 -2.010204 118.139609 178.380301 195.993388 206.782772 1.955736 1.659722 4.031461 -31.342516 2.329848 49.967624 -10.000000 8.426946 
118 15 Car -1.000000 -1 -1.593546 196.520609 178.105748 229.726855 201.577663 1.935632 1.659722 4.031461 -32.917848 2.405434 59.647640 -10.000000 8.865196 
119 4 Car -1.000000 -1 -4.845911 579.408913 179.624629 621.367701 218.274763 1.561741 1.659722 4.031461 -0.403491 1.899480 30.879920 -10.000000 25.215305 
119 11 Car -1.000000 -1 -1.661622 0.000000 182.458737 95.789897 218.385810 1.930192 1.659722 4.031461 -30.571050 2.435863 39.245293 -10.000000 12.934370 
119 16 Car -1.000000 -1 -1.949893 100.316483 182.909291 183.570722 212.601604 1.957038 1.659722 4.031461 -31.036863 2.519074 47.859443 -10.000000 8.940631 
119 15 Car -1.000000 -1 -0.041465 182.603936 182.391270 231.592621 205.862884 1.893709 1.659722 4.031461 -32.617980 2.639309 58.729996 -10.000000 9.112948 
120 4 Car -1.000000 -1 -4.845134 579.333733 180.593239 620.955007 219.443796 1.582094 1.659722 4.031461 -0.446030 1.983600 31.285492 -10.000000 25.310510 
120 11 Car -1.000000 -1 -1.729778 0.000000 182.046887 78.872395 221.451607 1.963044 1.659722 4.031461 -30.462929 2.492023 37.473134 -10.000000 13.260229 
120 16 Car -1.000000 -1 -1.743894 81.581623 184.459867 161.305326 215.360838 1.954043 1.659722 4.031461 -31.116176 2.596204 45.852560 -10.000000 9.423577 
120 15 Car -1.000000 -1 -1.354534 168.138342 185.944395 224.228469 209.497975 1.874044 1.659722 4.031461 -32.633953 2.745153 57.077589 -10.000000 7.530903 
121 4 Car -1.000000 -1 -4.834033 579.723623 181.472785 620.602044 220.015046 1.599549 1.659722 4.031461 -0.421354 2.037144 31.615170 -10.000000 25.409180 
121 16 Car -1.000000 -1 -1.560414 59.444960 186.277293 123.760669 217.836695 1.930175 1.659722 4.031461 -31.515089 2.743236 43.640338 -10.000000 9.835148 
121 15 Car -1.000000 -1 -4.543798 159.347816 186.691135 219.183701 211.326924 1.856318 1.659722 4.031461 -32.612254 2.927865 56.012910 -10.000000 9.194342 
122 4 Car -1.000000 -1 -4.859284 580.429604 179.558936 620.707738 217.914192 1.606582 1.659722 4.031461 -0.419101 1.981448 31.792749 -10.000000 25.504486 
122 16 Car -1.000000 -1 -2.137549 35.454835 184.467774 121.363894 215.784790 1.856314 1.659722 4.031461 -30.933264 2.499328 42.208281 -10.000000 10.150383 
122 15 Car -1.000000 -1 -1.851433 138.925143 182.940060 208.884583 208.751019 1.897911 1.659722 4.031461 -32.118791 2.631290 53.068721 -10.000000 9.672964 
123 4 Car -1.000000 -1 -4.831091 580.401701 178.432908 620.182028 216.739250 1.613210 1.659722 4.031461 -0.423114 1.938545 31.917762 -10.000000 25.618921 
123 16 Car -1.000000 -1 -1.489354 6.650752 182.930200 102.982528 214.688711 1.797995 1.659722 4.031461 -30.778378 2.346377 40.144825 -10.000000 8.420649 
123 15 Car -1.000000 -1 -2.130007 118.324821 181.627160 194.797016 208.713918 1.900819 1.659722 4.031461 -31.348114 2.443844 49.896974 -10.000000 10.204413 
124 4 Car -1.000000 -1 -4.841450 580.413363 178.963182 619.961609 216.658028 1.607229 1.659722 4.031461 -0.426218 1.927243 32.152971 -10.000000 25.741152 
124 16 Car -1.000000 -1 -2.362234 0.000000 180.881399 95.703006 217.763513 1.869798 1.659722 4.031461 -30.638588 2.395929 38.047199 -10.000000 10.266347 
124 15 Car -1.000000 -1 -1.899155 98.605521 182.000974 180.910619 210.622757 1.882902 1.659722 4.031461 -31.338563 2.496531 48.220501 -10.000000 10.721083 
125 4 Car -1.000000 -1 -4.844454 580.679236 180.958518 619.783082 217.498944 1.580943 1.659722 4.031461 -0.426805 1.972946 32.322441 -10.000000 25.812665 
125 15 Car -1.000000 -1 -2.039152 77.065223 182.676725 164.317539 213.310039 1.917632 1.659722 4.031461 -30.862953 2.520592 45.537841 -10.000000 11.216188 
126 4 Car -1.000000 -1 -4.841474 580.778930 181.681442 620.576868 217.731369 1.553266 1.659722 4.031461 -0.428451 1.999818 32.551616 -10.000000 25.890278 
126 15 Car -1.000000 -1 -2.126002 52.352529 181.410058 146.079188 214.336692 1.951950 1.659722 4.031461 -29.566765 2.346263 41.798200 -10.000000 11.682478 
127 4 Car -1.000000 -1 -4.844862 580.801427 180.168298 620.893857 214.922744 1.528998 1.659722 4.031461 -0.432728 1.950729 32.929359 -10.000000 25.973819 
127 15 Car -1.000000 -1 -1.876455 26.235781 181.398116 126.144942 215.883153 1.915472 1.659722 4.031461 -29.663343 2.455531 40.176144 -10.000000 12.178556 
128 4 Car -1.000000 -1 -4.835768 581.349653 180.258052 621.323459 213.878248 1.492476 1.659722 4.031461 -0.396050 1.911709 33.466079 -10.000000 26.059000 
128 15 Car -1.000000 -1 -2.143178 0.750551 182.101352 105.686959 217.858277 1.892751 1.659722 4.031461 -29.366543 2.368601 38.112129 -10.000000 12.633955 
129 4 Car -1.000000 -1 -4.847408 581.567503 180.312065 622.122699 212.991300 1.470426 1.659722 4.031461 -0.394376 1.913983 34.102392 -10.000000 26.147798 
129 15 Car -1.000000 -1 -1.679423 0.000000 180.733622 93.264512 216.540336 1.882463 1.659722 4.031461 -29.187581 2.289249 36.130044 -10.000000 13.013999 
130 4 Car -1.000000 -1 -4.829215 582.209847 180.245475 622.568305 213.331041 1.483894 1.659722 4.031461 -0.362194 1.879708 34.211534 -10.000000 26.229593 
131 4 Car -1.000000 -1 -4.841611 583.635996 179.699015 623.114538 213.464909 1.520537 1.659722 4.031461 -0.316015 1.893568 34.341255 -10.000000 26.325965 
132 4 Car -1.000000 -1 -4.847839 584.602342 178.275171 623.584585 212.508801 1.551059 1.659722 4.031461 -0.310371 1.875646 34.317711 -10.000000 26.399593 
132 17 Car -1.000000 -1 -5.704073 325.773031 179.036812 356.620352 195.452673 1.672006 1.659722 4.031461 -27.765460 2.402354 74.417426 -10.000000 1.421308 
133 4 Car -1.000000 -1 -4.835569 585.481931 178.578268 624.176538 213.028432 1.567760 1.659722 4.031461 -0.265483 1.898870 34.665930 -10.000000 26.495090 
133 17 Car -1.000000 -1 -0.156933 319.192476 179.067611 351.902838 196.022972 1.685171 1.659722 4.031461 -27.813874 2.476885 73.187098 -10.000000 2.173181 
134 4 Car -1.000000 -1 -4.851807 586.248561 176.770816 624.833219 211.453562 1.588570 1.659722 4.031461 -0.221522 1.820580 34.771419 -10.000000 26.586880 
134 17 Car -1.000000 -1 -5.942788 314.093188 177.932960 347.313798 195.120457 1.696541 1.659722 4.031461 -27.868413 2.366859 71.983675 -10.000000 2.961519 
135 4 Car -1.000000 -1 -4.856182 587.339758 174.766612 625.390240 209.234035 1.598834 1.659722 4.031461 -0.216698 1.753820 34.753661 -10.000000 26.593708 
135 17 Car -1.000000 -1 -5.586146 308.795723 176.847617 342.285069 194.808409 1.710607 1.659722 4.031461 -27.931590 2.320558 70.867544 -10.000000 3.719099 
136 4 Car -1.000000 -1 -4.841728 587.359807 173.038106 625.203103 207.854365 1.599965 1.659722 4.031461 -0.174346 1.686054 34.863337 -10.000000 26.655213 
136 17 Car -1.000000 -1 -5.526637 301.784964 174.510708 336.973017 192.772145 1.738289 1.659722 4.031461 -28.086465 2.221440 69.815506 -10.000000 4.363784 
137 4 Car -1.000000 -1 -4.858480 587.995284 169.939099 627.067580 204.911934 1.614454 1.659722 4.031461 -0.129755 1.535645 34.590226 -10.000000 26.687378 
137 17 Car -1.000000 -1 -5.232766 296.386956 171.331625 332.089036 189.410405 1.719139 1.659722 4.031461 -28.183709 1.891223 69.036146 -10.000000 4.962499 
138 4 Car -1.000000 -1 -4.831122 588.427369 170.051537 628.241135 205.069656 1.611967 1.659722 4.031461 -0.080568 1.543097 34.711901 -10.000000 26.794384 
138 17 Car -1.000000 -1 -5.451191 289.426992 172.569228 325.793773 190.849214 1.696578 1.659722 4.031461 -28.571479 1.926692 68.268446 -10.000000 5.687298 
139 4 Car -1.000000 -1 -4.867824 587.883837 176.876917 626.541632 211.165678 1.598190 1.659722 4.031461 -0.159884 1.761887 34.912953 -10.000000 26.841825 
139 17 Car -1.000000 -1 -5.289707 280.294309 178.850524 319.436383 197.520812 1.704203 1.659722 4.031461 -29.009646 2.275409 67.489392 -10.000000 6.228843 
140 4 Car -1.000000 -1 -4.819929 588.416499 183.351780 626.315596 216.688033 1.568819 1.659722 4.031461 -0.129967 1.974881 35.177413 -10.000000 26.835921 
140 17 Car -1.000000 -1 -5.538479 270.216073 183.824817 309.315349 202.970561 1.722577 1.659722 4.031461 -29.491574 2.699435 66.492625 -10.000000 6.792935 
141 4 Car -1.000000 -1 -4.865604 588.190585 183.557747 626.287826 216.929025 1.557640 1.659722 4.031461 -0.129352 2.062539 35.079015 -10.000000 26.916746 
141 17 Car -1.000000 -1 -5.778324 261.418692 182.513337 297.031475 202.411218 1.750254 1.659722 4.031461 -29.805404 2.699493 64.966365 -10.000000 7.379037 
142 4 Car -1.000000 -1 -4.840070 587.480439 179.575504 625.476502 212.332156 1.548604 1.659722 4.031461 -0.167480 1.955970 35.451263 -10.000000 26.974616 
142 17 Car -1.000000 -1 -0.333690 252.618206 179.091676 283.299240 199.486290 1.770105 1.659722 4.031461 -29.896128 2.467298 63.038085 -10.000000 7.819936 
143 4 Car -1.000000 -1 -4.845757 587.180424 179.347252 625.313181 211.983717 1.539481 1.659722 4.031461 -0.173405 1.943547 35.669413 -10.000000 27.027563 
143 17 Car -1.000000 -1 -6.271234 242.037957 181.744544 265.584441 201.813749 1.733949 1.659722 4.031461 -30.577850 2.614882 61.893027 -10.000000 8.234385 
