2 0 Car -1.000000 -1 -0.854462 136.667605 190.226820 427.175863 308.459235 1.445873 1.659722 4.031461 -4.061549 1.691941 9.349262 -10.000000 0.040313 
3 0 Car -1.000000 -1 -1.023271 45.504186 190.081835 381.071507 321.126991 1.697441 1.659722 4.031461 -4.473139 1.676305 8.383674 -10.000000 0.562004 
4 0 Car -1.000000 -1 -1.338574 0.000000 193.186060 318.433928 339.536729 1.621922 1.659722 4.031461 -4.515101 1.671952 7.367957 -10.000000 1.144078 
5 0 Car -1.000000 -1 -1.259258 7.434699 193.380233 260.030010 334.760607 1.580278 1.659722 4.031461 -4.581649 1.677926 6.843632 -10.000000 1.536691 
6 0 Car -1.000000 -1 -1.500531 11.474906 199.879416 177.340331 335.624790 1.553499 1.659722 4.031461 -4.647972 1.679869 6.318948 -10.000000 1.892508 
7 1 Car -1.000000 -1 -5.155066 1112.952911 183.535487 1242.000000 219.617839 1.070075 1.659722 4.031461 20.236921 1.568108 25.620404 -10.000000 0.247273 
8 1 Car -1.000000 -1 -5.631574 1077.076060 182.149793 1226.084942 218.787527 1.402149 1.659722 4.031461 19.531754 1.579777 25.904945 -10.000000 0.913630 
9 1 Car -1.000000 -1 -5.923841 1053.887823 182.796550 1190.434691 216.812211 1.267238 1.659722 4.031461 18.980635 1.593610 26.702184 -10.000000 1.541013 
10 1 Car -1.000000 -1 -5.820699 1023.351323 182.226198 1152.263084 216.588915 1.250224 1.659722 4.031461 17.999118 1.600070 27.258324 -10.000000 2.145032 
11 1 Car -1.000000 -1 -5.491237 1004.840512 181.145998 1119.816107 215.517278 1.305371 1.659722 4.031461 17.360233 1.595173 27.661693 -10.000000 2.826866 
12 1 Car -1.000000 -1 -5.541797 974.550499 180.850544 1088.013071 213.927382 1.299669 1.659722 4.031461 16.690361 1.608155 28.619210 -10.000000 3.445617 
13 1 Car -1.000000 -1 -5.475127 948.784225 181.274843 1054.479000 212.826414 1.278735 1.659722 4.031461 16.042461 1.612643 29.559366 -10.000000 4.084410 
14 1 Car -1.000000 -1 -5.281665 926.306632 182.138574 1023.297034 211.514991 1.249452 1.659722 4.031461 15.474313 1.627503 30.538981 -10.000000 4.695292 
15 1 Car -1.000000 -1 -5.276352 895.727966 181.687381 991.637703 210.056176 1.223123 1.659722 4.031461 14.802518 1.645982 31.845996 -10.000000 5.268830 
16 1 Car -1.000000 -1 -5.173579 873.541628 181.255405 966.574555 208.514092 1.226557 1.659722 4.031461 14.261917 1.644822 32.999046 -10.000000 5.893598 
17 1 Car -1.000000 -1 -5.081687 857.632144 180.779742 945.626202 207.223570 1.228942 1.659722 4.031461 14.006912 1.655573 34.198563 -10.000000 6.435210 
18 1 Car -1.000000 -1 -5.200540 838.727490 179.517189 920.764560 206.514975 1.264513 1.659722 4.031461 13.297839 1.664760 35.297519 -10.000000 7.032729 
19 1 Car -1.000000 -1 -5.020609 820.040491 178.403056 901.383885 205.627570 1.326974 1.659722 4.031461 12.812086 1.670091 36.422389 -10.000000 7.610763 
20 1 Car -1.000000 -1 -5.133901 805.501829 178.214174 885.791529 204.859890 1.360212 1.659722 4.031461 12.483367 1.687544 37.630258 -10.000000 8.125945 
21 1 Car -1.000000 -1 -5.091517 791.906160 177.739792 867.544383 203.909269 1.374852 1.659722 4.031461 12.016524 1.691630 38.897873 -10.000000 8.663884 
22 1 Car -1.000000 -1 -5.024852 777.425101 177.415510 851.175172 202.857336 1.389401 1.659722 4.031461 11.531401 1.694016 40.211596 -10.000000 9.174578 
23 1 Car -1.000000 -1 -5.000657 764.955981 176.951529 836.753188 202.008936 1.403480 1.659722 4.031461 11.211346 1.705350 41.603293 -10.000000 9.674445 
24 1 Car -1.000000 -1 -5.080878 753.730417 176.653085 821.178687 201.252752 1.427785 1.659722 4.031461 10.720999 1.705229 42.818636 -10.000000 10.150211 
25 1 Car -1.000000 -1 -4.973658 743.605156 176.284020 807.740506 200.370882 1.442273 1.659722 4.031461 10.312255 1.717509 44.148526 -10.000000 10.613111 
26 1 Car -1.000000 -1 -5.003314 734.722250 176.738768 795.450115 200.647312 1.463000 1.659722 4.031461 10.007253 1.730018 45.588105 -10.000000 11.040558 
27 1 Car -1.000000 -1 -5.001122 725.778453 175.703123 784.550004 199.549970 1.501279 1.659722 4.031461 9.637671 1.731922 46.866461 -10.000000 11.478964 
28 1 Car -1.000000 -1 -4.952165 718.499226 175.141189 772.831384 198.519324 1.528507 1.659722 4.031461 9.257594 1.730649 48.230494 -10.000000 11.895865 
29 1 Car -1.000000 -1 -4.977264 710.975680 174.982489 762.271489 197.545869 1.529842 1.659722 4.031461 8.868663 1.747199 49.743233 -10.000000 12.302683 
30 1 Car -1.000000 -1 -4.935328 703.797076 175.294568 752.658085 196.966154 1.518588 1.659722 4.031461 8.570715 1.743805 51.334666 -10.000000 12.687513 
31 1 Car -1.000000 -1 -4.908214 698.331887 175.303515 744.417340 196.421194 1.514662 1.659722 4.031461 8.362586 1.757933 52.828913 -10.000000 13.053417 
32 1 Car -1.000000 -1 -4.875701 692.943317 174.711316 736.575807 195.838208 1.537397 1.659722 4.031461 8.116122 1.775846 54.491565 -10.000000 13.411804 
33 1 Car -1.000000 -1 -4.842870 689.058517 174.264935 729.886262 195.478559 1.586532 1.659722 4.031461 7.931289 1.766270 55.979531 -10.000000 13.749861 
34 1 Car -1.000000 -1 -4.900377 684.511598 174.016823 723.107355 194.945658 1.623329 1.659722 4.031461 7.593775 1.785152 57.373075 -10.000000 14.088607 
35 1 Car -1.000000 -1 -4.838580 680.045575 174.377366 716.739623 194.462637 1.621703 1.659722 4.031461 7.384400 1.795788 58.960036 -10.000000 14.427445 
36 1 Car -1.000000 -1 -4.859575 676.235961 174.343060 711.407100 193.805835 1.604002 1.659722 4.031461 7.260022 1.794872 60.678875 -10.000000 14.724979 
37 1 Car -1.000000 -1 -4.843220 672.884157 174.856667 706.217691 193.692077 1.599515 1.659722 4.031461 7.038675 1.812276 62.329289 -10.000000 15.032752 
38 1 Car -1.000000 -1 -4.814078 669.595781 174.752142 701.418339 193.214480 1.599376 1.659722 4.031461 6.837281 1.799756 63.785287 -10.000000 15.369458 
39 1 Car -1.000000 -1 -4.806102 666.959713 174.617595 697.439598 192.907259 1.613069 1.659722 4.031461 6.740080 1.809589 65.453220 -10.000000 15.670639 
39 2 Car -1.000000 -1 -0.095030 965.425231 204.145487 1242.000000 372.746986 0.972359 1.659722 4.031461 4.006602 1.612944 5.810459 -10.000000 0.648976 
40 1 Car -1.000000 -1 -4.820220 664.811620 174.167006 693.763187 191.848381 1.621476 1.659722 4.031461 6.580031 1.817112 67.303021 -10.000000 15.927263 
40 2 Car -1.000000 -1 -0.040940 925.389780 197.031822 1240.086549 370.951188 1.574689 1.659722 4.031461 3.826178 1.612797 5.816188 -10.000000 1.525037 
41 1 Car -1.000000 -1 -4.741467 662.977361 174.385249 690.586086 191.352010 1.605356 1.659722 4.031461 6.568966 1.818593 69.287223 -10.000000 16.195372 
41 2 Car -1.000000 -1 -6.182123 897.624512 199.524829 1242.000000 373.852881 1.586665 1.659722 4.031461 3.797412 1.610509 5.818929 -10.000000 2.403333 
42 1 Car -1.000000 -1 -4.800470 660.732380 174.604554 687.436788 190.931495 1.588560 1.659722 4.031461 6.423746 1.807738 70.867548 -10.000000 16.461321 
42 2 Car -1.000000 -1 -5.635589 864.457484 196.053851 1191.677541 368.160116 1.411449 1.659722 4.031461 3.488108 1.612548 6.022246 -10.000000 3.165364 
43 1 Car -1.000000 -1 -4.751308 658.687362 174.752522 685.125457 190.843360 1.583210 1.659722 4.031461 6.296051 1.814314 72.683311 -10.000000 16.815854 
43 2 Car -1.000000 -1 -4.956732 842.217448 196.308266 1122.679711 350.910623 1.352859 1.659722 4.031461 3.496363 1.620107 6.756976 -10.000000 3.655452 
44 1 Car -1.000000 -1 -4.778414 656.608122 174.522653 681.964163 190.470756 1.602428 1.659722 4.031461 6.224754 1.822340 74.395944 -10.000000 17.095849 
44 2 Car -1.000000 -1 -4.929138 819.621556 196.319532 1060.787949 332.207072 1.313902 1.659722 4.031461 3.433956 1.623053 7.504848 -10.000000 4.161998 
44 3 Car -1.000000 -1 -4.311111 1099.336698 196.905142 1242.000000 297.298935 0.534274 1.659722 4.031461 7.144336 1.594857 9.114554 -10.000000 0.392740 
45 1 Car -1.000000 -1 -4.769937 654.841903 174.148414 679.204936 190.202314 1.634144 1.659722 4.031461 6.152955 1.846528 76.067850 -10.000000 17.366711 
45 2 Car -1.000000 -1 -4.678609 797.759814 194.178221 1008.658169 315.618309 1.300703 1.659722 4.031461 3.483034 1.628828 8.456536 -10.000000 4.622974 
45 3 Car -1.000000 -1 -4.363556 1069.982036 186.954739 1242.000000 313.283658 0.536831 1.659722 4.031461 7.143413 1.600496 9.197599 -10.000000 0.879323 
46 1 Car -1.000000 -1 -4.763602 653.596238 174.082489 676.690977 190.027672 1.669956 1.659722 4.031461 6.055552 1.834396 77.548800 -10.000000 17.627501 
46 2 Car -1.000000 -1 -4.757197 780.181053 189.599692 966.089651 299.705439 1.315514 1.659722 4.031461 3.472776 1.632029 9.334921 -10.000000 5.212398 
46 3 Car -1.000000 -1 -5.370877 1037.012083 186.973983 1242.000000 303.376895 1.605383 1.659722 4.031461 6.215738 1.605254 8.385417 -10.000000 1.452001 
47 1 Car -1.000000 -1 -4.777546 652.019544 174.886543 674.203817 190.341148 1.673176 1.659722 4.031461 5.893419 1.855625 79.361554 -10.000000 17.848770 
47 2 Car -1.000000 -1 -4.686205 765.661062 186.984710 931.227655 287.787410 1.332126 1.659722 4.031461 3.472138 1.637155 10.230127 -10.000000 5.832271 
47 3 Car -1.000000 -1 -4.736618 1017.593700 191.665517 1242.000000 292.355232 0.588746 1.659722 4.031461 7.140375 1.602869 9.351154 -10.000000 1.948984 
48 2 Car -1.000000 -1 -4.719411 753.319799 183.671891 902.067191 276.956237 1.345283 1.659722 4.031461 3.469593 1.642895 11.167531 -10.000000 6.448601 
48 3 Car -1.000000 -1 -4.445618 981.833301 189.353145 1199.777215 285.929909 1.313392 1.659722 4.031461 6.998039 1.613032 10.459229 -10.000000 2.501088 
49 2 Car -1.000000 -1 -4.703913 742.230456 181.417050 877.555496 268.032762 1.363075 1.659722 4.031461 3.484297 1.643693 12.125164 -10.000000 7.035783 
49 3 Car -1.000000 -1 -4.482834 957.788323 187.210344 1154.052410 275.950199 1.312306 1.659722 4.031461 7.026622 1.611782 11.384319 -10.000000 3.033401 
50 2 Car -1.000000 -1 -4.712397 732.945281 180.339665 855.795792 261.149339 1.379491 1.659722 4.031461 3.486256 1.654844 13.153809 -10.000000 7.586295 
50 3 Car -1.000000 -1 -4.591473 932.419565 184.779448 1110.980087 267.231921 1.323904 1.659722 4.031461 7.120544 1.625402 12.448954 -10.000000 3.583036 
51 2 Car -1.000000 -1 -4.709531 725.142680 179.808158 835.993104 254.402220 1.389887 1.659722 4.031461 3.475392 1.660196 14.184385 -10.000000 8.116615 
51 3 Car -1.000000 -1 -4.673171 910.816084 182.757513 1073.500599 259.863540 1.348077 1.659722 4.031461 7.167243 1.632535 13.483275 -10.000000 4.191818 
52 1 Car -1.000000 -1 -4.800830 643.014743 173.984628 664.026258 188.657139 1.526069 1.659722 4.031461 4.584069 1.859001 75.595210 -10.000000 10.277049 
52 2 Car -1.000000 -1 -4.701290 718.223484 179.136628 819.119180 248.788271 1.392787 1.659722 4.031461 3.495745 1.657447 15.254903 -10.000000 8.618861 
52 3 Car -1.000000 -1 -4.685165 890.866781 180.614760 1038.373595 252.938258 1.371576 1.659722 4.031461 7.126693 1.625195 14.412363 -10.000000 4.823931 
53 1 Car -1.000000 -1 -4.740958 641.522521 173.940347 661.871503 188.375684 1.524028 1.659722 4.031461 4.490813 1.876870 77.421228 -10.000000 10.800842 
53 2 Car -1.000000 -1 -4.724268 710.687918 179.029967 803.976828 244.195393 1.401839 1.659722 4.031461 3.479734 1.662854 16.363444 -10.000000 9.100819 
53 3 Car -1.000000 -1 -4.662793 875.077699 179.744618 1010.074705 247.977957 1.383209 1.659722 4.031461 7.178361 1.630395 15.387369 -10.000000 5.455859 
54 1 Car -1.000000 -1 -4.750789 639.787784 174.039146 660.553218 188.285872 1.536778 1.659722 4.031461 4.452559 1.869525 79.134750 -10.000000 11.285452 
54 2 Car -1.000000 -1 -4.714418 704.673085 178.780586 791.313734 240.194145 1.412255 1.659722 4.031461 3.454132 1.663557 17.418345 -10.000000 9.579113 
54 3 Car -1.000000 -1 -4.734172 861.198319 179.124053 984.691294 243.521769 1.393491 1.659722 4.031461 7.177404 1.630207 16.327781 -10.000000 6.060760 
55 2 Car -1.000000 -1 -4.723040 698.571035 179.605405 778.899454 236.955693 1.414296 1.659722 4.031461 3.445931 1.674418 18.552582 -10.000000 10.030481 
55 3 Car -1.000000 -1 -4.679375 847.267358 179.025504 962.081201 239.861089 1.398579 1.659722 4.031461 7.191506 1.640613 17.349819 -10.000000 6.642663 
56 2 Car -1.000000 -1 -4.733064 692.778297 178.701634 767.969297 232.736952 1.411881 1.659722 4.031461 3.424650 1.676903 19.756253 -10.000000 10.455344 
56 3 Car -1.000000 -1 -4.708015 834.404437 178.683990 941.485879 235.911769 1.400991 1.659722 4.031461 7.201335 1.641730 18.429709 -10.000000 7.191440 
56 4 Car -1.000000 -1 -4.612735 1083.956636 184.810615 1241.235980 297.074815 1.648438 1.659722 4.031461 6.927447 1.607262 9.000579 -10.000000 1.098972 
57 2 Car -1.000000 -1 -4.720723 687.968638 178.258299 758.006062 229.368167 1.420295 1.659722 4.031461 3.414726 1.678345 20.919917 -10.000000 10.857112 
57 3 Car -1.000000 -1 -4.702785 823.157207 178.489915 923.398604 232.487562 1.402301 1.659722 4.031461 7.207899 1.640903 19.455791 -10.000000 7.721887 
57 4 Car -1.000000 -1 -4.843776 1050.106973 186.375057 1238.758690 293.855883 1.262967 1.659722 4.031461 6.765573 1.604367 9.123528 -10.000000 1.901574 
58 2 Car -1.000000 -1 -4.753913 682.838213 178.004742 749.412942 226.916886 1.432338 1.659722 4.031461 3.342602 1.683766 21.969141 -10.000000 11.256192 
58 3 Car -1.000000 -1 -4.701447 813.233153 178.363132 906.584184 229.747507 1.404905 1.659722 4.031461 7.221604 1.643760 20.502494 -10.000000 8.233723 
58 4 Car -1.000000 -1 -4.951105 1025.211615 186.893185 1242.000000 282.355150 1.221586 1.659722 4.031461 6.745223 1.601297 9.254240 -10.000000 2.362009 
58 5 Car -1.000000 -1 -0.012730 964.694174 241.783625 1242.000000 372.756978 -0.206205 1.659722 4.031461 3.985980 1.611007 5.775379 -10.000000 0.391341 
59 2 Car -1.000000 -1 -4.716910 679.024420 178.058316 740.502788 224.044373 1.431932 1.659722 4.031461 3.343067 1.683841 23.248865 -10.000000 11.631298 
59 3 Car -1.000000 -1 -4.699119 804.120069 178.428707 890.937872 227.083099 1.406874 1.659722 4.031461 7.244646 1.643672 21.593963 -10.000000 8.726681 
59 4 Car -1.000000 -1 -5.355300 999.723966 191.606599 1242.000000 272.538097 1.195538 1.659722 4.031461 6.724909 1.602251 9.378825 -10.000000 2.765684 
59 5 Car -1.000000 -1 -6.280318 929.435879 214.907530 1242.000000 375.000000 -0.156367 1.659722 4.031461 3.971023 1.612679 5.781265 -10.000000 1.246194 
60 2 Car -1.000000 -1 -4.746994 675.019777 178.043574 733.300525 221.188276 1.419726 1.659722 4.031461 3.334239 1.682497 24.597564 -10.000000 11.996893 
60 3 Car -1.000000 -1 -4.742156 794.923426 178.336932 876.072264 224.918244 1.410405 1.659722 4.031461 7.171896 1.638360 22.591214 -10.000000 9.208738 
60 4 Car -1.000000 -1 -4.180762 977.121346 189.510947 1226.853216 255.672835 1.173128 1.659722 4.031461 8.639194 1.587098 12.406669 -10.000000 2.982552 
60 5 Car -1.000000 -1 -6.186399 889.281233 205.454962 1240.793084 369.266803 1.618055 1.659722 4.031461 3.682329 1.610546 5.806562 -10.000000 1.722156 
61 2 Car -1.000000 -1 -4.739352 670.045599 178.373642 726.721440 219.227525 1.415663 1.659722 4.031461 3.264062 1.687927 25.907396 -10.000000 12.379242 
61 3 Car -1.000000 -1 -4.702843 786.732664 178.235200 862.228896 222.501442 1.411119 1.659722 4.031461 7.170441 1.643253 23.731576 -10.000000 9.671559 
61 5 Car -1.000000 -1 -6.194760 868.543692 213.244409 1242.000000 369.795950 1.630222 1.659722 4.031461 3.660686 1.610393 5.809732 -10.000000 2.708436 
61 4 Car -1.000000 -1 -4.234691 971.104900 185.160630 1176.527020 232.186770 1.060733 1.659722 4.031461 10.604811 1.583510 16.245778 -10.000000 3.286397 
62 2 Car -1.000000 -1 -4.717240 666.643470 177.749753 719.934348 217.361931 1.429159 1.659722 4.031461 3.260407 1.687861 27.189592 -10.000000 12.732797 
62 3 Car -1.000000 -1 -4.728262 778.397091 178.057503 850.636443 219.998541 1.404729 1.659722 4.031461 7.207549 1.642514 24.999488 -10.000000 10.115106 
62 4 Car -1.000000 -1 -4.351788 951.833033 184.969098 1133.086721 222.752904 0.896506 1.659722 4.031461 11.594193 1.580816 19.305420 -10.000000 3.754746 
62 5 Car -1.000000 -1 -6.080013 840.659676 208.023792 1239.515904 371.654504 1.202530 1.659722 4.031461 3.587131 1.610898 5.891365 -10.000000 3.534374 
63 2 Car -1.000000 -1 -4.726260 664.903846 177.831709 714.383648 214.945078 1.435177 1.659722 4.031461 3.289618 1.702284 28.714537 -10.000000 13.053485 
63 3 Car -1.000000 -1 -4.703662 770.555101 177.905436 839.002426 217.899647 1.405443 1.659722 4.031461 7.229229 1.659609 26.332811 -10.000000 10.563223 
63 4 Car -1.000000 -1 -4.525349 931.401916 180.459044 1097.042504 223.703781 1.033994 1.659722 4.031461 10.818799 1.603841 19.446967 -10.000000 4.153336 
63 5 Car -1.000000 -1 -5.884567 813.399614 202.797591 1169.819232 367.873522 1.341653 1.659722 4.031461 3.092684 1.622543 5.965607 -10.000000 4.103850 
64 2 Car -1.000000 -1 -4.742067 661.374700 177.810295 708.844683 213.391940 1.429917 1.659722 4.031461 3.208045 1.710427 30.121410 -10.000000 13.425787 
64 3 Car -1.000000 -1 -4.704114 763.524814 177.622929 827.813300 216.189233 1.419265 1.659722 4.031461 7.208040 1.669601 27.542590 -10.000000 11.010001 
64 4 Car -1.000000 -1 -4.822508 913.866412 176.581859 1058.608183 227.887090 1.285268 1.659722 4.031461 9.583691 1.619552 18.585029 -10.000000 4.546849 
64 5 Car -1.000000 -1 -6.237788 808.781072 202.518849 1099.671067 353.353098 1.305853 1.659722 4.031461 3.000850 1.628238 5.990588 -10.000000 4.548353 
65 2 Car -1.000000 -1 -4.721305 657.221617 177.601244 703.206909 212.116789 1.450138 1.659722 4.031461 3.151456 1.729833 31.661291 -10.000000 13.807846 
65 3 Car -1.000000 -1 -4.689818 755.799194 178.680082 818.026472 215.048233 1.420935 1.659722 4.031461 7.250314 1.690661 29.049938 -10.000000 11.429187 
65 4 Car -1.000000 -1 -0.319476 893.948876 175.570830 1023.784076 233.157547 1.427020 1.659722 4.031461 8.518019 1.638754 17.833834 -10.000000 4.974448 
65 5 Car -1.000000 -1 -4.925200 783.497140 205.966433 1032.452200 340.224773 1.191735 1.659722 4.031461 3.024697 1.638046 7.416263 -10.000000 4.866524 
66 2 Car -1.000000 -1 -4.742787 654.775327 177.628939 698.480426 210.670630 1.469103 1.659722 4.031461 3.141795 1.733877 33.093270 -10.000000 14.131326 
66 3 Car -1.000000 -1 -4.727074 749.271983 177.951095 806.417003 212.233724 1.408651 1.659722 4.031461 7.226360 1.696134 30.622981 -10.000000 11.848201 
66 4 Car -1.000000 -1 -0.580948 876.969736 175.850463 993.458206 237.206340 1.490561 1.659722 4.031461 7.815903 1.641281 17.421410 -10.000000 5.389191 
66 5 Car -1.000000 -1 -4.792936 761.005258 201.764819 975.021141 317.515100 1.206058 1.659722 4.031461 3.040432 1.639376 8.342141 -10.000000 5.315881 
67 2 Car -1.000000 -1 -4.714773 654.490966 177.921366 693.805034 208.806184 1.456629 1.659722 4.031461 3.188394 1.737877 34.638896 -10.000000 14.407642 
67 3 Car -1.000000 -1 -4.680795 744.568452 177.539406 796.208839 210.600741 1.414773 1.659722 4.031461 7.275227 1.699086 32.078757 -10.000000 12.232430 
67 4 Car -1.000000 -1 -0.176898 859.226437 177.024296 968.794944 237.155837 1.479663 1.659722 4.031461 7.599498 1.643077 17.940247 -10.000000 5.978995 
67 5 Car -1.000000 -1 -4.714015 745.993871 193.806602 934.958843 300.789459 1.253654 1.659722 4.031461 3.010504 1.642430 9.177230 -10.000000 5.905846 
68 2 Car -1.000000 -1 -4.737834 651.093463 178.070616 689.276935 207.457784 1.435140 1.659722 4.031461 3.115642 1.744982 36.331390 -10.000000 14.775227 
68 3 Car -1.000000 -1 -4.695664 740.096086 178.358442 787.544937 209.390487 1.416701 1.659722 4.031461 7.351728 1.702250 33.806669 -10.000000 12.579539 
68 4 Car -1.000000 -1 -5.999620 844.831980 178.360020 945.147632 235.777497 1.452037 1.659722 4.031461 7.408615 1.642982 18.611728 -10.000000 6.547537 
68 5 Car -1.000000 -1 -4.710298 733.813512 188.831352 900.973079 287.347009 1.279319 1.659722 4.031461 2.998400 1.644258 10.077852 -10.000000 6.482496 
69 2 Car -1.000000 -1 -4.705526 649.118145 177.856016 685.583964 206.099607 1.439593 1.659722 4.031461 3.086100 1.748313 37.975036 -10.000000 15.108788 
69 3 Car -1.000000 -1 -4.703067 734.581599 178.292445 779.689040 207.762482 1.404872 1.659722 4.031461 7.327479 1.703634 35.478083 -10.000000 12.953720 
69 4 Car -1.000000 -1 -4.923754 831.401426 179.032210 923.763981 233.578729 1.433416 1.659722 4.031461 7.316659 1.640654 19.515999 -10.000000 7.102169 
69 5 Car -1.000000 -1 -4.742043 723.932980 186.202259 872.310714 277.641970 1.297623 1.659722 4.031461 2.975088 1.642520 10.969383 -10.000000 7.079277 
70 2 Car -1.000000 -1 -4.753858 647.380217 177.911749 681.804611 205.176550 1.450895 1.659722 4.031461 3.027410 1.752543 39.357285 -10.000000 15.435065 
70 3 Car -1.000000 -1 -4.674702 728.799274 177.069304 772.894882 205.135320 1.405237 1.659722 4.031461 7.380057 1.709226 37.279289 -10.000000 13.304324 
70 4 Car -1.000000 -1 -4.842096 818.111447 178.934150 902.766054 230.378965 1.419657 1.659722 4.031461 7.269585 1.646752 20.658603 -10.000000 7.628265 
70 5 Car -1.000000 -1 -4.727475 713.508792 185.147292 849.378951 269.215812 1.308834 1.659722 4.031461 2.958562 1.648452 11.910635 -10.000000 7.635155 
71 2 Car -1.000000 -1 -4.727560 644.737418 177.272158 679.193715 203.907253 1.462444 1.659722 4.031461 3.010096 1.749190 40.697377 -10.000000 15.766210 
71 3 Car -1.000000 -1 -4.688515 723.593279 176.331155 766.078560 202.187605 1.386930 1.659722 4.031461 7.493867 1.705356 39.438612 -10.000000 13.635706 
71 4 Car -1.000000 -1 -4.778220 805.241830 179.880344 884.408904 227.850182 1.406857 1.659722 4.031461 7.223194 1.643430 21.841488 -10.000000 8.128555 
71 5 Car -1.000000 -1 -4.712267 705.163002 183.595333 829.463702 260.789484 1.305414 1.659722 4.031461 2.981526 1.648322 13.022082 -10.000000 8.105397 
72 2 Car -1.000000 -1 -4.761733 642.697064 176.862496 674.812989 202.807661 1.476456 1.659722 4.031461 2.914600 1.755132 42.300934 -10.000000 16.114973 
72 3 Car -1.000000 -1 -4.686734 717.590878 176.674479 758.747678 200.026882 1.338580 1.659722 4.031461 7.539485 1.713400 41.741314 -10.000000 13.958610 
72 4 Car -1.000000 -1 -4.764928 793.646762 179.368317 868.148121 224.771852 1.396955 1.659722 4.031461 7.146494 1.648712 22.988673 -10.000000 8.631932 
72 5 Car -1.000000 -1 -4.734093 697.991057 182.471012 812.227041 254.484035 1.318390 1.659722 4.031461 2.954837 1.652028 13.988755 -10.000000 8.628360 
72 6 Car -1.000000 -1 -0.108204 956.295553 201.845492 1242.000000 374.153370 0.735392 1.659722 4.031461 3.934411 1.613756 5.760621 -10.000000 0.628468 
73 2 Car -1.000000 -1 -4.725012 640.668822 176.532309 671.735330 201.792927 1.491744 1.659722 4.031461 2.890976 1.755773 43.911998 -10.000000 16.453847 
73 3 Car -1.000000 -1 -4.632091 715.223808 176.674630 752.717043 196.068570 1.241602 1.659722 4.031461 7.783881 1.710441 44.091817 -10.000000 14.116245 
73 4 Car -1.000000 -1 -4.750836 782.695455 178.708049 852.612554 221.679912 1.394907 1.659722 4.031461 7.097155 1.645868 24.243308 -10.000000 9.099256 
73 5 Car -1.000000 -1 -4.718487 692.302135 181.339907 796.335402 249.055851 1.334133 1.659722 4.031461 2.918164 1.651789 14.924783 -10.000000 9.135084 
73 6 Car -1.000000 -1 -6.266209 919.118849 183.816482 1238.137750 370.205222 1.731049 1.659722 4.031461 3.784846 1.610986 5.798066 -10.000000 1.582377 
74 2 Car -1.000000 -1 -4.763557 638.384106 176.017868 669.145157 200.924440 1.515727 1.659722 4.031461 2.815767 1.754131 45.530250 -10.000000 16.819755 
74 3 Car -1.000000 -1 -4.674149 713.439520 176.689593 746.651686 193.197806 1.105262 1.659722 4.031461 7.912152 1.708549 46.498981 -10.000000 14.218120 
74 4 Car -1.000000 -1 -4.784139 771.313872 177.974713 839.189133 218.918697 1.395665 1.659722 4.031461 6.999069 1.645460 25.480690 -10.000000 9.575862 
74 5 Car -1.000000 -1 -4.727115 686.504623 180.886407 782.586922 244.553848 1.340532 1.659722 4.031461 2.912298 1.652315 16.016606 -10.000000 9.585870 
74 6 Car -1.000000 -1 -6.225614 893.822685 192.504673 1242.000000 370.857745 1.738968 1.659722 4.031461 3.759346 1.609282 5.804975 -10.000000 2.589840 
75 2 Car -1.000000 -1 -4.728817 636.515861 175.793974 666.251801 199.819824 1.535274 1.659722 4.031461 2.780609 1.755891 47.183157 -10.000000 17.132763 
75 3 Car -1.000000 -1 -4.654674 708.144700 177.201066 741.573238 191.699903 1.016495 1.659722 4.031461 7.941676 1.710079 48.998092 -10.000000 14.342418 
75 4 Car -1.000000 -1 -4.729682 762.043891 177.485738 827.082813 216.310731 1.396612 1.659722 4.031461 6.999709 1.645311 26.872808 -10.000000 9.997599 
75 5 Car -1.000000 -1 -4.744942 681.754491 180.719425 770.799036 240.313238 1.347486 1.659722 4.031461 2.883037 1.653763 17.053888 -10.000000 10.037854 
75 6 Car -1.000000 -1 -6.005468 863.887896 187.708616 1242.000000 373.801284 1.400586 1.659722 4.031461 3.662075 1.608378 5.863086 -10.000000 3.403345 
76 2 Car -1.000000 -1 -4.745322 635.561535 175.626945 663.782450 198.702358 1.530734 1.659722 4.031461 2.744316 1.751097 48.861524 -10.000000 17.416588 
76 3 Car -1.000000 -1 -4.675100 701.356347 176.930191 735.318195 191.059504 0.959443 1.659722 4.031461 7.966228 1.705613 50.775802 -10.000000 12.015903 
76 4 Car -1.000000 -1 -4.768832 752.378141 177.132686 815.402900 213.998892 1.396095 1.659722 4.031461 6.944957 1.645736 28.298928 -10.000000 10.443797 
76 5 Car -1.000000 -1 -4.736211 677.324056 180.439014 759.187152 236.491614 1.348960 1.659722 4.031461 2.835909 1.654517 18.111978 -10.000000 10.463637 
76 6 Car -1.000000 -1 -5.523898 832.212734 184.894096 1224.373913 368.901653 1.493364 1.659722 4.031461 3.430653 1.610612 5.884369 -10.000000 4.360267 
77 2 Car -1.000000 -1 -4.732454 634.793584 175.580328 661.097380 197.729787 1.522899 1.659722 4.031461 2.706686 1.763432 50.636034 -10.000000 17.698245 
77 3 Car -1.000000 -1 -4.698658 696.095497 176.887882 730.057346 190.769849 0.976848 1.659722 4.031461 7.990921 1.717182 52.553467 -10.000000 10.020592 
77 4 Car -1.000000 -1 -4.752313 743.860372 176.879772 804.894398 212.599220 1.409418 1.659722 4.031461 6.840766 1.654147 29.446268 -10.000000 10.870502 
77 5 Car -1.000000 -1 -4.719256 673.137528 180.510720 749.906315 233.039156 1.346617 1.659722 4.031461 2.849060 1.660943 19.263122 -10.000000 10.856382 
77 6 Car -1.000000 -1 -0.194359 822.720713 188.641675 1169.350939 352.762020 1.445361 1.659722 4.031461 3.373796 1.612681 5.899093 -10.000000 4.779732 
78 2 Car -1.000000 -1 -4.734711 633.441148 175.251640 658.350202 196.935596 1.527430 1.659722 4.031461 2.661292 1.761627 52.466848 -10.000000 18.023310 
78 3 Car -1.000000 -1 -4.697199 691.965073 176.480979 725.926921 190.128162 0.993948 1.659722 4.031461 8.017184 1.715097 54.331042 -10.000000 8.309334 
78 4 Car -1.000000 -1 -4.750628 737.863024 176.846142 795.519975 211.160739 1.421320 1.659722 4.031461 6.790563 1.657192 30.705405 -10.000000 11.273722 
78 5 Car -1.000000 -1 -4.744986 669.341582 180.685055 740.664690 230.219079 1.345579 1.659722 4.031461 2.818667 1.665716 20.531278 -10.000000 11.246704 
78 6 Car -1.000000 -1 -4.738532 802.435503 189.924341 1092.420867 340.361752 1.299313 1.659722 4.031461 3.407417 1.621227 7.413274 -10.000000 5.074757 
79 2 Car -1.000000 -1 -4.718560 631.945895 176.182947 656.785049 196.956596 1.536379 1.659722 4.031461 2.675540 1.761731 54.369562 -10.000000 18.298337 
79 3 Car -1.000000 -1 -4.697199 688.399860 175.886434 722.361709 189.310147 1.010775 1.659722 4.031461 8.046041 1.718231 56.110327 -10.000000 6.841692 
79 4 Car -1.000000 -1 -4.754890 731.402750 176.538215 787.065041 209.416361 1.420570 1.659722 4.031461 6.786260 1.662615 32.092688 -10.000000 11.675969 
79 5 Car -1.000000 -1 -4.712921 664.863750 180.411338 732.420107 227.257318 1.354246 1.659722 4.031461 2.803470 1.669760 21.793478 -10.000000 11.629614 
79 6 Car -1.000000 -1 -4.753143 776.900613 186.967477 1023.785109 314.960887 1.338757 1.659722 4.031461 3.423847 1.626793 8.384773 -10.000000 5.503804 
80 2 Car -1.000000 -1 -4.759619 630.341415 175.813426 654.593957 195.684366 1.523576 1.659722 4.031461 2.549320 1.790457 56.206475 -10.000000 18.618884 
80 3 Car -1.000000 -1 -4.697199 685.117254 175.693038 719.079103 188.903759 1.027338 1.659722 4.031461 8.075925 1.748497 57.890937 -10.000000 5.582985 
80 4 Car -1.000000 -1 -4.725205 726.886233 176.613091 779.040661 207.998451 1.419789 1.659722 4.031461 6.800670 1.682626 33.667622 -10.000000 12.055535 
80 5 Car -1.000000 -1 -4.729437 661.354266 180.128832 725.709229 224.757881 1.365883 1.659722 4.031461 2.791745 1.683092 22.990388 -10.000000 11.998974 
80 6 Car -1.000000 -1 -4.717397 758.315977 181.253838 973.512505 298.431080 1.381719 1.659722 4.031461 3.376717 1.634750 9.319502 -10.000000 6.011373 
81 2 Car -1.000000 -1 -4.715227 628.421027 175.979147 652.852713 195.324767 1.519673 1.659722 4.031461 2.524766 1.810431 57.940713 -10.000000 18.908632 
81 3 Car -1.000000 -1 -4.697199 681.975951 175.195523 715.937800 188.203003 1.043645 1.659722 4.031461 8.101309 1.771820 59.672223 -10.000000 4.503467 
81 4 Car -1.000000 -1 -4.706456 722.059750 176.654937 772.121271 206.772923 1.423768 1.659722 4.031461 6.821632 1.698678 35.245377 -10.000000 12.433270 
81 5 Car -1.000000 -1 -4.729300 658.767330 179.603133 719.527376 222.553915 1.381581 1.659722 4.031461 2.764742 1.693216 24.154038 -10.000000 12.375793 
81 6 Car -1.000000 -1 -4.709927 743.459973 178.601730 932.916123 284.913956 1.406665 1.659722 4.031461 3.363413 1.641162 10.301007 -10.000000 6.541124 
82 2 Car -1.000000 -1 -4.766060 626.969692 175.635808 651.901971 194.613861 1.531910 1.659722 4.031461 2.453744 1.823530 59.823944 -10.000000 19.236671 
82 3 Car -1.000000 -1 -4.697199 678.905300 175.041377 712.867148 187.854961 1.059680 1.659722 4.031461 8.128437 1.781879 61.451196 -10.000000 3.577630 
82 4 Car -1.000000 -1 -4.698307 717.926617 176.245994 764.946180 205.133988 1.431369 1.659722 4.031461 6.854571 1.705074 36.974081 -10.000000 12.811836 
82 5 Car -1.000000 -1 -4.726148 655.165824 179.460161 713.805536 220.503002 1.394220 1.659722 4.031461 2.742350 1.698336 25.461878 -10.000000 12.747112 
82 6 Car -1.000000 -1 -4.775695 730.280901 177.315347 899.911767 274.495148 1.415047 1.659722 4.031461 3.293777 1.642764 11.199870 -10.000000 7.133508 
83 2 Car -1.000000 -1 -4.746637 624.653816 175.263398 649.646403 193.928102 1.551644 1.659722 4.031461 2.349601 1.826369 61.548193 -10.000000 19.562767 
83 3 Car -1.000000 -1 -4.697199 674.869974 174.555098 708.831822 187.182991 1.075495 1.659722 4.031461 8.146584 1.786518 63.232298 -10.000000 2.783596 
83 4 Car -1.000000 -1 -4.718159 712.724674 176.039925 757.845681 204.059915 1.446157 1.659722 4.031461 6.807720 1.712859 38.708451 -10.000000 13.210212 
83 5 Car -1.000000 -1 -4.739850 652.705185 180.067847 708.050652 219.048103 1.398811 1.659722 4.031461 2.697198 1.704206 26.763760 -10.000000 13.111368 
83 6 Car -1.000000 -1 -4.726676 720.487001 176.747192 871.303746 266.558169 1.420839 1.659722 4.031461 3.277276 1.649526 12.167507 -10.000000 7.685787 
84 2 Car -1.000000 -1 -4.756300 623.437410 175.401410 647.369996 193.497238 1.561593 1.659722 4.031461 2.250272 1.836742 63.439579 -10.000000 19.830173 
84 4 Car -1.000000 -1 -4.684268 708.861920 175.800953 750.961144 202.575750 1.460415 1.659722 4.031461 6.869284 1.723478 40.449283 -10.000000 13.563184 
84 5 Car -1.000000 -1 -4.716991 650.440730 179.202648 702.938242 216.440710 1.401217 1.659722 4.031461 2.705570 1.710746 28.090849 -10.000000 13.459779 
84 6 Car -1.000000 -1 -4.731613 713.272535 176.620335 848.756946 259.497630 1.426341 1.659722 4.031461 3.307955 1.654895 13.257546 -10.000000 8.172952 
85 2 Car -1.000000 -1 -4.772852 622.225552 175.273555 644.795727 192.985013 1.564553 1.659722 4.031461 2.131695 1.859389 65.246209 -10.000000 20.108036 
85 4 Car -1.000000 -1 -4.762082 705.451959 175.984900 742.363017 201.511803 1.456812 1.659722 4.031461 6.734846 1.737375 42.235122 -10.000000 13.931180 
85 5 Car -1.000000 -1 -4.735903 648.428342 178.814761 698.583733 214.479711 1.407529 1.659722 4.031461 2.683090 1.720617 29.485762 -10.000000 13.810092 
85 6 Car -1.000000 -1 -4.736213 705.528930 176.346969 829.174371 253.226230 1.436583 1.659722 4.031461 3.273930 1.659040 14.326433 -10.000000 8.668288 
86 2 Car -1.000000 -1 -4.767014 620.802184 175.447027 642.326098 192.609788 1.569862 1.659722 4.031461 2.013504 1.865716 67.215929 -10.000000 20.365317 
86 4 Car -1.000000 -1 -4.719753 701.903584 176.163193 733.422522 200.736637 1.456936 1.659722 4.031461 6.642642 1.741599 44.037036 -10.000000 14.280438 
86 5 Car -1.000000 -1 -4.721682 646.219636 178.558568 693.704282 212.628309 1.413571 1.659722 4.031461 2.645806 1.723492 30.937278 -10.000000 14.153370 
86 6 Car -1.000000 -1 -4.690987 699.081942 176.491843 810.948756 247.556368 1.441609 1.659722 4.031461 3.291113 1.660207 15.551489 -10.000000 9.114134 
86 7 Car -1.000000 -1 -5.624633 984.671772 181.265849 1068.713555 211.770523 1.189486 1.659722 4.031461 16.877542 1.604123 28.987754 -10.000000 0.243375 
87 2 Car -1.000000 -1 -4.753058 619.495633 175.327554 640.458591 191.722768 1.557446 1.659722 4.031461 1.972031 1.860856 69.308839 -10.000000 20.531576 
87 4 Car -1.000000 -1 -4.716707 698.167008 176.202258 730.956799 199.981816 1.466871 1.659722 4.031461 6.760785 1.733548 45.563278 -10.000000 14.492067 
87 5 Car -1.000000 -1 -4.745120 643.411728 179.030831 689.141423 211.105583 1.408276 1.659722 4.031461 2.577064 1.721776 32.257828 -10.000000 14.467985 
87 6 Car -1.000000 -1 -4.726047 694.725623 176.177078 796.792996 242.622775 1.452218 1.659722 4.031461 3.293271 1.659095 16.624402 -10.000000 9.567363 
87 7 Car -1.000000 -1 -5.598635 961.635005 180.387297 1048.980395 212.263033 1.277004 1.659722 4.031461 16.323316 1.593372 29.718903 -10.000000 1.314338 
88 2 Car -1.000000 -1 -4.725777 618.945998 175.796099 639.854582 191.361443 1.531672 1.659722 4.031461 2.028449 1.872886 71.545367 -10.000000 20.658995 
88 4 Car -1.000000 -1 -4.786211 694.460398 176.138170 725.285973 199.124209 1.471517 1.659722 4.031461 6.595446 1.745141 47.192420 -10.000000 14.792689 
88 5 Car -1.000000 -1 -4.742421 640.752585 179.529164 685.446261 210.180112 1.393855 1.659722 4.031461 2.530433 1.728330 33.509530 -10.000000 14.796529 
88 6 Car -1.000000 -1 -4.715196 689.074808 176.319224 783.225343 238.138963 1.455497 1.659722 4.031461 3.267419 1.664317 17.822106 -10.000000 9.993203 
88 8 Car -1.000000 -1 -0.099014 965.137681 182.133419 1242.000000 373.141710 0.940029 1.659722 4.031461 4.005936 1.613865 5.812155 -10.000000 0.532105 
88 7 Car -1.000000 -1 -5.214031 953.205449 179.087399 1038.629857 211.328749 1.325766 1.659722 4.031461 16.231980 1.602089 30.076532 -10.000000 2.090990 
89 2 Car -1.000000 -1 -4.730833 619.116451 176.094817 638.933584 190.873984 1.503707 1.659722 4.031461 1.994435 1.850740 73.652145 -10.000000 20.797597 
89 4 Car -1.000000 -1 -4.693746 688.425442 175.696859 718.074023 198.283344 1.477169 1.659722 4.031461 6.533739 1.726981 48.662070 -10.000000 12.402073 
89 5 Car -1.000000 -1 -4.752947 638.619744 179.435388 682.158618 208.887571 1.389771 1.659722 4.031461 2.489824 1.718945 34.859181 -10.000000 15.131236 
89 6 Car -1.000000 -1 -4.747581 683.312357 176.227964 770.213794 234.468951 1.457976 1.659722 4.031461 3.188674 1.660040 18.861303 -10.000000 10.417397 
89 7 Car -1.000000 -1 -5.509674 939.767944 179.269652 1026.220333 209.986545 1.324581 1.659722 4.031461 15.887620 1.581517 30.569912 -10.000000 2.783648 
89 8 Car -1.000000 -1 -6.245315 929.150602 168.125697 1240.903739 368.054119 1.866413 1.659722 4.031461 3.876487 1.611046 5.854108 -10.000000 1.505319 
90 2 Car -1.000000 -1 -4.711083 617.889749 176.215572 637.273431 190.770381 1.485668 1.659722 4.031461 1.938918 1.860427 75.427683 -10.000000 17.552120 
90 4 Car -1.000000 -1 -4.785319 683.113715 175.132378 712.762297 197.377446 1.500194 1.659722 4.031461 6.469611 1.730851 50.133163 -10.000000 10.351787 
90 5 Car -1.000000 -1 -4.764709 637.183986 179.595207 678.139596 207.954093 1.390437 1.659722 4.031461 2.412652 1.723047 35.933744 -10.000000 15.468743 
90 6 Car -1.000000 -1 -4.725963 679.031196 176.357724 758.822449 231.291647 1.460729 1.659722 4.031461 3.181160 1.661972 20.009374 -10.000000 10.823330 
90 7 Car -1.000000 -1 -5.109715 925.870720 180.082289 1012.425715 208.286070 1.254258 1.659722 4.031461 15.596935 1.577164 31.120705 -10.000000 3.390414 
90 8 Car -1.000000 -1 -6.107381 901.514725 172.357466 1242.000000 370.437251 1.882507 1.659722 4.031461 3.852982 1.607829 5.864482 -10.000000 2.440134 
91 2 Car -1.000000 -1 -4.735994 616.668035 175.848499 636.051718 190.231789 1.503598 1.659722 4.031461 1.878573 1.853507 77.205403 -10.000000 14.768670 
91 4 Car -1.000000 -1 -4.755411 678.457852 174.509999 708.106433 196.428112 1.522911 1.659722 4.031461 6.402406 1.729260 51.606875 -10.000000 8.593380 
91 5 Car -1.000000 -1 -4.733942 635.329663 179.329887 674.261273 207.055437 1.393380 1.659722 4.031461 2.394135 1.722012 37.226120 -10.000000 15.775691 
91 6 Car -1.000000 -1 -4.770028 674.666614 176.142281 749.423239 228.387743 1.466080 1.659722 4.031461 3.131752 1.664084 21.153864 -10.000000 11.208872 
91 7 Car -1.000000 -1 -5.265789 911.419200 180.990019 997.589764 208.720953 1.196113 1.659722 4.031461 15.403168 1.579624 31.494355 -10.000000 2.623032 
91 8 Car -1.000000 -1 -5.947566 873.571877 170.090967 1241.331615 372.142313 1.509134 1.659722 4.031461 3.688206 1.610401 5.876068 -10.000000 3.311506 
92 2 Car -1.000000 -1 -4.743137 615.557179 175.746254 634.940861 189.963982 1.521313 1.659722 4.031461 1.822466 1.853256 78.982785 -10.000000 12.381474 
92 4 Car -1.000000 -1 -4.755411 674.629920 173.851678 704.278502 195.456982 1.545285 1.659722 4.031461 6.337838 1.727121 53.079910 -10.000000 7.085301 
92 5 Car -1.000000 -1 -4.791597 634.317893 179.296422 671.202134 206.225080 1.405757 1.659722 4.031461 2.303487 1.721825 38.246964 -10.000000 16.099647 
92 6 Car -1.000000 -1 -4.723043 670.034326 175.741845 740.672231 225.588727 1.478301 1.659722 4.031461 3.111252 1.664653 22.474657 -10.000000 11.588645 
92 7 Car -1.000000 -1 -5.193093 899.597332 180.948611 985.767896 208.515627 1.203268 1.659722 4.031461 15.210860 1.571496 31.866682 -10.000000 1.964895 
92 8 Car -1.000000 -1 -6.162823 849.243808 171.343524 1242.000000 372.478730 1.526090 1.659722 4.031461 3.649511 1.607677 5.888499 -10.000000 4.068909 
93 4 Car -1.000000 -1 -4.755411 670.715955 173.668661 700.364536 194.974837 1.567289 1.659722 4.031461 6.277113 1.752708 54.549623 -10.000000 5.791913 
93 5 Car -1.000000 -1 -4.718543 633.237467 178.734173 668.762281 205.516721 1.420045 1.659722 4.031461 2.306003 1.738295 39.364083 -10.000000 16.427257 
93 6 Car -1.000000 -1 -4.742796 666.182587 175.788349 733.013476 223.024138 1.491665 1.659722 4.031461 3.085356 1.680090 23.749638 -10.000000 11.960954 
93 7 Car -1.000000 -1 -5.188531 890.686398 182.506383 976.856962 209.914124 1.210301 1.659722 4.031461 15.020158 1.601455 32.234884 -10.000000 1.400450 
93 8 Car -1.000000 -1 -5.959117 849.338187 173.622480 1242.000000 370.733258 1.526090 1.659722 4.031461 3.610133 1.616812 5.898017 -10.000000 3.204936 
94 4 Car -1.000000 -1 -4.755411 667.258972 173.717995 696.907553 194.736672 1.589024 1.659722 4.031461 6.205614 1.756591 56.021737 -10.000000 4.682653 
94 5 Car -1.000000 -1 -4.767983 632.020011 178.237221 667.116560 204.721402 1.449388 1.659722 4.031461 2.268830 1.741312 40.520597 -10.000000 16.741298 
94 6 Car -1.000000 -1 -4.728014 663.281035 175.949192 725.582814 220.514759 1.492783 1.659722 4.031461 3.058638 1.685883 25.136922 -10.000000 12.312247 
94 7 Car -1.000000 -1 -5.188531 880.730932 181.864263 966.901495 209.113588 1.217378 1.659722 4.031461 14.823881 1.608648 32.607497 -10.000000 0.916360 
94 8 Car -1.000000 -1 -0.306101 828.960004 173.878556 1113.643115 340.708100 1.434895 1.659722 4.031461 3.571100 1.620517 5.859636 -10.000000 4.177107 
95 4 Car -1.000000 -1 -4.755411 664.030480 173.378172 693.679062 194.120336 1.610493 1.659722 4.031461 6.140450 1.777043 57.495765 -10.000000 3.731307 
95 5 Car -1.000000 -1 -4.720864 630.758454 178.193701 664.654897 203.739690 1.458649 1.659722 4.031461 2.244567 1.755693 41.996505 -10.000000 17.055854 
95 6 Car -1.000000 -1 -4.728821 659.118751 176.344135 719.594219 218.315965 1.488823 1.659722 4.031461 3.039810 1.698129 26.524699 -10.000000 12.671312 
95 7 Car -1.000000 -1 -5.188531 871.753198 181.620624 957.923762 208.713915 1.224430 1.659722 4.031461 14.631450 1.629869 32.980936 -10.000000 0.501186 
95 8 Car -1.000000 -1 -4.745339 798.100387 180.700646 1042.453363 331.996217 1.284222 1.659722 4.031461 3.335917 1.634115 7.949532 -10.000000 4.111225 
96 4 Car -1.000000 -1 -4.755411 660.916235 173.338588 690.564816 193.814810 1.631685 1.659722 4.031461 6.074416 1.798877 58.970138 -10.000000 2.915395 
96 5 Car -1.000000 -1 -4.723690 630.181112 178.346006 663.090381 202.761378 1.448844 1.659722 4.031461 2.245852 1.770478 43.325437 -10.000000 17.349234 
96 6 Car -1.000000 -1 -4.731340 655.985511 176.176611 713.163818 216.415345 1.492782 1.659722 4.031461 3.007985 1.707959 27.933147 -10.000000 13.047089 
96 7 Car -1.000000 -1 -5.188531 863.264331 181.574955 949.434895 208.514701 1.231449 1.659722 4.031461 14.438351 1.640658 33.354773 -10.000000 0.145116 
96 8 Car -1.000000 -1 -4.746513 765.430924 176.291722 984.080169 304.023450 1.402861 1.659722 4.031461 3.350668 1.635344 8.930866 -10.000000 4.614633 
97 5 Car -1.000000 -1 -4.755671 628.734589 178.139843 661.061795 201.848144 1.440754 1.659722 4.031461 2.147760 1.771563 44.697744 -10.000000 17.694673 
97 6 Car -1.000000 -1 -4.724362 654.250221 175.722624 707.711239 214.217493 1.507407 1.659722 4.031461 2.993525 1.708699 29.346877 -10.000000 13.398009 
97 8 Car -1.000000 -1 -4.720728 749.586886 169.682126 942.921231 288.261136 1.485860 1.659722 4.031461 3.347648 1.635156 9.895740 -10.000000 5.176278 
98 5 Car -1.000000 -1 -4.727502 627.137506 177.609704 658.032923 200.759731 1.447747 1.659722 4.031461 2.098143 1.773577 46.346180 -10.000000 18.019860 
98 6 Car -1.000000 -1 -4.717063 652.849839 175.518733 702.548249 212.266212 1.514135 1.659722 4.031461 3.009281 1.709959 30.799467 -10.000000 13.731494 
98 7 Car -1.000000 -1 -4.827658 895.519670 179.757824 940.265199 208.076677 1.304538 1.659722 4.031461 14.537515 1.619309 34.004543 -10.000000 2.499932 
98 8 Car -1.000000 -1 -4.700478 735.916448 167.062613 911.464982 276.079093 1.520626 1.659722 4.031461 3.354985 1.635700 10.873194 -10.000000 5.734481 
99 5 Car -1.000000 -1 -4.751444 626.804883 177.395801 655.370583 199.677321 1.454955 1.659722 4.031461 2.081945 1.763493 47.786975 -10.000000 18.285956 
99 6 Car -1.000000 -1 -4.725323 650.208785 175.461211 697.031411 210.342110 1.513629 1.659722 4.031461 2.982765 1.704567 32.294046 -10.000000 14.061679 
99 7 Car -1.000000 -1 -5.119055 878.138422 178.541831 932.428944 206.887175 1.347468 1.659722 4.031461 14.269841 1.605623 34.622341 -10.000000 3.068923 
99 8 Car -1.000000 -1 -4.738550 724.988194 166.990336 882.005027 267.701752 1.541231 1.659722 4.031461 3.306880 1.634872 11.819796 -10.000000 6.323790 
99 9 Car -1.000000 -1 -0.083185 937.696858 206.395052 1241.223794 372.521193 0.869547 1.659722 4.031461 3.884453 1.609829 5.799973 -10.000000 0.598195 
100 5 Car -1.000000 -1 -4.764486 625.186577 177.180534 652.443853 198.847771 1.452272 1.659722 4.031461 1.962859 1.771605 49.327746 -10.000000 18.569009 
100 6 Car -1.000000 -1 -4.718194 648.135502 175.454685 693.182605 208.630721 1.508153 1.659722 4.031461 2.946877 1.710452 33.896268 -10.000000 14.406986 
100 7 Car -1.000000 -1 -4.994325 860.633557 178.142068 922.388519 205.997648 1.353409 1.659722 4.031461 13.833375 1.609442 35.382640 -10.000000 3.757249 
100 8 Car -1.000000 -1 -4.716340 715.970654 166.302105 858.377420 260.068048 1.558012 1.659722 4.031461 3.290238 1.636500 12.768847 -10.000000 6.894771 
100 9 Car -1.000000 -1 -6.174685 899.480096 197.318034 1240.510209 367.968941 1.600479 1.659722 4.031461 3.766215 1.608800 5.866734 -10.000000 1.550052 
101 5 Car -1.000000 -1 -4.742848 623.432388 177.061053 649.793757 197.942228 1.452728 1.659722 4.031461 1.877681 1.761316 50.912843 -10.000000 18.846458 
101 6 Car -1.000000 -1 -4.734102 646.172054 176.243316 688.602711 207.653402 1.502848 1.659722 4.031461 2.897644 1.704362 35.577098 -10.000000 14.744794 
101 7 Car -1.000000 -1 -5.509838 846.139114 177.918814 913.523997 205.760178 1.367388 1.659722 4.031461 13.331941 1.596007 35.514494 -10.000000 4.413545 
101 8 Car -1.000000 -1 -4.739768 708.883020 167.052962 837.694487 254.692226 1.572902 1.659722 4.031461 3.282159 1.634484 13.789593 -10.000000 7.426546 
101 9 Car -1.000000 -1 -6.116744 872.045534 202.124462 1242.000000 371.943290 1.615898 1.659722 4.031461 3.743219 1.605804 5.886661 -10.000000 2.391498 
102 5 Car -1.000000 -1 -4.732509 622.252052 176.879902 648.311707 197.116342 1.448629 1.659722 4.031461 1.923972 1.774391 52.620266 -10.000000 19.106659 
102 6 Car -1.000000 -1 -4.730045 643.435589 175.423214 684.311892 205.682640 1.504769 1.659722 4.031461 2.869898 1.715426 37.232683 -10.000000 15.101823 
102 7 Car -1.000000 -1 -5.024899 835.734213 177.938964 909.079308 205.076948 1.363678 1.659722 4.031461 13.299916 1.605220 36.194717 -10.000000 5.023047 
102 8 Car -1.000000 -1 -4.721396 702.017021 167.225046 821.664444 248.892742 1.585795 1.659722 4.031461 3.278588 1.639311 14.770156 -10.000000 7.949768 
102 9 Car -1.000000 -1 -5.637475 838.458750 195.988463 1172.598301 365.589794 1.398698 1.659722 4.031461 3.294083 1.611264 6.060849 -10.000000 3.001861 
103 5 Car -1.000000 -1 -4.762719 621.523778 177.165763 646.328669 196.684031 1.448383 1.659722 4.031461 1.846000 1.779794 54.187571 -10.000000 19.361659 
103 6 Car -1.000000 -1 -4.743761 640.437403 175.493306 680.542974 204.063972 1.506507 1.659722 4.031461 2.804747 1.725022 39.057628 -10.000000 15.437626 
103 7 Car -1.000000 -1 -5.109639 830.823524 178.966452 904.643517 205.244380 1.343889 1.659722 4.031461 13.396983 1.621506 37.025549 -10.000000 5.575189 
103 8 Car -1.000000 -1 -4.714164 696.298468 168.048774 805.333868 244.087726 1.585242 1.659722 4.031461 3.280309 1.650403 15.933180 -10.000000 8.421169 
103 9 Car -1.000000 -1 -4.929659 817.494528 198.239992 1097.283697 348.133923 1.334612 1.659722 4.031461 3.313069 1.622559 6.866412 -10.000000 3.497830 
104 5 Car -1.000000 -1 -4.703760 621.123471 176.854081 644.654232 196.105243 1.453640 1.659722 4.031461 1.821043 1.785078 55.876532 -10.000000 19.633760 
104 6 Car -1.000000 -1 -4.739202 638.463978 174.906298 676.622366 202.882995 1.513191 1.659722 4.031461 2.738790 1.730880 40.662375 -10.000000 15.784594 
104 7 Car -1.000000 -1 -4.668575 827.688983 178.774192 899.198896 203.666999 1.318652 1.659722 4.031461 13.496147 1.628378 37.982107 -10.000000 6.087198 
104 8 Car -1.000000 -1 -4.713036 692.042516 169.003023 792.100098 239.982544 1.590761 1.659722 4.031461 3.279678 1.654427 17.021068 -10.000000 8.876508 
104 9 Car -1.000000 -1 -4.957160 796.072092 197.591730 1031.400710 327.951829 1.282172 1.659722 4.031461 3.301158 1.626311 7.813567 -10.000000 3.928391 
104 10 Car -1.000000 -1 -4.511598 1041.042971 192.243458 1242.000000 319.402512 0.818362 1.659722 4.031461 5.986390 1.603913 8.195773 -10.000000 0.266557 
105 5 Car -1.000000 -1 -4.746426 620.638812 176.482607 642.979338 195.373923 1.475006 1.659722 4.031461 1.788945 1.795903 57.444730 -10.000000 19.906782 
105 6 Car -1.000000 -1 -4.728539 637.304426 174.588693 672.978179 201.687651 1.540515 1.659722 4.031461 2.741073 1.739717 42.490453 -10.000000 16.109973 
105 7 Car -1.000000 -1 -4.751115 819.471755 178.443311 890.253528 202.985962 1.291953 1.659722 4.031461 13.345709 1.628555 38.494615 -10.000000 4.935900 
105 8 Car -1.000000 -1 -4.705962 687.148286 169.948888 780.099840 235.797852 1.586793 1.659722 4.031461 3.290832 1.657856 18.245197 -10.000000 9.309295 
105 9 Car -1.000000 -1 -4.697193 776.527624 193.328825 978.194695 308.918199 1.287123 1.659722 4.031461 3.307511 1.627783 8.794486 -10.000000 4.415307 
105 10 Car -1.000000 -1 -4.371397 1006.567211 184.338421 1240.632324 308.776029 1.872989 1.659722 4.031461 6.190970 1.600316 8.579223 -10.000000 0.853912 
106 5 Car -1.000000 -1 -4.747245 620.085156 176.362652 640.940471 194.905110 1.488342 1.659722 4.031461 1.691592 1.799409 59.150472 -10.000000 20.165391 
106 6 Car -1.000000 -1 -4.746966 635.464781 174.428147 670.024970 200.552885 1.552704 1.659722 4.031461 2.683825 1.746094 44.336481 -10.000000 16.435728 
106 7 Car -1.000000 -1 -4.746460 812.181107 178.313407 882.962879 202.691958 1.300709 1.659722 4.031461 13.194680 1.640317 39.009425 -10.000000 3.948502 
106 8 Car -1.000000 -1 -4.718198 682.915894 170.974594 769.009871 232.807541 1.584889 1.659722 4.031461 3.276270 1.665517 19.392103 -10.000000 9.745666 
106 9 Car -1.000000 -1 -4.707589 759.874040 189.237281 935.837881 293.110816 1.298175 1.659722 4.031461 3.327211 1.636210 9.856224 -10.000000 4.929844 
106 10 Car -1.000000 -1 -6.196524 979.160219 194.654220 1239.831651 297.952836 1.217895 1.659722 4.031461 6.624401 1.606704 9.399009 -10.000000 1.452670 
107 5 Car -1.000000 -1 -4.731119 619.653296 176.236303 639.067283 194.184231 1.494453 1.659722 4.031461 1.656423 1.819823 61.035393 -10.000000 20.366140 
107 6 Car -1.000000 -1 -4.715859 634.164679 174.369620 667.116043 199.568212 1.562423 1.659722 4.031461 2.665401 1.762937 46.242145 -10.000000 16.740800 
107 7 Car -1.000000 -1 -4.389691 827.822481 178.031858 888.325323 203.388804 1.356407 1.659722 4.031461 13.643368 1.650892 39.390844 -10.000000 6.048506 
107 8 Car -1.000000 -1 -4.710852 678.504706 171.861740 757.492769 229.257454 1.578546 1.659722 4.031461 3.266716 1.674370 20.806935 -10.000000 10.151147 
107 9 Car -1.000000 -1 -4.700166 746.370487 186.326969 900.476741 279.467298 1.308402 1.659722 4.031461 3.344289 1.641345 10.959334 -10.000000 5.460709 
107 10 Car -1.000000 -1 -4.387815 954.246009 190.846922 1212.456461 286.626653 1.286604 1.659722 4.031461 6.885488 1.610649 10.405058 -10.000000 1.994229 
108 5 Car -1.000000 -1 -4.758046 618.236391 176.253970 637.262829 193.923680 1.494744 1.659722 4.031461 1.600091 1.828442 62.523652 -10.000000 17.182085 
108 6 Car -1.000000 -1 -4.740988 632.136152 174.489216 663.810218 198.380040 1.560639 1.659722 4.031461 2.601753 1.772988 48.372643 -10.000000 17.061889 
108 7 Car -1.000000 -1 -5.237294 827.752924 177.852039 883.598224 203.923866 1.414824 1.659722 4.031461 13.490582 1.652435 39.401501 -10.000000 6.594200 
108 8 Car -1.000000 -1 -4.719373 674.692480 172.192568 747.477445 226.246505 1.577418 1.659722 4.031461 3.260705 1.680359 22.197390 -10.000000 10.547253 
108 9 Car -1.000000 -1 -4.699263 735.204971 183.676031 873.776335 268.997973 1.320149 1.659722 4.031461 3.350705 1.645630 11.991072 -10.000000 6.061149 
108 10 Car -1.000000 -1 -4.458310 929.970318 187.497842 1161.449596 275.104206 1.290095 1.659722 4.031461 6.957300 1.614092 11.540239 -10.000000 2.503008 
109 5 Car -1.000000 -1 -4.737556 616.931051 176.350551 635.957489 193.810526 1.512918 1.659722 4.031461 1.549249 1.869834 64.007897 -10.000000 14.451314 
109 6 Car -1.000000 -1 -4.725754 630.504529 174.520251 660.840589 197.450260 1.553762 1.659722 4.031461 2.564246 1.809333 50.459653 -10.000000 17.370718 
109 7 Car -1.000000 -1 -4.196484 826.558980 177.103441 880.483741 203.742298 1.447555 1.659722 4.031461 13.579396 1.690969 39.966245 -10.000000 7.128006 
109 8 Car -1.000000 -1 -4.719153 670.534913 172.542016 739.230463 223.266988 1.586254 1.659722 4.031461 3.248247 1.698954 23.671133 -10.000000 10.942422 
109 9 Car -1.000000 -1 -4.677389 726.298748 181.887710 850.808679 260.801202 1.336342 1.659722 4.031461 3.412469 1.656542 13.203013 -10.000000 6.570662 
109 10 Car -1.000000 -1 -4.572793 906.616376 184.360696 1111.978648 265.609173 1.317513 1.659722 4.031461 6.991958 1.629352 12.652864 -10.000000 3.066840 
110 5 Car -1.000000 -1 -4.746597 614.278382 175.998222 633.304819 193.255778 1.530874 1.659722 4.031461 1.489452 1.868014 65.491975 -10.000000 12.109297 
110 6 Car -1.000000 -1 -4.718417 629.582480 174.657985 658.666038 196.730898 1.559849 1.659722 4.031461 2.589261 1.811547 52.591246 -10.000000 17.644898 
110 7 Car -1.000000 -1 -5.187041 820.960586 177.206041 877.840805 203.561084 1.469801 1.659722 4.031461 13.482496 1.689365 40.431477 -10.000000 7.708171 
110 8 Car -1.000000 -1 -4.722733 666.366344 172.310739 732.100599 221.143073 1.604870 1.659722 4.031461 3.220272 1.702981 25.042843 -10.000000 11.308580 
110 9 Car -1.000000 -1 -4.695689 718.490893 180.521026 831.343631 253.217786 1.356032 1.659722 4.031461 3.441147 1.661302 14.427300 -10.000000 7.080976 
110 10 Car -1.000000 -1 -4.678072 885.660696 181.782869 1069.348758 257.458992 1.347592 1.659722 4.031461 6.992846 1.633719 13.703932 -10.000000 3.691336 
111 5 Car -1.000000 -1 -4.746597 613.452047 175.918208 632.478484 192.980090 1.548635 1.659722 4.031461 1.429378 1.859701 66.977091 -10.000000 10.100690 
111 6 Car -1.000000 -1 -4.748622 628.160102 174.850004 656.526207 196.013545 1.562721 1.659722 4.031461 2.470987 1.807451 54.541617 -10.000000 17.947862 
111 7 Car -1.000000 -1 -4.925445 812.022717 176.933899 875.471354 203.001553 1.470494 1.659722 4.031461 13.202468 1.675623 40.730249 -10.000000 8.287116 
111 8 Car -1.000000 -1 -4.712043 663.821037 171.366566 725.757413 218.897047 1.647419 1.659722 4.031461 3.228791 1.701302 26.334378 -10.000000 11.570988 
111 9 Car -1.000000 -1 -4.708402 710.744419 179.090388 813.613701 247.375311 1.380329 1.659722 4.031461 3.385092 1.661315 15.428498 -10.000000 7.624638 
111 10 Car -1.000000 -1 -4.685913 867.325161 180.442370 1032.357452 250.809188 1.362198 1.659722 4.031461 7.012795 1.630990 14.763727 -10.000000 4.317725 
112 5 Car -1.000000 -1 -4.746597 612.538879 175.971304 631.565316 192.843824 1.566213 1.659722 4.031461 1.370573 1.884120 68.463804 -10.000000 8.378030 
112 6 Car -1.000000 -1 -4.718757 626.501439 174.861126 653.870325 195.324122 1.561576 1.659722 4.031461 2.403425 1.831182 56.632672 -10.000000 18.245258 
112 7 Car -1.000000 -1 -4.839653 805.348034 177.089333 872.747490 202.587615 1.460286 1.659722 4.031461 13.152969 1.696522 41.342561 -10.000000 8.877138 
112 8 Car -1.000000 -1 -4.726693 660.599359 171.097804 720.315394 217.126716 1.684466 1.659722 4.031461 3.213704 1.712942 27.478760 -10.000000 11.909241 
112 9 Car -1.000000 -1 -4.706228 703.394398 178.426028 798.135071 243.017807 1.400143 1.659722 4.031461 3.366289 1.669531 16.511005 -10.000000 8.128480 
112 10 Car -1.000000 -1 -4.706121 850.913242 179.389581 1000.777791 245.483856 1.372298 1.659722 4.031461 7.021414 1.641347 15.872315 -10.000000 4.926866 
113 5 Car -1.000000 -1 -4.746597 610.582295 175.587747 629.608733 192.277287 1.583574 1.659722 4.031461 1.315864 1.881940 69.948734 -10.000000 6.900609 
113 6 Car -1.000000 -1 -4.737646 625.493814 175.044680 652.313881 194.949544 1.571228 1.659722 4.031461 2.405040 1.832012 58.792985 -10.000000 18.507691 
113 7 Car -1.000000 -1 -5.204384 803.309593 177.574414 864.598480 202.430367 1.444674 1.659722 4.031461 13.015334 1.688607 41.811576 -10.000000 9.401055 
113 8 Car -1.000000 -1 -4.712576 652.298503 170.007641 711.607592 215.034476 1.714709 1.659722 4.031461 3.198724 1.713327 28.660480 -10.000000 9.929115 
113 9 Car -1.000000 -1 -4.720334 698.303629 178.364253 785.712511 238.591426 1.407201 1.659722 4.031461 3.401221 1.670708 17.674036 -10.000000 8.589625 
113 10 Car -1.000000 -1 -4.689416 837.035326 178.719176 975.192958 241.111475 1.390491 1.659722 4.031461 7.045882 1.640367 16.898680 -10.000000 5.544301 
114 5 Car -1.000000 -1 -4.746597 610.604003 175.482989 629.630441 191.995507 1.600735 1.659722 4.031461 1.259395 1.888228 71.432539 -10.000000 5.633513 
114 6 Car -1.000000 -1 -4.727076 624.721140 174.696334 650.431228 194.390360 1.596946 1.659722 4.031461 2.398739 1.840211 60.816293 -10.000000 18.752112 
114 7 Car -1.000000 -1 -4.769409 802.234451 178.797479 856.931225 202.763646 1.420334 1.659722 4.031461 12.984915 1.693890 42.482849 -10.000000 9.920812 
114 8 Car -1.000000 -1 -4.741153 656.111186 171.909391 712.708191 214.747480 1.721601 1.659722 4.031461 3.145220 1.718545 29.698653 -10.000000 11.851624 
114 9 Car -1.000000 -1 -4.729951 692.805935 178.576493 773.959243 235.047844 1.407280 1.659722 4.031461 3.375934 1.676402 18.864966 -10.000000 9.050334 
114 10 Car -1.000000 -1 -4.715302 824.641253 177.969044 950.623130 236.962199 1.402256 1.659722 4.031461 7.026995 1.646235 17.978810 -10.000000 6.128599 
115 5 Car -1.000000 -1 -4.746597 610.114858 175.015720 629.141295 191.355752 1.617813 1.659722 4.031461 1.204792 1.893907 72.924998 -10.000000 4.546803 
115 6 Car -1.000000 -1 -4.720319 622.929625 174.168937 648.241690 193.546144 1.633419 1.659722 4.031461 2.357005 1.846394 62.631699 -10.000000 15.797831 
115 7 Car -1.000000 -1 -4.731855 802.008521 177.865923 852.280518 201.580630 1.405879 1.659722 4.031461 13.094543 1.690650 43.280024 -10.000000 10.362515 
115 8 Car -1.000000 -1 -4.736147 653.132773 172.496628 706.530070 212.571293 1.685540 1.659722 4.031461 3.093398 1.722543 31.114074 -10.000000 12.247117 
115 9 Car -1.000000 -1 -4.708564 688.004734 177.932101 763.847579 231.768373 1.421406 1.659722 4.031461 3.345482 1.678866 19.983502 -10.000000 9.492195 
115 10 Car -1.000000 -1 -4.693904 813.343165 177.693070 928.718330 233.261952 1.408775 1.659722 4.031461 7.038524 1.647005 19.117919 -10.000000 6.686878 
116 6 Car -1.000000 -1 -4.767998 620.889677 174.678801 645.666725 193.163986 1.627865 1.659722 4.031461 2.122401 1.872065 64.709308 -10.000000 18.456578 
116 7 Car -1.000000 -1 -4.724192 801.053062 177.901537 852.105897 201.820653 1.429026 1.659722 4.031461 13.110407 1.709272 43.430531 -10.000000 10.713717 
116 8 Car -1.000000 -1 -4.721614 651.404935 172.262448 702.587226 211.192558 1.677495 1.659722 4.031461 3.119255 1.735875 32.442043 -10.000000 12.626507 
116 9 Car -1.000000 -1 -4.706531 683.662105 177.756395 754.489600 228.427924 1.430756 1.659722 4.031461 3.381266 1.689850 21.405187 -10.000000 9.905360 
116 10 Car -1.000000 -1 -4.687572 803.276468 177.452596 909.508657 230.347960 1.417767 1.659722 4.031461 7.111724 1.659462 20.397352 -10.000000 7.221090 
117 6 Car -1.000000 -1 -4.729446 620.110837 174.710711 643.546868 192.688358 1.616767 1.659722 4.031461 2.086722 1.866108 66.896854 -10.000000 18.727462 
117 7 Car -1.000000 -1 -4.654411 797.118199 177.640096 848.912051 201.583037 1.441065 1.659722 4.031461 13.070456 1.701931 43.898821 -10.000000 8.903786 
117 8 Car -1.000000 -1 -4.767982 649.136526 172.332341 697.371565 209.973097 1.700591 1.659722 4.031461 3.018827 1.735374 33.667001 -10.000000 13.015591 
117 9 Car -1.000000 -1 -4.745992 678.556144 177.471243 745.938233 225.678538 1.443618 1.659722 4.031461 3.327488 1.692072 22.660180 -10.000000 10.323556 
117 10 Car -1.000000 -1 -4.708303 793.143543 177.106152 891.692237 227.026430 1.433373 1.659722 4.031461 7.105520 1.661431 21.666770 -10.000000 7.738524 
118 6 Car -1.000000 -1 -4.793739 619.896776 175.256856 641.084801 192.508824 1.618917 1.659722 4.031461 1.968435 1.887016 68.986525 -10.000000 18.961180 
118 7 Car -1.000000 -1 -4.744721 793.836022 177.111945 845.629873 200.926069 1.448902 1.659722 4.031461 13.029732 1.706841 44.371197 -10.000000 7.351517 
118 8 Car -1.000000 -1 -4.740283 646.003535 172.951164 691.188575 208.737983 1.695222 1.659722 4.031461 2.908900 1.745960 35.092460 -10.000000 13.431336 
118 9 Car -1.000000 -1 -4.690610 674.863147 177.104349 737.971590 222.750309 1.456785 1.659722 4.031461 3.345565 1.698786 23.988553 -10.000000 10.729485 
118 10 Car -1.000000 -1 -4.658648 784.072148 176.893923 876.245050 224.302265 1.442356 1.659722 4.031461 7.165578 1.666146 22.969771 -10.000000 8.242416 
119 6 Car -1.000000 -1 -4.734394 618.774860 175.415300 639.597726 192.087127 1.608226 1.659722 4.031461 1.902573 1.861178 70.779886 -10.000000 19.114630 
119 7 Car -1.000000 -1 -4.793635 790.694933 176.910542 842.488784 200.598163 1.456682 1.659722 4.031461 12.987253 1.683991 44.842604 -10.000000 6.020231 
119 8 Car -1.000000 -1 -4.769390 644.247895 173.083882 687.546639 207.663757 1.688790 1.659722 4.031461 2.871296 1.734253 36.157020 -10.000000 13.781123 
119 9 Car -1.000000 -1 -4.747403 671.384717 176.742901 731.262671 220.685005 1.470201 1.659722 4.031461 3.306446 1.693080 25.203757 -10.000000 11.128936 
119 10 Car -1.000000 -1 -4.716015 775.905683 176.321594 862.833317 221.497324 1.455480 1.659722 4.031461 7.156920 1.658913 24.144429 -10.000000 8.721637 
120 6 Car -1.000000 -1 -4.747228 617.584514 175.653613 638.172303 191.849428 1.601828 1.659722 4.031461 1.864925 1.892551 72.882536 -10.000000 19.318472 
120 7 Car -1.000000 -1 -4.793635 787.624389 176.871600 839.418240 200.434708 1.464420 1.659722 4.031461 12.948278 1.707785 45.314032 -10.000000 4.878467 
120 8 Car -1.000000 -1 -4.758216 643.067218 173.311055 683.633948 206.729794 1.688353 1.659722 4.031461 2.858460 1.751169 37.292440 -10.000000 14.107049 
120 9 Car -1.000000 -1 -4.714461 667.700217 176.684917 723.916421 218.430662 1.482338 1.659722 4.031461 3.277510 1.707903 26.623978 -10.000000 11.529127 
120 10 Car -1.000000 -1 -4.696257 768.751447 176.278016 849.224374 219.495688 1.463899 1.659722 4.031461 7.132785 1.675010 25.359567 -10.000000 9.190574 
121 6 Car -1.000000 -1 -4.736176 617.209824 175.672220 637.252126 190.922682 1.582494 1.659722 4.031461 1.824622 1.887058 75.126297 -10.000000 19.511676 
121 7 Car -1.000000 -1 -4.793635 784.589116 176.412768 836.382968 199.853519 1.472104 1.659722 4.031461 12.910886 1.694980 45.784634 -10.000000 3.899245 
121 8 Car -1.000000 -1 -4.743935 641.280339 173.416044 681.493818 205.466760 1.676537 1.659722 4.031461 2.814239 1.748153 38.642803 -10.000000 14.463560 
121 9 Car -1.000000 -1 -4.734749 665.130939 176.679350 718.005965 216.363473 1.484624 1.659722 4.031461 3.257513 1.705798 27.825821 -10.000000 11.899561 
121 10 Car -1.000000 -1 -4.705528 762.449817 176.181845 837.829622 217.873869 1.476608 1.659722 4.031461 7.152788 1.670712 26.528033 -10.000000 9.631344 
122 6 Car -1.000000 -1 -4.728314 616.812751 174.964893 636.113072 189.301285 1.537312 1.659722 4.031461 1.782107 1.894147 77.527647 -10.000000 19.603733 
122 7 Car -1.000000 -1 -4.793635 782.071480 176.243254 833.865332 199.563351 1.479760 1.659722 4.031461 12.871495 1.698037 46.255961 -10.000000 3.059425 
122 8 Car -1.000000 -1 -4.722498 638.679984 173.516246 679.384567 204.665358 1.673199 1.659722 4.031461 2.797614 1.752911 40.003016 -10.000000 14.863781 
122 9 Car -1.000000 -1 -4.726377 662.054048 177.403883 713.662076 214.998176 1.477796 1.659722 4.031461 3.244558 1.710656 29.084668 -10.000000 12.271447 
122 10 Car -1.000000 -1 -4.717080 755.565653 176.328812 827.799546 215.840445 1.480535 1.659722 4.031461 7.160381 1.676555 27.924414 -10.000000 10.074091 
123 6 Car -1.000000 -1 -4.735712 615.435974 175.554573 634.508743 189.637281 1.513115 1.659722 4.031461 1.715786 1.912108 79.465451 -10.000000 16.528214 
123 8 Car -1.000000 -1 -4.768611 636.715928 173.663701 673.917132 203.602520 1.676657 1.659722 4.031461 2.681194 1.762189 41.404692 -10.000000 15.221935 
123 9 Car -1.000000 -1 -4.739080 658.986041 177.400519 708.599295 213.372469 1.469521 1.659722 4.031461 3.191624 1.717096 30.426014 -10.000000 12.665309 
123 10 Car -1.000000 -1 -4.694197 749.120528 176.458009 818.609602 214.348860 1.480920 1.659722 4.031461 7.179837 1.680626 29.174340 -10.000000 10.511197 
123 7 Car -1.000000 -1 -1.183270 753.792382 179.323086 823.368212 218.364215 1.512412 1.659722 4.031461 6.589963 1.675973 26.670770 -10.000000 6.112283 
123 11 Car -1.000000 -1 -0.179381 813.842438 178.273317 866.810148 203.438031 1.420795 1.659722 4.031461 12.925253 1.676824 40.413765 -10.000000 1.311962 
124 8 Car -1.000000 -1 -4.741493 636.738220 174.125290 669.854658 202.965172 1.668814 1.659722 4.031461 2.617243 1.754641 42.533114 -10.000000 15.566517 
124 9 Car -1.000000 -1 -4.712712 656.918967 177.296617 703.599091 211.712822 1.471530 1.659722 4.031461 3.196517 1.713024 31.816471 -10.000000 13.039521 
124 10 Car -1.000000 -1 -4.732211 744.213069 176.169122 809.313318 212.780146 1.492858 1.659722 4.031461 7.116011 1.675112 30.275284 -10.000000 10.950349 
124 7 Car -1.000000 -1 -0.983397 748.324244 179.427708 813.371224 217.392012 1.435660 1.659722 4.031461 6.218830 1.668972 26.312298 -10.000000 6.610941 
124 11 Car -1.000000 -1 -6.179783 808.818742 177.982462 866.006670 203.428941 1.422171 1.659722 4.031461 12.714782 1.663345 40.419263 -10.000000 2.079391 
125 8 Car -1.000000 -1 -4.789392 636.410873 174.418870 665.546209 202.239382 1.656643 1.659722 4.031461 2.521296 1.770613 43.788254 -10.000000 15.899567 
125 9 Car -1.000000 -1 -4.745979 654.845237 177.212408 699.136966 210.393257 1.477492 1.659722 4.031461 3.152546 1.725331 33.160346 -10.000000 13.407538 
125 10 Car -1.000000 -1 -4.727100 739.193220 175.948825 800.471553 211.587439 1.504624 1.659722 4.031461 7.056790 1.685371 31.335716 -10.000000 11.354557 
125 11 Car -1.000000 -1 -1.092851 806.540560 178.162416 866.635727 203.924624 1.470707 1.659722 4.031461 12.659117 1.672214 40.477798 -10.000000 3.732898 
126 8 Car -1.000000 -1 -4.768665 635.159014 174.367555 661.426875 200.998351 1.639198 1.659722 4.031461 2.426680 1.762638 45.298381 -10.000000 16.221800 
126 9 Car -1.000000 -1 -4.720223 652.569906 177.278374 695.248599 209.140933 1.483781 1.659722 4.031461 3.118993 1.719604 34.385421 -10.000000 13.776027 
126 10 Car -1.000000 -1 -4.756953 733.922568 175.819181 792.685338 210.391189 1.514631 1.659722 4.031461 7.011593 1.679818 32.513833 -10.000000 11.773758 
126 11 Car -1.000000 -1 -1.032738 803.137205 178.169051 866.503157 204.095297 1.459560 1.659722 4.031461 12.462975 1.658605 40.044855 -10.000000 4.471100 
126 12 Car -1.000000 -1 -4.674549 1023.562009 148.896056 1242.000000 332.147623 1.947118 1.659722 4.031461 5.453964 1.608547 7.608526 -10.000000 0.304311 
127 8 Car -1.000000 -1 -4.742504 633.597186 174.294798 659.777155 200.011597 1.627259 1.659722 4.031461 2.431581 1.766164 46.868842 -10.000000 16.530986 
127 9 Car -1.000000 -1 -4.760711 649.815092 176.607294 691.415212 207.876590 1.493247 1.659722 4.031461 3.035340 1.723421 35.574114 -10.000000 14.164823 
127 10 Car -1.000000 -1 -4.737875 729.408338 175.927604 785.727884 209.201743 1.517844 1.659722 4.031461 7.010646 1.683380 33.641792 -10.000000 12.180522 
127 11 Car -1.000000 -1 -1.114113 801.394794 177.950200 866.716119 204.233871 1.458366 1.659722 4.031461 12.301692 1.658860 39.704085 -10.000000 5.211369 
128 8 Car -1.000000 -1 -4.732837 632.535167 174.617756 657.761633 199.433365 1.626333 1.659722 4.031461 2.453352 1.781509 48.546215 -10.000000 16.830674 
128 9 Car -1.000000 -1 -4.728067 647.613225 176.116889 687.737906 206.874966 1.519258 1.659722 4.031461 3.025124 1.735161 36.779803 -10.000000 14.530256 
128 10 Car -1.000000 -1 -4.741991 724.478421 175.815316 779.073795 208.123131 1.518384 1.659722 4.031461 6.974808 1.695872 35.005174 -10.000000 12.596056 
128 11 Car -1.000000 -1 -1.176690 800.167544 178.166826 866.451539 204.499490 1.457677 1.659722 4.031461 12.224642 1.667780 39.476722 -10.000000 5.929415 
129 8 Car -1.000000 -1 -4.746595 630.733914 174.530813 655.380316 198.845652 1.635127 1.659722 4.031461 2.335167 1.781243 50.051841 -10.000000 17.138917 
129 9 Car -1.000000 -1 -4.767540 645.937927 175.943527 684.579902 205.989688 1.539821 1.659722 4.031461 2.971506 1.736248 37.969474 -10.000000 14.873203 
129 10 Car -1.000000 -1 -4.709313 719.975412 175.423029 772.802706 206.852140 1.533146 1.659722 4.031461 6.977414 1.699330 36.337514 -10.000000 13.001851 
129 11 Car -1.000000 -1 -1.173790 799.857753 178.154610 866.392603 204.465334 1.448841 1.659722 4.031461 12.173104 1.668288 39.309249 -10.000000 6.614245 
130 8 Car -1.000000 -1 -4.712279 629.737093 174.199971 653.946358 198.154197 1.657698 1.659722 4.031461 2.307566 1.793904 51.411036 -10.000000 17.467041 
130 9 Car -1.000000 -1 -4.712269 644.649929 175.526571 681.744701 204.258364 1.538581 1.659722 4.031461 2.976610 1.746886 39.423466 -10.000000 15.184574 
130 10 Car -1.000000 -1 -4.724057 715.887664 175.384241 766.896019 205.727107 1.543973 1.659722 4.031461 6.976080 1.709433 37.687412 -10.000000 13.402329 
130 11 Car -1.000000 -1 -1.253312 800.666506 178.077439 866.972865 204.496428 1.444235 1.659722 4.031461 12.052958 1.673905 38.932452 -10.000000 7.304551 
131 8 Car -1.000000 -1 -4.770490 629.051328 174.310778 651.349618 197.550499 1.667493 1.659722 4.031461 2.239382 1.806264 52.923133 -10.000000 17.759519 
131 9 Car -1.000000 -1 -4.759589 643.210262 176.363247 678.429260 204.063846 1.529642 1.659722 4.031461 2.906215 1.757274 40.684631 -10.000000 15.534583 
131 10 Car -1.000000 -1 -4.712445 712.303498 175.377182 761.503363 204.672664 1.545773 1.659722 4.031461 6.964709 1.721963 39.077968 -10.000000 13.796796 
131 11 Car -1.000000 -1 -1.347056 800.075498 178.224772 866.472022 204.753537 1.438966 1.659722 4.031461 12.069848 1.684416 38.961796 -10.000000 7.955091 
132 8 Car -1.000000 -1 -4.742717 628.031589 174.270514 648.007074 196.735439 1.660533 1.659722 4.031461 2.159731 1.809236 54.542839 -10.000000 18.040062 
132 9 Car -1.000000 -1 -4.717116 641.573324 176.694985 674.705989 203.304146 1.523439 1.659722 4.031461 2.874710 1.758898 41.966226 -10.000000 15.831276 
132 10 Car -1.000000 -1 -4.719750 708.403948 175.419600 755.880767 203.718701 1.547979 1.659722 4.031461 6.932766 1.722520 40.469171 -10.000000 14.194566 
132 11 Car -1.000000 -1 -1.338934 800.306870 177.958588 865.952043 203.981063 1.427289 1.659722 4.031461 12.155157 1.678119 39.219069 -10.000000 8.558746 
133 8 Car -1.000000 -1 -4.740444 627.221007 173.422080 646.938576 195.397991 1.661894 1.659722 4.031461 2.130939 1.826166 56.056369 -10.000000 18.311249 
133 9 Car -1.000000 -1 -4.744417 640.768800 177.365035 672.219353 202.769430 1.506139 1.659722 4.031461 2.851201 1.773253 43.336285 -10.000000 16.147574 
133 10 Car -1.000000 -1 -4.725277 705.204259 175.411570 750.678885 203.011197 1.555404 1.659722 4.031461 6.901166 1.737920 41.689708 -10.000000 14.567961 
133 11 Car -1.000000 -1 -5.269469 800.614875 177.319597 862.561736 203.257837 1.416609 1.659722 4.031461 12.046268 1.692031 39.330960 -10.000000 9.128735 
134 8 Car -1.000000 -1 -4.733840 625.575022 174.248129 646.150433 195.611108 1.668143 1.659722 4.031461 2.117250 1.836028 57.724976 -10.000000 18.594186 
134 9 Car -1.000000 -1 -4.727619 638.447332 177.373913 669.762053 201.984548 1.494400 1.659722 4.031461 2.823991 1.781357 44.775324 -10.000000 16.455989 
134 10 Car -1.000000 -1 -4.726600 701.835499 175.628037 745.817081 202.092321 1.554331 1.659722 4.031461 6.878442 1.745358 42.981597 -10.000000 14.926218 
134 11 Car -1.000000 -1 -4.681279 800.511729 178.099458 854.251421 203.055531 1.397755 1.659722 4.031461 11.975474 1.697014 39.920731 -10.000000 9.593684 
135 8 Car -1.000000 -1 -4.751224 624.367495 174.592575 644.524255 195.143335 1.661061 1.659722 4.031461 2.017834 1.844047 59.255021 -10.000000 18.900440 
135 9 Car -1.000000 -1 -4.747727 637.427616 177.024882 667.676599 200.942206 1.498743 1.659722 4.031461 2.737100 1.788680 46.280534 -10.000000 16.801748 
135 10 Car -1.000000 -1 -4.751786 698.199888 176.125149 740.966568 201.659328 1.539649 1.659722 4.031461 6.800389 1.751705 44.341247 -10.000000 15.322830 
135 11 Car -1.000000 -1 -5.066529 800.509318 178.271684 843.027417 202.790267 1.372125 1.659722 4.031461 11.819837 1.700491 40.512579 -10.000000 9.990575 
136 8 Car -1.000000 -1 -4.746096 622.937211 175.171331 642.811543 194.702006 1.634416 1.659722 4.031461 1.908626 1.838289 60.904879 -10.000000 19.199949 
136 9 Car -1.000000 -1 -4.715011 636.374474 177.072070 665.434452 199.922550 1.494887 1.659722 4.031461 2.746942 1.784728 47.823095 -10.000000 17.100696 
136 10 Car -1.000000 -1 -4.734541 695.167713 176.210294 736.142699 200.946232 1.535918 1.659722 4.031461 6.754928 1.748142 45.735476 -10.000000 15.696851 
136 11 Car -1.000000 -1 -5.070178 799.780293 178.255671 838.979029 202.626680 1.368359 1.659722 4.031461 11.688294 1.693276 40.457432 -10.000000 8.283591 
137 8 Car -1.000000 -1 -4.749668 621.203852 174.840217 641.545389 194.135590 1.622305 1.659722 4.031461 1.870505 1.846693 62.715722 -10.000000 19.491725 
137 9 Car -1.000000 -1 -4.747512 634.650324 176.646622 662.895480 199.047698 1.491742 1.659722 4.031461 2.712310 1.791561 49.451358 -10.000000 17.396268 
137 10 Car -1.000000 -1 -4.731853 693.868294 176.034186 731.139564 200.024180 1.536013 1.659722 4.031461 6.767664 1.751811 47.199923 -10.000000 16.014273 
137 11 Car -1.000000 -1 -5.200708 796.085940 178.198771 835.284676 202.585780 1.367462 1.659722 4.031461 11.553294 1.689741 40.404302 -10.000000 6.819614 
138 8 Car -1.000000 -1 -4.731013 619.899139 174.379374 641.381532 193.691845 1.659077 1.659722 4.031461 1.907250 1.859052 64.429262 -10.000000 19.705306 
138 9 Car -1.000000 -1 -4.719509 633.909470 176.880801 660.858822 198.414091 1.500876 1.659722 4.031461 2.669327 1.804060 51.185201 -10.000000 17.717634 
138 10 Car -1.000000 -1 -4.734945 690.359231 175.850878 726.617547 199.157989 1.538399 1.659722 4.031461 6.736805 1.766651 48.784896 -10.000000 16.328286 
138 11 Car -1.000000 -1 -0.390383 794.238764 178.662093 833.437500 203.065406 1.366549 1.659722 4.031461 11.418815 1.702319 40.350271 -10.000000 5.564049 
139 8 Car -1.000000 -1 -4.729094 619.293009 173.799301 640.263385 193.066496 1.701547 1.659722 4.031461 1.873048 1.874769 66.049111 -10.000000 19.960175 
139 9 Car -1.000000 -1 -4.739098 632.220473 176.652319 659.059984 197.611205 1.499635 1.659722 4.031461 2.603948 1.817313 52.797930 -10.000000 18.055931 
139 10 Car -1.000000 -1 -4.698470 687.888534 175.856497 723.088917 198.451702 1.542701 1.659722 4.031461 6.755131 1.777641 50.468401 -10.000000 16.654237 
139 11 Car -1.000000 -1 -0.390383 792.315175 178.884765 831.513911 203.305498 1.365575 1.659722 4.031461 11.285294 1.704344 40.292669 -10.000000 4.487227 
140 8 Car -1.000000 -1 -4.660227 618.518851 173.613657 640.983953 192.478368 1.724537 1.659722 4.031461 1.995635 1.856506 67.763901 -10.000000 20.022078 
140 9 Car -1.000000 -1 -4.720923 631.019718 176.380856 657.273373 196.868655 1.510547 1.659722 4.031461 2.600561 1.804742 54.456682 -10.000000 18.392340 
140 10 Car -1.000000 -1 -4.725428 686.446281 175.516040 719.170114 197.510293 1.549180 1.659722 4.031461 6.730030 1.763856 51.939348 -10.000000 16.966523 
140 11 Car -1.000000 -1 -0.390383 790.353381 178.987908 829.552117 203.425371 1.364640 1.659722 4.031461 11.148931 1.688235 40.237441 -10.000000 3.563703 
141 8 Car -1.000000 -1 -4.724468 617.717742 173.257796 640.897104 191.836581 1.744791 1.659722 4.031461 1.987307 1.847967 69.276978 -10.000000 16.887004 
141 9 Car -1.000000 -1 -4.735584 629.947299 176.027969 655.637430 196.136872 1.525023 1.659722 4.031461 2.589097 1.799443 55.912922 -10.000000 18.731918 
141 10 Car -1.000000 -1 -4.710023 682.851336 175.424771 716.265835 196.982863 1.558692 1.659722 4.031461 6.713258 1.760966 53.498825 -10.000000 17.339659 
141 11 Car -1.000000 -1 -0.390383 788.372484 179.030523 827.571220 203.485505 1.363663 1.659722 4.031461 11.019385 1.685181 40.179769 -10.000000 2.771651 
142 8 Car -1.000000 -1 -4.673642 617.495752 173.160685 640.675114 191.536402 1.764288 1.659722 4.031461 1.978004 1.870443 70.791377 -10.000000 14.198241 
142 9 Car -1.000000 -1 -4.751662 628.585436 175.208716 654.150192 195.740276 1.563118 1.659722 4.031461 2.450938 1.819635 57.564502 -10.000000 18.989538 
142 10 Car -1.000000 -1 -4.756356 679.833170 175.244102 713.255173 196.450147 1.575027 1.659722 4.031461 6.599394 1.779309 54.953854 -10.000000 17.692217 
142 11 Car -1.000000 -1 -0.390383 786.382036 179.043345 825.580772 203.515481 1.362708 1.659722 4.031461 10.889499 1.694249 40.123413 -10.000000 2.092356 
143 8 Car -1.000000 -1 -4.718753 616.884758 173.208623 640.064120 191.387993 1.783551 1.659722 4.031461 1.967667 1.889702 72.304165 -10.000000 11.892251 
143 9 Car -1.000000 -1 -4.721291 626.551641 174.673218 652.086910 194.915732 1.616010 1.659722 4.031461 2.431133 1.837130 59.388031 -10.000000 19.317884 
143 10 Car -1.000000 -1 -4.747646 677.390051 175.127197 709.315631 196.210477 1.598674 1.659722 4.031461 6.512670 1.794324 56.282159 -10.000000 18.033477 
143 11 Car -1.000000 -1 -0.390383 784.386811 179.040818 823.585547 203.530589 1.361728 1.659722 4.031461 10.758662 1.700479 40.065598 -10.000000 1.509767 
144 8 Car -1.000000 -1 -4.718753 616.579260 172.826224 639.758622 190.815302 1.802620 1.659722 4.031461 1.954008 1.914124 73.817819 -10.000000 9.914543 
144 9 Car -1.000000 -1 -4.756273 625.869829 175.393172 650.407807 194.279452 1.602941 1.659722 4.031461 2.414081 1.859052 61.143714 -10.000000 19.552630 
144 10 Car -1.000000 -1 -4.744313 675.364498 175.197627 706.230948 195.874660 1.618835 1.659722 4.031461 6.525749 1.815804 57.836449 -10.000000 18.349121 
144 13 Car -1.000000 -1 -0.133587 821.093522 178.417962 866.635314 202.743313 1.434646 1.659722 4.031461 14.390583 1.703863 44.353653 -10.000000 0.243085 
145 8 Car -1.000000 -1 -4.718753 615.926512 172.725860 639.105874 190.530394 1.821499 1.659722 4.031461 1.938020 1.875605 75.332342 -10.000000 8.218383 
145 9 Car -1.000000 -1 -4.740879 624.209826 175.111470 648.508242 193.762173 1.576096 1.659722 4.031461 2.322019 1.830644 62.936913 -10.000000 19.871653 
145 10 Car -1.000000 -1 -4.754494 672.957860 174.878357 703.791764 195.193647 1.629166 1.659722 4.031461 6.497708 1.785433 59.088224 -10.000000 18.641320 
145 13 Car -1.000000 -1 -0.502693 811.737867 177.773784 866.578516 203.269870 1.541712 1.659722 4.031461 14.007649 1.676383 43.980559 -10.000000 1.102789 
146 8 Car -1.000000 -1 -4.718753 615.600137 172.263695 638.779499 189.889358 1.840174 1.659722 4.031461 1.923707 1.885681 76.845948 -10.000000 6.763689 
146 9 Car -1.000000 -1 -4.731504 622.396587 174.619790 646.751061 193.018833 1.604836 1.659722 4.031461 2.267117 1.839774 64.459982 -10.000000 16.757994 
146 10 Car -1.000000 -1 -4.729720 670.395584 174.418156 701.112678 194.583559 1.644315 1.659722 4.031461 6.423696 1.793642 60.555279 -10.000000 18.954169 
146 13 Car -1.000000 -1 -0.739442 806.834623 177.433541 865.297049 203.123963 1.571361 1.659722 4.031461 13.659437 1.677521 43.494366 -10.000000 1.915467 
147 8 Car -1.000000 -1 -4.718753 614.936950 172.118157 638.116312 189.570137 1.858672 1.659722 4.031461 1.897314 1.908046 78.360419 -10.000000 5.516086 
147 9 Car -1.000000 -1 -4.767343 619.775540 175.020509 646.700884 193.079482 1.616744 1.659722 4.031461 2.151289 1.860230 66.061731 -10.000000 19.461946 
147 10 Car -1.000000 -1 -4.740459 668.207126 174.394793 697.566766 193.858554 1.651298 1.659722 4.031461 6.350395 1.813080 62.242688 -10.000000 19.215203 
147 13 Car -1.000000 -1 -0.888090 801.870617 177.406941 864.953519 203.317928 1.559917 1.659722 4.031461 13.318776 1.686689 42.983179 -10.000000 2.694393 
148 8 Car -1.000000 -1 -4.394611 619.581868 174.405649 643.997059 190.935923 1.775473 1.659722 4.031461 2.299368 1.908207 78.072150 -10.000000 16.098229 
148 9 Car -1.000000 -1 -4.758170 618.492190 175.004373 644.087109 192.787925 1.627092 1.659722 4.031461 2.032375 1.871611 67.888200 -10.000000 19.710158 
148 10 Car -1.000000 -1 -4.739772 666.839208 173.691890 695.167919 192.679333 1.642586 1.659722 4.031461 6.322054 1.823727 63.831145 -10.000000 19.459504 
148 13 Car -1.000000 -1 -1.092898 798.630701 177.706498 864.657467 203.920267 1.558863 1.659722 4.031461 12.976726 1.691052 42.139463 -10.000000 3.463821 
149 8 Car -1.000000 -1 -4.703255 618.549308 174.593143 643.146100 191.012304 1.776562 1.659722 4.031461 2.325055 1.909531 79.482114 -10.000000 13.521756 
149 9 Car -1.000000 -1 -4.765888 617.434362 174.672257 642.250870 192.204196 1.649515 1.659722 4.031461 1.954525 1.874901 69.438475 -10.000000 16.619489 
149 10 Car -1.000000 -1 -4.741389 664.626323 174.192020 692.041614 192.895744 1.651470 1.659722 4.031461 6.281060 1.827099 65.276359 -10.000000 19.715908 
149 13 Car -1.000000 -1 -1.080306 796.366687 177.681260 864.222920 203.915039 1.543155 1.659722 4.031461 12.773214 1.690625 41.642463 -10.000000 4.202823 
150 9 Car -1.000000 -1 -4.715342 616.905546 175.824293 642.582552 192.026025 1.610172 1.659722 4.031461 2.033976 1.950926 71.574198 -10.000000 19.227701 
150 10 Car -1.000000 -1 -4.712628 663.355700 174.759815 690.172738 192.623377 1.644531 1.659722 4.031461 6.283652 1.896897 67.122355 -10.000000 19.968646 
150 13 Car -1.000000 -1 -1.188728 794.965165 178.145672 864.161597 204.393948 1.521997 1.659722 4.031461 12.544579 1.723350 41.080085 -10.000000 4.921053 
151 9 Car -1.000000 -1 -4.775058 616.431384 176.077613 641.450340 191.473938 1.554704 1.659722 4.031461 1.892774 1.882821 73.336437 -10.000000 19.445661 
151 10 Car -1.000000 -1 -4.769307 661.705888 174.979672 688.012978 192.188393 1.617856 1.659722 4.031461 6.146303 1.834995 68.632483 -10.000000 20.272630 
151 13 Car -1.000000 -1 -1.189246 793.906552 178.217519 863.437068 204.606262 1.507423 1.659722 4.031461 12.284354 1.689166 40.410750 -10.000000 5.630033 
152 9 Car -1.000000 -1 -4.706712 615.600888 176.594465 639.332729 191.236852 1.526509 1.659722 4.031461 1.812586 1.884174 74.934952 -10.000000 19.585214 
152 10 Car -1.000000 -1 -4.733638 659.593475 175.025980 685.331154 192.104972 1.617509 1.659722 4.031461 6.056440 1.834392 69.985297 -10.000000 20.576039 
152 13 Car -1.000000 -1 -1.191337 793.961097 178.083165 861.673544 204.614320 1.492807 1.659722 4.031461 12.049041 1.681338 39.814109 -10.000000 6.317493 
153 9 Car -1.000000 -1 -4.772701 613.035730 176.798485 636.402880 191.264452 1.502321 1.659722 4.031461 1.734101 1.907302 76.535349 -10.000000 16.512332 
153 10 Car -1.000000 -1 -4.766084 657.575380 174.900256 683.270098 191.354250 1.619727 1.659722 4.031461 6.007242 1.856867 71.656156 -10.000000 20.819462 
153 13 Car -1.000000 -1 -1.186665 793.740726 178.276271 860.318859 204.929265 1.478114 1.659722 4.031461 11.868391 1.690762 39.387477 -10.000000 6.978062 
154 9 Car -1.000000 -1 -4.754006 612.161978 175.469850 635.529128 189.784537 1.518367 1.659722 4.031461 1.668573 1.926489 78.136096 -10.000000 13.876908 
154 10 Car -1.000000 -1 -4.746722 656.122886 174.759020 681.335826 191.083775 1.613483 1.659722 4.031461 5.972825 1.876730 73.560045 -10.000000 21.081675 
154 13 Car -1.000000 -1 -1.169377 793.005088 178.201001 859.901842 205.018039 1.468741 1.659722 4.031461 11.728805 1.697841 39.091515 -10.000000 7.639541 
155 9 Car -1.000000 -1 -4.751619 611.225102 175.877883 634.592252 190.045676 1.534275 1.659722 4.031461 1.591589 1.924011 79.739751 -10.000000 11.616663 
155 10 Car -1.000000 -1 -4.710806 655.157224 174.615420 678.645407 190.823440 1.642426 1.659722 4.031461 5.998349 1.875542 75.370020 -10.000000 21.304301 
155 13 Car -1.000000 -1 -1.081280 791.439112 177.924732 858.102891 204.958370 1.466992 1.659722 4.031461 11.688358 1.696115 39.118616 -10.000000 8.203155 
156 10 Car -1.000000 -1 -4.737198 653.675063 174.321129 676.300996 190.315763 1.664617 1.659722 4.031461 5.928092 1.869879 77.045769 -10.000000 21.569029 
156 13 Car -1.000000 -1 -0.417111 790.928079 177.702072 857.462401 204.060252 1.455382 1.659722 4.031461 11.711178 1.685428 39.360965 -10.000000 8.806334 
157 10 Car -1.000000 -1 -4.743528 651.989689 174.333092 674.221288 189.824846 1.666198 1.659722 4.031461 5.768674 1.876231 78.940535 -10.000000 21.828954 
157 13 Car -1.000000 -1 -5.021611 788.714075 177.668056 855.549919 203.618764 1.431255 1.659722 4.031461 11.647665 1.688515 39.648990 -10.000000 9.384560 
158 13 Car -1.000000 -1 -4.994776 786.706701 177.616632 852.524480 203.617322 1.431031 1.659722 4.031461 11.537590 1.694664 39.696429 -10.000000 9.969666 
159 13 Car -1.000000 -1 -4.933695 784.383001 177.808119 849.418218 203.391538 1.427554 1.659722 4.031461 11.467135 1.690806 39.996869 -10.000000 10.526127 
160 13 Car -1.000000 -1 -5.059065 782.262036 177.653291 847.833103 203.055512 1.417825 1.659722 4.031461 11.466049 1.688117 40.252132 -10.000000 11.072076 
161 13 Car -1.000000 -1 -4.827938 780.271014 177.272855 846.362467 203.025998 1.430737 1.659722 4.031461 11.458485 1.711077 40.596038 -10.000000 11.606213 
161 14 Car -1.000000 -1 -4.837932 680.827616 165.601577 719.382704 198.324257 2.030158 1.659722 4.031461 5.762091 1.775774 45.687471 -10.000000 0.047146 
162 13 Car -1.000000 -1 -4.716371 778.650288 176.942981 843.524581 202.601011 1.450883 1.659722 4.031461 11.451338 1.706447 41.135101 -10.000000 12.113885 
163 13 Car -1.000000 -1 -4.800717 775.653397 176.526906 839.557233 201.840968 1.455421 1.659722 4.031461 11.370706 1.708949 41.657907 -10.000000 12.619143 
163 10 Car -1.000000 -1 -4.704144 643.515778 174.069020 664.300249 188.455783 1.494076 1.659722 4.031461 4.689859 1.894215 75.747435 -10.000000 10.480828 
163 14 Car -1.000000 -1 -4.949502 676.112791 166.675893 711.610034 196.879194 1.979549 1.659722 4.031461 5.446364 1.773482 46.695305 -10.000000 0.743373 
164 13 Car -1.000000 -1 -4.696608 772.465391 176.424237 834.974354 201.396895 1.454132 1.659722 4.031461 11.391315 1.721313 42.397039 -10.000000 13.110385 
164 10 Car -1.000000 -1 -4.728316 641.923593 174.082619 662.711202 188.364556 1.505470 1.659722 4.031461 4.602748 1.921090 77.587219 -10.000000 11.056020 
164 14 Car -1.000000 -1 -5.008362 673.956210 167.957249 707.966725 197.251120 1.895932 1.659722 4.031461 5.376569 1.785126 46.901999 -10.000000 0.352825 
165 13 Car -1.000000 -1 -4.942925 769.105843 176.115460 831.341501 200.998092 1.464082 1.659722 4.031461 11.247399 1.703464 42.760410 -10.000000 13.599138 
165 10 Car -1.000000 -1 -4.729106 640.279096 173.795830 661.011411 187.926822 1.527343 1.659722 4.031461 4.498719 1.886426 79.527202 -10.000000 11.603081 
165 14 Car -1.000000 -1 -4.855718 672.522967 168.008205 706.298850 196.222390 1.849214 1.659722 4.031461 5.329107 1.766662 48.142609 -10.000000 1.440464 
166 13 Car -1.000000 -1 -4.759542 765.084887 175.981598 827.858077 200.799040 1.475796 1.659722 4.031461 11.156762 1.699381 43.323099 -10.000000 14.081807 
166 14 Car -1.000000 -1 -4.774452 669.783173 168.886173 703.191881 195.579900 1.800469 1.659722 4.031461 5.287347 1.768689 49.555910 -10.000000 2.224217 
167 13 Car -1.000000 -1 -4.911660 761.655799 176.021955 823.381295 200.798704 1.489166 1.659722 4.031461 11.101832 1.710315 43.863214 -10.000000 14.547300 
167 14 Car -1.000000 -1 -4.743360 667.286110 168.465260 700.228435 195.132571 1.800365 1.659722 4.031461 5.224599 1.776498 51.001740 -10.000000 2.903909 
168 13 Car -1.000000 -1 -5.042615 758.302222 176.127632 819.050051 200.930500 1.506735 1.659722 4.031461 10.916418 1.721185 44.092110 -10.000000 14.992568 
168 14 Car -1.000000 -1 -4.716841 665.806112 168.362550 697.004326 194.690539 1.845476 1.659722 4.031461 5.236956 1.793465 52.619696 -10.000000 3.494740 
169 13 Car -1.000000 -1 -4.942753 754.380427 175.875682 814.725661 200.591769 1.515763 1.659722 4.031461 10.728779 1.711433 44.538107 -10.000000 15.410287 
169 14 Car -1.000000 -1 -4.718134 663.755453 168.424829 694.697024 193.850504 1.857117 1.659722 4.031461 5.258826 1.787132 54.355031 -10.000000 4.152274 
170 13 Car -1.000000 -1 -4.975155 750.643596 175.878999 810.579201 200.115559 1.512554 1.659722 4.031461 10.678688 1.708211 45.169276 -10.000000 15.844107 
170 14 Car -1.000000 -1 -4.696868 661.796896 168.308893 692.262348 192.877388 1.850382 1.659722 4.031461 5.284342 1.788711 56.208740 -10.000000 4.869402 
171 13 Car -1.000000 -1 -4.942903 747.469486 176.008280 805.600965 200.047264 1.509471 1.659722 4.031461 10.592323 1.735194 45.849965 -10.000000 16.268338 
171 14 Car -1.000000 -1 -4.696010 659.888203 168.590356 691.162286 192.545913 1.854959 1.659722 4.031461 5.300825 1.820978 58.119432 -10.000000 5.482266 
172 13 Car -1.000000 -1 -4.980179 744.350840 176.813962 801.213984 200.721571 1.521615 1.659722 4.031461 10.389566 1.727729 46.113514 -10.000000 16.664836 
172 14 Car -1.000000 -1 -4.721190 657.317493 168.449490 689.000241 191.937826 1.891992 1.659722 4.031461 5.235268 1.809572 59.007656 -10.000000 4.417087 
173 13 Car -1.000000 -1 -4.880095 741.095011 175.941552 796.482335 199.663278 1.524279 1.659722 4.031461 10.255237 1.730943 46.653563 -10.000000 17.064827 
173 14 Car -1.000000 -1 -4.723107 655.134304 168.394393 686.817052 191.706541 1.906400 1.659722 4.031461 5.165688 1.818936 59.892860 -10.000000 3.503548 
174 13 Car -1.000000 -1 -5.206639 737.664115 175.807978 792.207026 199.257167 1.524665 1.659722 4.031461 10.084724 1.721069 47.073247 -10.000000 17.462483 
174 14 Car -1.000000 -1 -4.778650 653.042709 167.952096 684.725458 191.091846 1.920710 1.659722 4.031461 5.104772 1.806969 60.778677 -10.000000 2.720060 
175 13 Car -1.000000 -1 -5.086108 733.576581 175.874253 787.218067 199.235363 1.526963 1.659722 4.031461 9.845354 1.727335 47.458611 -10.000000 17.828614 
175 14 Car -1.000000 -1 -4.778650 651.496912 167.814307 683.179660 190.785444 1.934913 1.659722 4.031461 5.042171 1.814643 61.664408 -10.000000 2.048110 
176 13 Car -1.000000 -1 -4.924332 729.848926 175.945521 782.962710 198.971653 1.527432 1.659722 4.031461 9.771677 1.740501 48.135893 -10.000000 18.206349 
176 14 Car -1.000000 -1 -4.778650 649.724013 167.827659 681.406762 190.632931 1.949089 1.659722 4.031461 4.972472 1.831001 62.554952 -10.000000 1.471819 
177 13 Car -1.000000 -1 -5.091075 727.019644 175.682588 778.207598 198.531821 1.528224 1.659722 4.031461 9.623808 1.732593 48.707342 -10.000000 18.555520 
177 14 Car -1.000000 -1 -4.778650 647.837564 167.414386 679.520312 190.057634 1.963136 1.659722 4.031461 4.907240 1.819493 63.443823 -10.000000 0.977569 
178 13 Car -1.000000 -1 -4.899906 724.837411 175.726783 772.591483 198.470520 1.537684 1.659722 4.031461 9.459563 1.744366 49.253494 -10.000000 18.864805 
178 14 Car -1.000000 -1 -4.778650 646.394339 167.285818 678.077088 189.770967 1.977037 1.659722 4.031461 4.850403 1.840041 64.329766 -10.000000 0.553681 
179 13 Car -1.000000 -1 -5.040233 721.018995 176.885953 767.925472 199.630306 1.550340 1.659722 4.031461 9.261118 1.804149 49.670359 -10.000000 19.177007 
179 14 Car -1.000000 -1 -4.778650 644.672727 168.797173 676.355475 191.128770 1.990725 1.659722 4.031461 4.786192 1.911620 65.208262 -10.000000 0.190137 
180 13 Car -1.000000 -1 -4.950903 717.127009 176.593691 763.903609 199.000622 1.554410 1.659722 4.031461 9.114689 1.811384 50.362270 -10.000000 19.509060 
181 13 Car -1.000000 -1 -5.034183 714.077775 176.200449 759.191842 198.360310 1.551812 1.659722 4.031461 8.947417 1.818679 50.999271 -10.000000 19.827534 
182 13 Car -1.000000 -1 -4.934757 712.252129 176.094251 754.157500 198.095335 1.557582 1.659722 4.031461 8.806039 1.805231 51.489963 -10.000000 20.110979 
183 13 Car -1.000000 -1 -4.915349 709.419762 176.101281 749.867807 197.909943 1.561222 1.659722 4.031461 8.662217 1.816457 52.260043 -10.000000 20.415107 
184 13 Car -1.000000 -1 -4.889634 705.779825 176.861346 746.978559 198.329858 1.563192 1.659722 4.031461 8.554685 1.829335 52.997137 -10.000000 20.666334 
185 13 Car -1.000000 -1 -4.931680 702.454522 177.246128 742.599383 198.655070 1.569132 1.659722 4.031461 8.394535 1.854034 53.420008 -10.000000 20.908154 
186 13 Car -1.000000 -1 -4.857084 701.082842 177.811444 738.629175 198.671893 1.565062 1.659722 4.031461 8.267715 1.909010 54.017379 -10.000000 21.133962 
187 13 Car -1.000000 -1 -5.022224 699.450121 178.807638 734.912841 199.407957 1.548489 1.659722 4.031461 8.063527 1.997652 54.581213 -10.000000 21.387013 
188 13 Car -1.000000 -1 -4.809864 696.159374 181.129048 730.713512 201.436949 1.545526 1.659722 4.031461 7.997692 2.136347 55.308374 -10.000000 21.577554 
189 13 Car -1.000000 -1 -4.954760 694.404675 181.631072 726.967034 201.624683 1.541505 1.659722 4.031461 7.805259 2.228712 55.997164 -10.000000 21.811170 
190 13 Car -1.000000 -1 -4.803419 690.584681 182.469114 722.061868 202.139236 1.536752 1.659722 4.031461 7.601322 2.280331 56.794056 -10.000000 22.065138 
191 13 Car -1.000000 -1 -4.831422 687.256852 182.576185 718.601224 202.319988 1.545211 1.659722 4.031461 7.455607 2.307692 57.584952 -10.000000 22.245380 
192 13 Car -1.000000 -1 -4.867540 682.843603 181.796912 715.320332 201.266834 1.560536 1.659722 4.031461 7.220022 2.296835 58.207928 -10.000000 22.437666 
193 13 Car -1.000000 -1 -4.875390 679.829796 181.424139 711.171175 201.209307 1.574290 1.659722 4.031461 6.936845 2.346690 58.566580 -10.000000 22.620633 
193 17 Car -1.000000 -1 -0.839195 469.775504 172.461388 498.194384 199.494000 2.776929 1.659722 4.031461 -13.325682 2.699554 75.992914 -10.000000 0.094805 
194 13 Car -1.000000 -1 -4.832095 676.185773 182.595038 706.504499 202.210418 1.594679 1.659722 4.031461 6.748705 2.414376 59.143786 -10.000000 22.787178 
194 17 Car -1.000000 -1 -0.491748 467.531808 175.499491 495.154781 200.238165 2.603846 1.659722 4.031461 -13.495592 2.774780 75.714343 -10.000000 0.855672 
195 13 Car -1.000000 -1 -5.018866 673.150706 183.001140 702.845280 202.250250 1.586014 1.659722 4.031461 6.459790 2.462057 59.450066 -10.000000 22.908875 
195 17 Car -1.000000 -1 -0.914978 465.336914 178.149565 491.553278 202.553451 2.553115 1.659722 4.031461 -13.687771 2.845701 75.466755 -10.000000 0.449137 
196 13 Car -1.000000 -1 -4.808673 669.460514 184.144622 698.933739 203.513225 1.582708 1.659722 4.031461 6.186144 2.527853 59.968064 -10.000000 23.127893 
196 17 Car -1.000000 -1 -1.426569 462.887815 178.356512 489.104179 202.806255 2.548336 1.659722 4.031461 -13.907126 2.925199 75.184101 -10.000000 0.100476 
197 13 Car -1.000000 -1 -4.841815 665.282833 185.960550 694.368971 204.933606 1.587269 1.659722 4.031461 5.938812 2.625713 60.766941 -10.000000 23.264421 
198 13 Car -1.000000 -1 -4.888227 661.457325 186.406692 689.404978 205.427954 1.586819 1.659722 4.031461 5.567756 2.749309 61.264312 -10.000000 23.439918 
199 13 Car -1.000000 -1 -4.729217 656.900379 187.198989 685.225217 205.786442 1.589778 1.659722 4.031461 5.354208 2.833899 61.983453 -10.000000 23.519806 
200 13 Car -1.000000 -1 -4.791991 653.536809 187.443390 681.551057 205.789742 1.575482 1.659722 4.031461 5.108154 2.863341 62.974976 -10.000000 23.656889 
201 13 Car -1.000000 -1 -4.737078 649.679906 186.292257 676.896209 204.693792 1.588452 1.659722 4.031461 4.749206 2.871549 63.885903 -10.000000 23.811344 
202 13 Car -1.000000 -1 -4.739186 645.836653 184.875296 672.011661 203.069917 1.606257 1.659722 4.031461 4.402423 2.780198 64.313239 -10.000000 23.874145 
203 13 Car -1.000000 -1 -4.772505 643.170991 183.593483 669.144412 201.809929 1.608754 1.659722 4.031461 4.139369 2.670379 64.529969 -10.000000 23.917806 
204 13 Car -1.000000 -1 -4.790634 639.907502 182.911451 666.992419 201.091529 1.615010 1.659722 4.031461 3.886865 2.589191 64.720934 -10.000000 23.976391 
205 13 Car -1.000000 -1 -4.738882 638.065596 182.157434 665.305815 200.107993 1.608953 1.659722 4.031461 3.736748 2.473008 65.150735 -10.000000 24.093180 
206 13 Car -1.000000 -1 -4.782688 636.068222 181.137124 662.928360 199.173929 1.608401 1.659722 4.031461 3.590774 2.405733 65.603349 -10.000000 24.245402 
207 13 Car -1.000000 -1 -4.869932 634.845925 180.816925 660.857940 199.028110 1.629898 1.659722 4.031461 3.406512 2.316605 65.523836 -10.000000 24.393588 
208 13 Car -1.000000 -1 -4.804442 635.152005 179.626288 660.359995 197.731961 1.635760 1.659722 4.031461 3.405115 2.272061 65.679090 -10.000000 24.534480 
209 13 Car -1.000000 -1 -4.900744 636.829098 179.881757 661.324417 197.819152 1.625023 1.659722 4.031461 3.506551 2.212534 65.935861 -10.000000 24.637658 
210 13 Car -1.000000 -1 -4.805381 638.846246 180.748227 663.409836 198.467684 1.613990 1.659722 4.031461 3.703109 2.213294 66.137530 -10.000000 24.686369 
211 13 Car -1.000000 -1 -4.781015 641.844829 180.235477 666.453707 197.762217 1.601315 1.659722 4.031461 3.990837 2.212097 66.298249 -10.000000 24.736294 
212 13 Car -1.000000 -1 -4.854350 646.251269 178.847408 670.273983 196.529468 1.601308 1.659722 4.031461 4.356610 2.177390 66.238419 -10.000000 24.763450 
213 13 Car -1.000000 -1 -4.893028 653.328092 179.226927 676.982063 196.896779 1.608806 1.659722 4.031461 4.903512 2.179062 66.152148 -10.000000 24.781340 
214 13 Car -1.000000 -1 -4.833123 662.252046 180.463142 685.487498 198.065247 1.602575 1.659722 4.031461 5.736996 2.240772 66.347414 -10.000000 24.760929 
215 13 Car -1.000000 -1 -4.943625 672.551443 179.096350 695.920917 196.734962 1.602439 1.659722 4.031461 6.664760 2.207927 66.343063 -10.000000 24.735848 
216 13 Car -1.000000 -1 -4.859661 685.428289 177.996984 708.488139 195.680313 1.606286 1.659722 4.031461 7.743156 2.085011 66.126262 -10.000000 24.684967 
217 13 Car -1.000000 -1 -4.902651 699.834653 176.847033 723.447236 194.712701 1.610044 1.659722 4.031461 9.081705 1.998871 65.918394 -10.000000 24.640561 
218 13 Car -1.000000 -1 -4.927692 717.026442 176.700540 740.990949 194.781658 1.620544 1.659722 4.031461 10.624070 1.936210 65.820344 -10.000000 24.557262 
219 13 Car -1.000000 -1 -4.762761 737.273673 174.460097 760.886479 191.896176 1.603103 1.659722 4.031461 12.526842 1.809450 66.203291 -10.000000 24.495850 
220 13 Car -1.000000 -1 -4.806618 758.663535 172.527008 783.164202 189.896697 1.570470 1.659722 4.031461 14.548698 1.630988 66.218034 -10.000000 24.422300 
221 13 Car -1.000000 -1 -4.770111 781.418798 171.595316 807.266691 189.233211 1.579710 1.659722 4.031461 16.649920 1.531704 66.128543 -10.000000 24.335213 
222 13 Car -1.000000 -1 -4.740430 808.630412 170.722692 834.049128 188.158926 1.581961 1.659722 4.031461 19.156409 1.446792 66.273982 -10.000000 24.242212 
223 13 Car -1.000000 -1 -4.842317 838.236330 168.471531 862.654664 186.299731 1.583685 1.659722 4.031461 21.568862 1.264842 65.565884 -10.000000 24.141954 
224 13 Car -1.000000 -1 -4.698200 868.691194 170.257474 893.460952 187.848593 1.582929 1.659722 4.031461 24.259157 1.267569 65.227738 -10.000000 24.046890 
225 13 Car -1.000000 -1 -4.660932 904.516613 170.607047 926.080341 188.494702 1.566954 1.659722 4.031461 27.074521 1.295988 64.473288 -10.000000 23.914791 
226 13 Car -1.000000 -1 -4.706077 947.056525 170.568300 967.280929 188.610942 1.568493 1.659722 4.031461 29.791404 1.189301 63.497915 -10.000000 20.225549 
227 13 Car -1.000000 -1 -4.640444 988.991650 169.965403 1009.216054 188.171072 1.554572 1.659722 4.031461 32.539084 1.097264 62.374372 -10.000000 17.061508 
228 13 Car -1.000000 -1 -4.747240 1034.459213 171.059705 1054.683617 189.458715 1.538406 1.659722 4.031461 35.370791 1.149301 61.081219 -10.000000 14.347903 
229 13 Car -1.000000 -1 -4.747240 1082.692994 167.489744 1102.917398 186.109351 1.520393 1.659722 4.031461 38.196545 1.109713 59.655382 -10.000000 12.020607 
230 13 Car -1.000000 -1 -4.747240 1134.809884 163.065777 1155.034289 181.944231 1.499829 1.659722 4.031461 41.016015 0.809627 58.047053 -10.000000 10.024626 
230 18 Car -1.000000 -1 -0.763558 1098.815621 162.973814 1131.808221 183.160732 1.549203 1.659722 4.031461 39.009702 0.855534 55.954178 -10.000000 1.291840 
231 13 Car -1.000000 -1 -4.747240 1189.368330 160.700166 1209.592734 179.869740 1.477392 1.659722 4.031461 43.810575 0.637615 56.316157 -10.000000 8.312795 
231 18 Car -1.000000 -1 -5.573024 1149.567301 161.032987 1183.715908 181.862473 1.543241 1.659722 4.031461 41.314585 0.699289 53.884438 -10.000000 1.853431 
232 13 Car -1.000000 -1 -4.747240 1251.147552 157.338055 1242.000000 176.843742 1.452365 1.659722 4.031461 46.566518 0.485219 54.415065 -10.000000 6.844660 
232 18 Car -1.000000 -1 -4.851528 1204.755538 157.605175 1242.000000 178.566011 1.512433 1.659722 4.031461 43.885155 0.554880 51.849708 -10.000000 2.388728 
