2 0 Car -1.000000 -1 -4.943803 597.694781 177.809408 674.551084 237.901834 1.383205 1.659722 4.031461 0.693753 1.681566 17.819022 -10.000000 0.287050 
2 1 Car -1.000000 -1 -0.419079 405.560351 181.434642 453.883760 210.802487 1.567737 1.659722 4.031461 -9.872257 1.945500 39.634596 -10.000000 0.585806 
2 2 Car -1.000000 -1 -0.579842 325.852194 181.738163 376.457289 211.975172 1.636037 1.659722 4.031461 -13.943772 2.011575 39.074032 -10.000000 0.660031 
3 0 Car -1.000000 -1 -4.912942 593.665793 180.041654 671.076013 239.647485 1.414045 1.659722 4.031461 0.576829 1.724523 17.777032 -10.000000 0.968541 
3 1 Car -1.000000 -1 -1.366456 394.049266 183.385718 447.327486 215.675302 1.633336 1.659722 4.031461 -9.712883 2.020073 37.136400 -10.000000 1.341468 
3 2 Car -1.000000 -1 -1.290262 312.177550 184.002865 366.864108 216.548113 1.633726 1.659722 4.031461 -13.841910 2.093541 37.068105 -10.000000 1.433107 
4 0 Car -1.000000 -1 -4.857616 591.698216 180.962437 667.344667 240.543241 1.349827 1.659722 4.031461 0.499872 1.756681 17.997077 -10.000000 1.652529 
4 1 Car -1.000000 -1 -1.473428 380.489449 183.657583 437.705907 218.586863 1.697396 1.659722 4.031461 -9.552604 2.019548 34.226331 -10.000000 2.048291 
4 2 Car -1.000000 -1 -1.510437 297.481767 183.700500 355.941968 218.733566 1.695866 1.659722 4.031461 -13.560087 2.074825 34.616955 -10.000000 2.182324 
5 0 Car -1.000000 -1 -4.856681 589.579561 180.612565 663.997208 239.523640 1.370887 1.659722 4.031461 0.447828 1.762810 18.249105 -10.000000 2.348768 
5 1 Car -1.000000 -1 -1.583779 361.505987 184.387489 426.277220 222.298402 1.690418 1.659722 4.031461 -9.356681 2.024276 31.075760 -10.000000 2.732365 
5 2 Car -1.000000 -1 -1.515102 279.195185 184.106195 343.331733 221.243302 1.694722 1.659722 4.031461 -13.413083 2.097499 32.413681 -10.000000 2.928913 
6 0 Car -1.000000 -1 -4.850584 586.510487 180.157817 659.916323 239.153627 1.377141 1.659722 4.031461 0.350031 1.764519 18.491039 -10.000000 3.050844 
6 1 Car -1.000000 -1 -1.638990 338.429005 185.891101 411.318099 227.582117 1.680420 1.659722 4.031461 -8.996871 1.968162 27.482958 -10.000000 3.393963 
6 2 Car -1.000000 -1 -1.702360 257.518511 184.932677 327.822217 224.866260 1.685516 1.659722 4.031461 -13.053331 2.042057 29.668418 -10.000000 3.621868 
7 0 Car -1.000000 -1 -4.837202 584.117226 182.345438 656.395106 241.053201 1.398274 1.659722 4.031461 0.294786 1.814273 18.773065 -10.000000 3.759397 
7 1 Car -1.000000 -1 -1.647347 307.498687 189.003522 394.226055 235.949810 1.657522 1.659722 4.031461 -8.663015 2.001322 23.954565 -10.000000 4.002614 
7 2 Car -1.000000 -1 -1.651569 230.243984 187.858686 308.530015 231.639721 1.681686 1.659722 4.031461 -12.728712 2.092962 26.914166 -10.000000 4.280481 
8 0 Car -1.000000 -1 -4.853040 583.097670 182.938399 653.783340 241.484180 1.412295 1.659722 4.031461 0.244688 1.873034 19.140672 -10.000000 4.447044 
8 1 Car -1.000000 -1 -1.691246 266.975800 190.773237 371.133883 244.414843 1.635822 1.659722 4.031461 -8.334887 2.005633 20.488410 -10.000000 4.571506 
8 2 Car -1.000000 -1 -1.736971 196.731732 189.888263 284.433241 238.366488 1.678270 1.659722 4.031461 -12.366697 2.111868 24.109518 -10.000000 4.890989 
9 0 Car -1.000000 -1 -4.851738 580.943916 180.881499 651.133630 239.175262 1.436803 1.659722 4.031461 0.186389 1.827055 19.288435 -10.000000 5.122957 
9 1 Car -1.000000 -1 -1.728223 210.114779 191.366977 340.116751 254.491807 1.619034 1.659722 4.031461 -7.865624 1.912552 16.811025 -10.000000 5.067751 
9 2 Car -1.000000 -1 -1.725920 154.581341 189.279711 251.180106 242.884792 1.661901 1.659722 4.031461 -12.053344 2.015154 21.291579 -10.000000 5.440784 
10 0 Car -1.000000 -1 -4.850336 577.645279 179.702106 647.415528 238.253464 1.447793 1.659722 4.031461 0.101338 1.816356 19.285382 -10.000000 5.758429 
10 1 Car -1.000000 -1 -1.711718 121.759410 192.521794 293.725836 270.757341 1.598888 1.659722 4.031461 -7.618986 1.860629 13.518550 -10.000000 5.560772 
10 2 Car -1.000000 -1 -1.611285 98.174275 189.037257 203.024581 247.909866 1.607459 1.659722 4.031461 -12.203120 1.971477 19.089583 -10.000000 5.995236 
11 0 Car -1.000000 -1 -4.850086 574.789896 178.830861 644.737522 237.141707 1.451958 1.659722 4.031461 0.046285 1.795766 19.493399 -10.000000 6.374499 
11 1 Car -1.000000 -1 -1.775465 13.766791 197.261046 228.188998 294.425135 1.575972 1.659722 4.031461 -7.323584 1.815906 10.669390 -10.000000 6.120575 
11 2 Car -1.000000 -1 -1.677028 38.687077 192.105021 145.809724 254.636664 1.537657 1.659722 4.031461 -12.186335 1.927498 16.879201 -10.000000 4.857030 
12 0 Car -1.000000 -1 -4.861884 572.111250 178.740170 640.620113 236.469570 1.455224 1.659722 4.031461 -0.057042 1.799715 19.794270 -10.000000 6.959679 
13 0 Car -1.000000 -1 -4.845505 569.968646 179.425222 637.600425 237.387930 1.466993 1.659722 4.031461 -0.121392 1.804968 19.822559 -10.000000 7.559519 
14 0 Car -1.000000 -1 -4.874103 567.490786 177.437235 635.168251 235.897447 1.483115 1.659722 4.031461 -0.200503 1.761228 19.618256 -10.000000 8.137372 
15 0 Car -1.000000 -1 -4.859210 564.421528 177.127272 631.669886 235.551536 1.481101 1.659722 4.031461 -0.283273 1.744719 19.737095 -10.000000 8.707878 
16 0 Car -1.000000 -1 -4.861479 562.591639 176.355693 628.239625 234.451580 1.474983 1.659722 4.031461 -0.345308 1.714429 20.037340 -10.000000 9.248169 
17 0 Car -1.000000 -1 -4.866276 560.880397 176.373605 626.484323 234.057623 1.489780 1.659722 4.031461 -0.403021 1.703896 20.092603 -10.000000 9.805394 
18 0 Car -1.000000 -1 -4.864263 559.406977 177.320455 623.753257 235.396209 1.500837 1.659722 4.031461 -0.483411 1.734598 20.137029 -10.000000 10.351894 
19 0 Car -1.000000 -1 -4.858143 559.055334 176.993523 622.660126 235.028301 1.509755 1.659722 4.031461 -0.494093 1.746590 20.229655 -10.000000 10.892478 
20 0 Car -1.000000 -1 -4.885838 557.919432 176.843777 621.260856 234.436460 1.508475 1.659722 4.031461 -0.545649 1.757087 20.326827 -10.000000 11.406833 
21 0 Car -1.000000 -1 -4.862757 557.908901 177.355689 620.437029 234.652158 1.507494 1.659722 4.031461 -0.549813 1.772350 20.331312 -10.000000 11.894044 
22 0 Car -1.000000 -1 -4.873987 558.633604 178.898249 620.253430 236.176640 1.504388 1.659722 4.031461 -0.555652 1.804032 20.621424 -10.000000 12.374024 
23 0 Car -1.000000 -1 -4.873633 558.880418 179.404535 620.084183 236.236322 1.515900 1.659722 4.031461 -0.561810 1.803504 20.813671 -10.000000 12.858880 
24 0 Car -1.000000 -1 -4.872786 559.487339 178.671376 620.404867 235.220931 1.521132 1.659722 4.031461 -0.563037 1.794553 20.856237 -10.000000 13.323921 
25 0 Car -1.000000 -1 -4.869497 560.278709 176.759380 620.477204 233.626164 1.527082 1.659722 4.031461 -0.538253 1.766592 20.888736 -10.000000 13.777519 
26 0 Car -1.000000 -1 -4.865974 562.448749 174.939814 622.343012 232.374907 1.540536 1.659722 4.031461 -0.482817 1.731078 20.855282 -10.000000 14.202345 
27 0 Car -1.000000 -1 -4.876792 562.752470 174.967092 623.693198 232.403652 1.546583 1.659722 4.031461 -0.474357 1.701990 20.828255 -10.000000 14.646607 
28 0 Car -1.000000 -1 -4.864683 563.563601 174.840427 624.111446 231.623362 1.537454 1.659722 4.031461 -0.449428 1.693239 20.937710 -10.000000 15.065681 
29 0 Car -1.000000 -1 -4.889700 564.373207 174.203368 624.329273 229.997390 1.520626 1.659722 4.031461 -0.448838 1.677191 21.062554 -10.000000 15.464388 
30 0 Car -1.000000 -1 -4.875783 565.688589 174.856575 625.441387 230.235193 1.508546 1.659722 4.031461 -0.396274 1.669655 21.082667 -10.000000 15.862863 
31 0 Car -1.000000 -1 -4.890614 566.728075 175.860225 627.166456 231.333572 1.509010 1.659722 4.031461 -0.365169 1.682369 21.177871 -10.000000 16.255747 
32 0 Car -1.000000 -1 -4.884674 568.083389 177.534340 628.498512 233.451372 1.521324 1.659722 4.031461 -0.334225 1.719590 20.939989 -10.000000 16.630892 
33 0 Car -1.000000 -1 -4.878861 570.304480 178.044574 629.662118 233.077813 1.506498 1.659722 4.031461 -0.281296 1.738378 21.220167 -10.000000 16.967920 
34 0 Car -1.000000 -1 -4.893899 571.643271 178.123272 631.015512 233.045618 1.504509 1.659722 4.031461 -0.250022 1.763598 21.245038 -10.000000 17.329726 
35 0 Car -1.000000 -1 -4.881205 572.427571 177.954096 631.530776 232.536835 1.507792 1.659722 4.031461 -0.220642 1.759142 21.387821 -10.000000 17.701478 
36 0 Car -1.000000 -1 -4.892299 573.748985 176.730387 632.137411 231.385810 1.510828 1.659722 4.031461 -0.193289 1.729450 21.303778 -10.000000 18.046052 
37 0 Car -1.000000 -1 -4.887797 574.664309 175.595785 632.822862 230.330146 1.512182 1.659722 4.031461 -0.165090 1.709846 21.467209 -10.000000 18.359574 
38 0 Car -1.000000 -1 -4.897219 575.344767 176.247670 633.086459 230.335843 1.512599 1.659722 4.031461 -0.161969 1.706672 21.713832 -10.000000 18.681322 
39 0 Car -1.000000 -1 -4.883753 576.177388 176.555835 633.179046 230.253826 1.512913 1.659722 4.031461 -0.138202 1.715847 21.740815 -10.000000 18.996445 
40 0 Car -1.000000 -1 -4.900995 577.312667 177.829146 634.106513 231.233210 1.510083 1.659722 4.031461 -0.134921 1.727986 21.824612 -10.000000 19.316037 
41 0 Car -1.000000 -1 -4.891531 576.485827 177.618745 633.126140 231.042276 1.511407 1.659722 4.031461 -0.137383 1.748954 21.823813 -10.000000 19.606547 
42 0 Car -1.000000 -1 -4.896480 576.377718 177.598195 632.909805 230.818089 1.510163 1.659722 4.031461 -0.137623 1.754021 21.996425 -10.000000 19.885169 
43 0 Car -1.000000 -1 -4.902854 576.176487 178.421394 632.344364 230.881348 1.506763 1.659722 4.031461 -0.164884 1.812312 22.415544 -10.000000 20.149012 
44 0 Car -1.000000 -1 -4.888164 576.933297 179.532116 632.767764 231.721470 1.515785 1.659722 4.031461 -0.144700 1.802398 22.459026 -10.000000 20.436692 
45 0 Car -1.000000 -1 -4.900928 577.392848 180.230913 633.057075 232.862884 1.528803 1.659722 4.031461 -0.143557 1.841956 22.362403 -10.000000 20.715181 
46 0 Car -1.000000 -1 -4.884349 577.491216 180.558605 632.970055 233.296973 1.532548 1.659722 4.031461 -0.140996 1.939528 22.927300 -10.000000 20.946623 
47 0 Car -1.000000 -1 -4.896535 576.308949 178.750198 631.536675 230.738342 1.551157 1.659722 4.031461 -0.176335 1.818847 22.853783 -10.000000 21.158933 
48 0 Car -1.000000 -1 -4.881207 576.253645 177.377695 631.264083 228.962035 1.538660 1.659722 4.031461 -0.179923 1.807125 22.882126 -10.000000 21.362419 
49 0 Car -1.000000 -1 -4.893556 576.937486 179.210043 631.808819 230.650597 1.528949 1.659722 4.031461 -0.177534 1.832798 22.858035 -10.000000 21.604418 
50 0 Car -1.000000 -1 -4.889922 576.694883 181.004446 631.236529 232.743813 1.531422 1.659722 4.031461 -0.205690 1.869833 22.875901 -10.000000 21.836803 
51 0 Car -1.000000 -1 -4.883493 575.296887 180.609836 629.582644 232.939341 1.544977 1.659722 4.031461 -0.210826 1.868607 22.702380 -10.000000 22.050908 
52 0 Car -1.000000 -1 -4.894488 574.595509 179.435953 629.516721 231.849740 1.548990 1.659722 4.031461 -0.238933 1.874042 22.968560 -10.000000 22.281443 
53 0 Car -1.000000 -1 -4.886543 573.237236 177.963054 629.384791 229.880596 1.552337 1.659722 4.031461 -0.272233 1.826304 22.870976 -10.000000 22.457545 
54 0 Car -1.000000 -1 -4.878627 572.782163 178.447574 629.010155 229.895878 1.538049 1.659722 4.031461 -0.276273 1.822828 22.961402 -10.000000 22.658894 
55 0 Car -1.000000 -1 -4.885752 572.168456 178.078450 627.209168 229.142709 1.527001 1.659722 4.031461 -0.306276 1.774864 23.085547 -10.000000 22.844998 
56 0 Car -1.000000 -1 -4.884601 571.467086 175.552799 625.324678 225.973018 1.518295 1.659722 4.031461 -0.367900 1.740098 23.301597 -10.000000 23.038040 
57 0 Car -1.000000 -1 -4.879483 570.100762 177.267183 622.975377 227.688560 1.521191 1.659722 4.031461 -0.409423 1.784224 23.520075 -10.000000 23.206641 
58 0 Car -1.000000 -1 -4.886029 569.082457 180.838088 622.524237 231.259541 1.537557 1.659722 4.031461 -0.448607 1.895956 23.900600 -10.000000 23.351966 
59 0 Car -1.000000 -1 -4.887105 567.679166 183.770055 621.002426 234.280316 1.561700 1.659722 4.031461 -0.511413 1.946901 23.719492 -10.000000 23.494930 
60 0 Car -1.000000 -1 -4.869151 566.984723 186.078662 619.937874 236.631276 1.560278 1.659722 4.031461 -0.513110 1.995464 23.498330 -10.000000 23.632791 
61 0 Car -1.000000 -1 -4.893137 565.811568 182.707360 619.177248 233.069332 1.545098 1.659722 4.031461 -0.570359 1.946419 23.471138 -10.000000 23.798329 
62 0 Car -1.000000 -1 -4.879645 563.903670 173.188083 617.503650 222.653289 1.522462 1.659722 4.031461 -0.639434 1.722017 23.772089 -10.000000 23.895644 
63 0 Car -1.000000 -1 -4.881247 563.602677 169.883230 616.842869 218.600189 1.511834 1.659722 4.031461 -0.651794 1.587457 24.003673 -10.000000 24.013983 
64 0 Car -1.000000 -1 -4.886325 564.214128 174.420161 616.970893 223.421630 1.520029 1.659722 4.031461 -0.655092 1.660629 24.177432 -10.000000 24.154972 
65 0 Car -1.000000 -1 -4.868323 564.951543 179.989211 616.591625 228.949346 1.537951 1.659722 4.031461 -0.632335 1.830332 24.488413 -10.000000 24.257721 
66 0 Car -1.000000 -1 -4.885611 565.119772 181.774680 617.296967 230.879710 1.558061 1.659722 4.031461 -0.662633 1.931439 24.522039 -10.000000 24.399730 
66 5 Car -1.000000 -1 -2.157586 1088.954105 172.108324 1175.923414 198.209169 1.574257 1.659722 4.031461 32.663561 1.554314 45.203093 -10.000000 0.515909 
67 0 Car -1.000000 -1 -4.868228 564.231492 179.599610 616.601531 228.884105 1.569758 1.659722 4.031461 -0.665002 1.879585 24.427521 -10.000000 24.563125 
67 5 Car -1.000000 -1 -1.480076 1109.604031 170.369255 1212.396448 199.243042 1.653773 1.659722 4.031461 32.182020 1.268973 42.359038 -10.000000 1.209342 
68 0 Car -1.000000 -1 -4.885412 564.502021 176.506099 616.625160 226.150535 1.574505 1.659722 4.031461 -0.665357 1.841694 24.534018 -10.000000 24.689945 
68 5 Car -1.000000 -1 -1.266499 1128.206105 167.413062 1242.000000 199.294562 1.739457 1.659722 4.031461 31.345868 1.202801 39.523732 -10.000000 1.851049 
68 7 Car -1.000000 -1 -0.592977 505.005260 180.777716 528.194012 197.798267 1.698684 1.659722 4.031461 -9.435573 2.370092 73.085549 -10.000000 1.140665 
69 0 Car -1.000000 -1 -4.890631 564.174215 175.026867 616.328467 223.969708 1.574765 1.659722 4.031461 -0.696695 1.745757 24.637279 -10.000000 24.810166 
69 5 Car -1.000000 -1 -1.399168 1143.717381 166.343900 1242.000000 199.286686 1.733919 1.659722 4.031461 31.307332 1.110132 37.645704 -10.000000 2.459313 
69 7 Car -1.000000 -1 -1.374192 501.595426 179.398598 526.215209 196.947400 1.711850 1.659722 4.031461 -9.512503 2.009345 70.938955 -10.000000 1.927727 
70 0 Car -1.000000 -1 -4.871665 563.995290 174.371090 615.368089 222.877011 1.563213 1.659722 4.031461 -0.677786 1.746348 24.890433 -10.000000 24.949905 
70 7 Car -1.000000 -1 -1.363221 496.225143 178.310427 522.196404 196.535018 1.721505 1.659722 4.031461 -9.645470 2.014280 68.425579 -10.000000 2.557676 
71 0 Car -1.000000 -1 -4.894057 565.120934 174.229289 615.814695 222.405129 1.565300 1.659722 4.031461 -0.677937 1.709990 25.050442 -10.000000 25.109582 
71 7 Car -1.000000 -1 -1.636411 489.560660 178.959188 517.854806 198.450014 1.747284 1.659722 4.031461 -9.687210 1.873856 64.852226 -10.000000 3.213947 
72 0 Car -1.000000 -1 -4.883648 564.211631 176.775370 615.553308 224.751852 1.569540 1.659722 4.031461 -0.708622 1.744875 24.970156 -10.000000 25.254439 
72 7 Car -1.000000 -1 -1.742431 481.467636 180.728439 513.014303 201.893238 1.790677 1.659722 4.031461 -9.417135 1.928529 59.529788 -10.000000 3.876520 
73 0 Car -1.000000 -1 -4.873363 565.199133 176.258551 616.723310 224.061682 1.560795 1.659722 4.031461 -0.648491 1.766834 25.000005 -10.000000 25.385721 
73 7 Car -1.000000 -1 -1.775168 473.367671 181.510823 508.764078 204.543297 1.799398 1.659722 4.031461 -8.914607 1.982397 53.486748 -10.000000 4.539462 
74 0 Car -1.000000 -1 -4.888500 566.422388 175.417348 617.420273 223.180418 1.556417 1.659722 4.031461 -0.610772 1.759335 24.975071 -10.000000 25.502764 
74 7 Car -1.000000 -1 -1.807557 464.218481 182.751563 502.743499 207.546719 1.759555 1.659722 4.031461 -8.472484 2.017331 48.062182 -10.000000 5.240254 
75 0 Car -1.000000 -1 -4.870676 567.537851 175.883062 617.447762 223.768478 1.557133 1.659722 4.031461 -0.607490 1.753176 24.915613 -10.000000 25.629689 
75 7 Car -1.000000 -1 -1.823192 453.581227 183.998652 494.426774 210.459840 1.693921 1.659722 4.031461 -8.043099 1.979416 42.362600 -10.000000 5.896806 
75 6 Car -1.000000 -1 -1.603327 531.980698 177.671050 560.428841 197.878475 1.943140 1.659722 4.031461 -6.261904 2.045900 69.543538 -10.000000 3.373338 
76 0 Car -1.000000 -1 -4.873866 567.068070 176.292539 616.661370 224.668203 1.563700 1.659722 4.031461 -0.606950 1.786256 24.867164 -10.000000 25.756706 
76 7 Car -1.000000 -1 -1.824716 440.197559 186.141525 484.601169 215.739417 1.635159 1.659722 4.031461 -7.709664 2.026217 37.364317 -10.000000 6.518098 
76 6 Car -1.000000 -1 -1.693909 526.949278 178.997635 557.556467 200.404702 1.946730 1.659722 4.031461 -6.269794 2.171173 65.416413 -10.000000 4.050361 
77 0 Car -1.000000 -1 -4.882387 567.687494 176.115788 617.523603 224.494025 1.570143 1.659722 4.031461 -0.603741 1.744825 24.803042 -10.000000 25.893989 
77 7 Car -1.000000 -1 -1.846125 425.342580 186.751284 474.959830 218.927577 1.587881 1.659722 4.031461 -7.168696 1.872746 32.101282 -10.000000 7.108067 
77 6 Car -1.000000 -1 -1.744752 521.182280 177.822179 554.766712 201.130459 1.972471 1.659722 4.031461 -5.991994 1.984871 58.881304 -10.000000 4.694000 
78 0 Car -1.000000 -1 -4.881292 567.092149 181.337493 617.482132 229.824322 1.566036 1.659722 4.031461 -0.603487 1.911135 24.887473 -10.000000 25.968141 
78 7 Car -1.000000 -1 -1.812975 406.161653 193.067738 462.376485 229.495089 1.515403 1.659722 4.031461 -7.025620 2.121059 28.652486 -10.000000 7.596895 
78 6 Car -1.000000 -1 -1.754802 514.737001 183.326711 550.981242 209.064392 1.970066 1.659722 4.031461 -5.776405 2.371716 53.282112 -10.000000 5.341765 
79 0 Car -1.000000 -1 -4.888602 567.466305 188.040324 617.562060 235.778973 1.558813 1.659722 4.031461 -0.605478 2.077327 25.076549 -10.000000 26.017022 
79 7 Car -1.000000 -1 -1.864168 381.977105 201.138942 445.826789 242.095786 1.501682 1.659722 4.031461 -6.614108 2.188988 24.128743 -10.000000 8.074512 
79 6 Car -1.000000 -1 -1.788444 506.279805 190.763888 546.591301 219.264184 1.966487 1.659722 4.031461 -5.312476 2.538124 44.985216 -10.000000 5.958118 
80 0 Car -1.000000 -1 -4.878272 567.918122 186.449277 617.998792 233.647610 1.548228 1.659722 4.031461 -0.580080 2.107186 25.187199 -10.000000 26.121284 
80 7 Car -1.000000 -1 -1.820775 350.689438 201.726739 426.507720 249.643320 1.461729 1.659722 4.031461 -6.359412 2.169671 20.532862 -10.000000 8.567575 
80 6 Car -1.000000 -1 -1.788055 496.229741 189.523114 540.690212 222.204368 1.904935 1.659722 4.031461 -4.940790 2.466576 38.284268 -10.000000 6.553428 
81 0 Car -1.000000 -1 -4.892829 568.590097 183.099829 619.186381 229.992064 1.542995 1.659722 4.031461 -0.575884 2.028411 25.204887 -10.000000 26.207820 
81 7 Car -1.000000 -1 -1.829451 308.539419 202.679381 401.097441 258.387392 1.431404 1.659722 4.031461 -6.280200 2.104146 17.486870 -10.000000 9.008575 
81 6 Car -1.000000 -1 -1.803967 485.158627 186.862746 534.831056 224.262481 1.848680 1.659722 4.031461 -4.521788 2.258007 32.235609 -10.000000 7.086042 
82 0 Car -1.000000 -1 -4.869043 568.358942 183.245001 619.497587 230.136338 1.540405 1.659722 4.031461 -0.548487 2.011728 25.306483 -10.000000 26.304756 
82 7 Car -1.000000 -1 -1.851272 249.129264 205.990129 367.074111 272.079480 1.414530 1.659722 4.031461 -6.062497 1.995302 14.236461 -10.000000 9.441301 
82 6 Car -1.000000 -1 -1.803843 469.289662 188.562606 526.723179 231.446528 1.780151 1.659722 4.031461 -4.202850 2.118377 26.631995 -10.000000 7.612353 
83 0 Car -1.000000 -1 -4.888648 569.251322 181.187736 619.950875 228.238452 1.549216 1.659722 4.031461 -0.547537 1.997350 25.492133 -10.000000 26.384233 
83 7 Car -1.000000 -1 -1.781682 161.295873 209.967770 318.929351 291.089135 1.384669 1.659722 4.031461 -5.971331 1.916017 11.354812 -10.000000 9.782171 
83 6 Car -1.000000 -1 -1.812845 447.574745 188.474177 515.585406 238.821662 1.704231 1.659722 4.031461 -3.954454 2.016672 21.808857 -10.000000 8.112969 
84 0 Car -1.000000 -1 -4.875060 569.424410 178.064647 619.761690 225.444311 1.566331 1.659722 4.031461 -0.549769 1.906978 25.490822 -10.000000 26.456380 
84 7 Car -1.000000 -1 -1.816017 21.250467 216.175785 243.071218 320.756229 1.365256 1.659722 4.031461 -5.943158 1.846428 8.651807 -10.000000 10.040984 
84 6 Car -1.000000 -1 -1.802535 417.566948 188.539200 500.668941 247.989425 1.628675 1.659722 4.031461 -3.817056 1.896335 17.843004 -10.000000 8.617402 
85 0 Car -1.000000 -1 -4.876093 570.219320 176.377436 620.214923 223.853324 1.574633 1.659722 4.031461 -0.518027 1.818790 25.560572 -10.000000 26.550368 
85 6 Car -1.000000 -1 -1.793869 372.708672 190.052926 478.633212 262.849006 1.580115 1.659722 4.031461 -3.719294 1.809615 14.113788 -10.000000 9.052129 
86 0 Car -1.000000 -1 -4.885269 570.712947 178.134426 620.551387 225.231445 1.574581 1.659722 4.031461 -0.515237 1.821182 25.645081 -10.000000 26.637267 
86 6 Car -1.000000 -1 -1.787879 300.659402 196.030265 447.723922 289.338465 1.554682 1.659722 4.031461 -3.606235 1.784681 10.590819 -10.000000 9.414338 
87 0 Car -1.000000 -1 -4.876711 570.243179 180.202990 620.836927 227.162210 1.570756 1.659722 4.031461 -0.515941 1.866491 25.552831 -10.000000 26.705922 
87 6 Car -1.000000 -1 -1.772667 220.005097 217.848598 380.308031 329.057841 1.396301 1.659722 4.031461 -3.514592 1.742293 6.570982 -10.000000 7.789387 
88 0 Car -1.000000 -1 -4.884715 570.290756 180.054563 621.483784 227.017268 1.564662 1.659722 4.031461 -0.513904 1.845953 25.363245 -10.000000 26.783764 
88 6 Car -1.000000 -1 -1.595623 0.000000 236.812906 290.357547 375.000000 1.353002 1.659722 4.031461 -3.856236 1.760573 5.448999 -10.000000 7.337206 
89 0 Car -1.000000 -1 -4.884040 570.279182 179.201992 621.367479 226.039174 1.554748 1.659722 4.031461 -0.513238 1.853957 25.497564 -10.000000 26.869287 
90 0 Car -1.000000 -1 -4.891510 569.687517 178.906344 620.431733 225.946584 1.555869 1.659722 4.031461 -0.544400 1.857557 25.374208 -10.000000 26.972363 
91 0 Car -1.000000 -1 -4.883053 569.748762 177.692282 619.705718 224.707225 1.557763 1.659722 4.031461 -0.550115 1.859239 25.693943 -10.000000 27.054981 
92 0 Car -1.000000 -1 -4.890828 569.702430 176.690988 619.672105 223.142712 1.560495 1.659722 4.031461 -0.555927 1.804198 25.808751 -10.000000 27.134456 
93 0 Car -1.000000 -1 -4.881401 569.066114 177.314841 619.098835 223.827286 1.559013 1.659722 4.031461 -0.559603 1.854466 26.110617 -10.000000 27.189726 
94 0 Car -1.000000 -1 -4.881046 569.280438 178.203199 619.139460 224.660623 1.576601 1.659722 4.031461 -0.564117 1.834173 26.061342 -10.000000 27.280160 
95 0 Car -1.000000 -1 -4.883561 568.734677 178.619020 618.683071 225.340186 1.582916 1.659722 4.031461 -0.593066 1.811655 25.689542 -10.000000 27.368524 
96 0 Car -1.000000 -1 -4.874433 568.390285 179.736834 618.108689 226.510890 1.568866 1.659722 4.031461 -0.590489 1.862388 25.510281 -10.000000 27.449502 
97 0 Car -1.000000 -1 -4.890297 567.908911 178.846865 617.090858 225.460826 1.552650 1.659722 4.031461 -0.616196 1.805643 25.285691 -10.000000 27.524692 
98 0 Car -1.000000 -1 -4.878215 566.024221 177.537461 616.027399 224.166009 1.536556 1.659722 4.031461 -0.648037 1.792604 25.243815 -10.000000 27.596352 
98 10 Car -1.000000 -1 -2.721723 830.785258 162.898730 867.743289 181.975859 2.066013 1.659722 4.031461 26.025699 0.905087 78.887401 -10.000000 0.635106 
99 0 Car -1.000000 -1 -4.888647 565.076183 176.453002 615.366720 223.532931 1.538386 1.659722 4.031461 -0.680882 1.770554 25.107592 -10.000000 27.649852 
99 10 Car -1.000000 -1 -2.631504 835.808657 161.658711 876.715859 180.845512 2.056630 1.659722 4.031461 25.997580 0.497513 77.263202 -10.000000 0.259971 
100 0 Car -1.000000 -1 -4.876798 564.823761 177.987113 615.335206 225.383714 1.541651 1.659722 4.031461 -0.679901 1.790527 24.898760 -10.000000 27.729777 
101 0 Car -1.000000 -1 -4.898458 563.855157 181.084252 614.683700 228.975611 1.539750 1.659722 4.031461 -0.733250 1.857626 24.745832 -10.000000 27.751302 
102 0 Car -1.000000 -1 -4.874496 562.655880 181.033380 613.870238 229.367533 1.546226 1.659722 4.031461 -0.738669 1.900328 24.731968 -10.000000 27.775159 
102 10 Car -1.000000 -1 -1.981605 852.510284 165.757664 898.653784 185.998373 1.958686 1.659722 4.031461 26.256990 1.046067 71.491859 -10.000000 1.047089 
103 0 Car -1.000000 -1 -4.897521 562.409463 180.054021 614.218985 228.113731 1.546413 1.659722 4.031461 -0.739019 1.895780 24.873203 -10.000000 27.830978 
103 10 Car -1.000000 -1 -1.584859 859.671470 163.498671 911.078243 183.959819 1.940188 1.659722 4.031461 26.052827 0.831492 68.653290 -10.000000 1.744100 
104 0 Car -1.000000 -1 -4.884514 562.354125 179.119418 614.708960 227.253447 1.548125 1.659722 4.031461 -0.741038 1.865841 24.820913 -10.000000 27.898840 
104 10 Car -1.000000 -1 -1.608986 869.758920 162.384821 919.223181 185.097726 1.976108 1.659722 4.031461 25.698482 0.964696 65.532967 -10.000000 2.421409 
104 12 Car -1.000000 -1 -2.528200 845.992656 170.365319 871.464873 184.085638 1.554475 1.659722 4.031461 27.266557 0.999833 79.171548 -10.000000 1.174337 
105 0 Car -1.000000 -1 -4.890975 562.268322 177.620909 615.038693 225.780161 1.552021 1.659722 4.031461 -0.740254 1.845714 24.889894 -10.000000 27.944856 
105 10 Car -1.000000 -1 -1.467298 879.880029 159.775670 929.778611 184.178619 2.064888 1.659722 4.031461 25.167610 0.894867 62.003771 -10.000000 3.107147 
105 12 Car -1.000000 -1 -1.844394 852.213547 169.128120 881.062266 183.405773 1.513428 1.659722 4.031461 27.372091 0.898090 77.352385 -10.000000 1.769392 
106 0 Car -1.000000 -1 -4.887021 561.922594 177.954774 615.303837 226.432663 1.558103 1.659722 4.031461 -0.738494 1.830957 24.649271 -10.000000 27.992846 
106 10 Car -1.000000 -1 -1.559573 891.197966 159.783297 945.631382 185.257857 2.074271 1.659722 4.031461 25.164725 0.988661 59.053308 -10.000000 3.780032 
106 12 Car -1.000000 -1 -2.556849 862.024553 169.580283 890.696952 183.546216 1.509172 1.659722 4.031461 27.815986 0.987607 75.445005 -10.000000 2.357170 
107 0 Car -1.000000 -1 -4.883078 562.568714 178.692204 616.303161 227.416818 1.556704 1.659722 4.031461 -0.699897 1.805993 24.360388 -10.000000 28.065888 
107 10 Car -1.000000 -1 -1.492651 901.140235 160.419475 965.170172 187.116679 2.061522 1.659722 4.031461 24.978272 0.983855 55.858137 -10.000000 4.404857 
107 12 Car -1.000000 -1 -2.022153 876.363597 169.886015 901.614564 184.572372 1.479582 1.659722 4.031461 28.207529 0.951374 72.899078 -10.000000 2.986885 
108 0 Car -1.000000 -1 -4.882397 563.881736 178.394140 616.536396 226.773842 1.537131 1.659722 4.031461 -0.660174 1.801323 24.331635 -10.000000 28.105173 
108 10 Car -1.000000 -1 -1.688100 914.971319 159.515319 982.156017 186.906649 2.058004 1.659722 4.031461 25.017679 0.977723 53.560253 -10.000000 3.493058 
108 12 Car -1.000000 -1 -1.733645 880.130152 169.155785 913.436810 184.267067 1.497005 1.659722 4.031461 27.928860 0.960870 70.924965 -10.000000 3.486811 
109 0 Car -1.000000 -1 -4.883128 564.598564 178.309378 616.657341 226.938252 1.527660 1.659722 4.031461 -0.652396 1.799173 24.123141 -10.000000 28.152245 
109 10 Car -1.000000 -1 -1.386136 924.023660 158.631923 995.561587 188.491133 2.053830 1.659722 4.031461 23.846897 1.007967 49.388292 -10.000000 4.700745 
109 12 Car -1.000000 -1 -1.775419 885.060329 168.190554 924.762398 183.915765 1.498354 1.659722 4.031461 27.782356 0.963781 68.377244 -10.000000 4.077210 
110 0 Car -1.000000 -1 -4.886239 564.404064 178.729206 616.176071 227.148998 1.519111 1.659722 4.031461 -0.647989 1.759502 23.958382 -10.000000 28.200902 
110 10 Car -1.000000 -1 -1.431940 938.499960 156.411939 1018.671158 188.698466 2.071212 1.659722 4.031461 22.749147 0.961794 44.671943 -10.000000 5.197319 
110 12 Car -1.000000 -1 -1.375779 894.045084 167.934131 937.119154 184.880003 1.526905 1.659722 4.031461 27.497106 0.859333 65.125109 -10.000000 4.757456 
111 0 Car -1.000000 -1 -4.889632 564.979752 178.416885 616.675249 226.849089 1.504762 1.659722 4.031461 -0.612962 1.770476 23.748973 -10.000000 28.246652 
111 10 Car -1.000000 -1 -1.338938 957.478363 155.973625 1040.224441 189.930352 2.026136 1.659722 4.031461 22.570933 0.918287 42.108043 -10.000000 4.172705 
111 12 Car -1.000000 -1 -1.517395 905.197136 166.951218 951.780362 185.031226 1.562029 1.659722 4.031461 27.155130 0.816985 61.542606 -10.000000 5.422783 
111 11 Car -1.000000 -1 -1.615983 506.970972 179.209844 536.226539 199.405925 2.089046 1.659722 4.031461 -9.489098 2.351359 76.598980 -10.000000 3.458443 
112 0 Car -1.000000 -1 -4.895389 566.002716 179.493778 617.725741 228.124151 1.496367 1.659722 4.031461 -0.608549 1.807261 23.822302 -10.000000 28.271695 
112 10 Car -1.000000 -1 -1.409445 980.111285 156.367061 1062.857362 191.397064 1.965903 1.659722 4.031461 22.384214 0.854907 39.548616 -10.000000 3.293956 
112 12 Car -1.000000 -1 -1.450527 917.785119 166.082247 967.803729 185.103565 1.565006 1.659722 4.031461 26.293118 0.780709 57.204167 -10.000000 6.054025 
112 11 Car -1.000000 -1 -1.720058 502.061518 180.193768 532.719075 201.593324 2.126517 1.659722 4.031461 -9.310818 2.483701 71.847272 -10.000000 4.144302 
113 0 Car -1.000000 -1 -4.895149 565.833323 181.153994 617.810127 230.124757 1.504275 1.659722 4.031461 -0.607900 1.865262 23.833804 -10.000000 28.305577 
113 10 Car -1.000000 -1 -1.505683 1005.427746 159.946305 1088.173823 196.157366 1.903809 1.659722 4.031461 22.208160 1.049852 36.990836 -10.000000 2.540306 
113 12 Car -1.000000 -1 -1.501596 930.247099 169.905278 985.482761 189.928524 1.536240 1.659722 4.031461 25.778021 1.038259 53.502629 -10.000000 6.664005 
113 11 Car -1.000000 -1 -1.726855 495.077318 182.898465 527.622727 205.407869 2.115533 1.659722 4.031461 -9.268363 2.559600 66.792911 -10.000000 4.801994 
114 0 Car -1.000000 -1 -4.890304 566.031458 181.300823 618.241272 230.346225 1.513887 1.659722 4.031461 -0.581651 1.871297 23.891324 -10.000000 28.332507 
114 10 Car -1.000000 -1 -1.505683 1034.585976 162.558549 1117.332053 200.066466 1.840183 1.659722 4.031461 22.018327 1.194125 34.455457 -10.000000 1.893945 
114 12 Car -1.000000 -1 -1.481744 944.616668 170.645402 1005.444670 191.533938 1.502995 1.659722 4.031461 25.779961 1.211034 50.950548 -10.000000 7.245193 
114 11 Car -1.000000 -1 -1.796141 487.526942 182.365904 523.018360 206.656924 2.100353 1.659722 4.031461 -8.896281 2.479420 60.818727 -10.000000 5.420600 
115 0 Car -1.000000 -1 -4.902717 566.507276 178.167778 618.662684 226.844586 1.511901 1.659722 4.031461 -0.580071 1.825555 24.032420 -10.000000 28.367456 
115 10 Car -1.000000 -1 -1.505683 1066.165091 157.598291 1148.911169 196.560334 1.773976 1.659722 4.031461 21.809618 0.997232 31.908309 -10.000000 1.339601 
115 12 Car -1.000000 -1 -1.432219 958.905475 167.955856 1024.244607 189.731301 1.483355 1.659722 4.031461 25.241873 0.987214 47.852150 -10.000000 7.873245 
115 11 Car -1.000000 -1 -1.750497 478.127514 180.028567 516.228956 206.565517 2.090930 1.659722 4.031461 -8.776516 2.401957 55.567235 -10.000000 6.030328 
116 0 Car -1.000000 -1 -4.887190 567.074824 176.214492 619.218221 224.526946 1.510343 1.659722 4.031461 -0.553883 1.726989 24.172995 -10.000000 28.418904 
116 10 Car -1.000000 -1 -1.505683 1102.454649 154.276515 1185.200726 194.845463 1.706387 1.659722 4.031461 21.614013 0.897904 29.405155 -10.000000 0.864174 
116 12 Car -1.000000 -1 -1.525611 974.767788 163.434300 1045.129727 186.626185 1.470888 1.659722 4.031461 24.796946 0.812317 44.808741 -10.000000 8.420547 
116 11 Car -1.000000 -1 -1.834935 467.759298 177.484547 510.134056 207.197336 2.109923 1.659722 4.031461 -8.012869 2.061786 46.864427 -10.000000 6.551786 
117 0 Car -1.000000 -1 -4.897293 568.136457 176.803309 620.920175 225.426471 1.517916 1.659722 4.031461 -0.520757 1.748046 24.184441 -10.000000 28.460924 
117 10 Car -1.000000 -1 -1.505683 1148.099428 151.627073 1230.845505 194.049727 1.634946 1.659722 4.031461 21.421560 0.764763 26.864255 -10.000000 0.456429 
117 12 Car -1.000000 -1 -1.356114 991.816251 160.812112 1070.636530 185.640700 1.468007 1.659722 4.031461 23.956549 0.697608 41.129872 -10.000000 8.917956 
117 11 Car -1.000000 -1 -1.822975 454.885801 180.710402 501.493773 214.922801 2.065019 1.659722 4.031461 -7.253674 2.101727 38.977466 -10.000000 7.099980 
118 0 Car -1.000000 -1 -4.898652 568.374796 179.330096 621.333472 228.437626 1.530506 1.659722 4.031461 -0.516567 1.807441 24.118491 -10.000000 28.471884 
118 12 Car -1.000000 -1 -1.555442 1012.042799 165.007450 1097.810278 191.336703 1.439115 1.659722 4.031461 24.188949 0.998212 39.286542 -10.000000 9.394508 
118 11 Car -1.000000 -1 -1.863014 438.415800 184.476613 491.042072 223.680361 1.975276 1.659722 4.031461 -6.392746 2.059373 31.289349 -10.000000 7.643333 
119 0 Car -1.000000 -1 -4.899478 568.031414 183.148640 621.156092 233.069440 1.546191 1.659722 4.031461 -0.516670 1.933851 24.041709 -10.000000 28.459237 
119 12 Car -1.000000 -1 -1.334211 1040.874960 171.959416 1126.243764 199.640491 1.431580 1.659722 4.031461 23.259469 1.043230 35.494099 -10.000000 9.826853 
119 11 Car -1.000000 -1 -1.863708 418.089773 190.282645 476.997074 236.138093 1.843772 1.659722 4.031461 -5.893168 2.182730 26.001940 -10.000000 8.142357 
120 0 Car -1.000000 -1 -4.898217 567.172739 181.834350 620.676050 231.692721 1.557765 1.659722 4.031461 -0.523520 1.993087 24.489675 -10.000000 28.459590 
120 12 Car -1.000000 -1 -1.800991 1059.697503 171.953997 1159.412669 202.881630 1.419187 1.659722 4.031461 23.126086 1.307322 33.451531 -10.000000 10.176961 
120 11 Car -1.000000 -1 -1.863647 390.625333 192.167772 459.453090 243.818027 1.731835 1.659722 4.031461 -5.766387 2.140938 22.187413 -10.000000 8.594916 
121 0 Car -1.000000 -1 -4.895790 567.356636 174.021795 620.852790 223.573420 1.571641 1.659722 4.031461 -0.528190 1.729183 24.292251 -10.000000 28.424552 
121 12 Car -1.000000 -1 -1.276904 1082.000398 166.776138 1197.091952 199.932791 1.443574 1.659722 4.031461 22.122441 1.109013 30.214510 -10.000000 10.629426 
121 11 Car -1.000000 -1 -1.874634 354.935452 185.748598 438.307978 244.660712 1.647602 1.659722 4.031461 -5.501280 1.862643 18.311842 -10.000000 9.028833 
122 0 Car -1.000000 -1 -4.881491 568.445533 170.269844 622.270475 221.094301 1.583648 1.659722 4.031461 -0.491494 1.624338 23.943778 -10.000000 28.414652 
122 12 Car -1.000000 -1 -1.269628 1109.320423 163.085414 1241.431347 199.773112 1.428117 1.659722 4.031461 21.311644 1.027208 27.327147 -10.000000 11.064659 
122 11 Car -1.000000 -1 -1.822446 305.040218 186.910519 408.852324 256.377277 1.572200 1.659722 4.031461 -5.334704 1.783523 14.849549 -10.000000 9.380391 
122 13 Car -1.000000 -1 -1.751619 502.436538 173.604075 534.080965 195.173013 2.077032 1.659722 4.031461 -8.762151 1.706011 68.185478 -10.000000 2.698068 
123 0 Car -1.000000 -1 -4.893163 568.780829 169.536727 622.975052 221.052882 1.595864 1.659722 4.031461 -0.473401 1.544253 23.235564 -10.000000 28.383464 
123 12 Car -1.000000 -1 -1.270254 1135.514425 159.557769 1242.000000 198.611585 1.430028 1.659722 4.031461 20.917703 0.878015 24.717617 -10.000000 11.432952 
123 11 Car -1.000000 -1 -1.839171 232.242014 194.387074 366.617479 278.849663 1.511186 1.659722 4.031461 -5.246126 1.784289 11.753847 -10.000000 9.687455 
123 13 Car -1.000000 -1 -1.789512 495.745328 175.171607 530.338173 197.847130 2.047823 1.659722 4.031461 -8.133577 1.482779 59.317499 -10.000000 3.294753 
124 0 Car -1.000000 -1 -4.886372 568.601993 171.450903 622.541190 223.747638 1.573755 1.659722 4.031461 -0.466197 1.642520 23.318594 -10.000000 28.436878 
124 11 Car -1.000000 -1 -1.821943 108.705284 207.184824 303.475273 316.538488 1.479659 1.659722 4.031461 -5.164359 1.819973 8.766963 -10.000000 9.917789 
124 13 Car -1.000000 -1 -1.812865 487.004157 177.627867 524.777525 202.877009 1.953394 1.659722 4.031461 -7.668512 1.823151 52.337600 -10.000000 3.985519 
125 0 Car -1.000000 -1 -4.884699 568.570160 174.815390 622.284533 226.653672 1.568610 1.659722 4.031461 -0.439955 1.663048 23.129979 -10.000000 28.443368 
125 11 Car -1.000000 -1 -1.954323 0.000000 230.457946 190.374033 375.000000 1.450689 1.659722 4.031461 -4.703520 1.866909 6.179227 -10.000000 10.016612 
125 13 Car -1.000000 -1 -1.831101 476.167581 182.539676 518.235252 209.834769 1.888753 1.659722 4.031461 -7.234111 1.922184 45.561371 -10.000000 4.672194 
126 0 Car -1.000000 -1 -4.899325 569.333761 179.376774 623.730426 231.201765 1.553851 1.659722 4.031461 -0.432459 1.852468 23.500104 -10.000000 28.410639 
126 13 Car -1.000000 -1 -1.832993 464.385951 187.391987 510.744255 218.104656 1.817166 1.659722 4.031461 -6.856944 2.273903 40.078708 -10.000000 5.282320 
126 16 Car -1.000000 -1 -4.719685 635.823840 176.500111 654.102342 190.653497 1.539064 1.659722 4.031461 3.745743 2.140800 77.013576 -10.000000 1.754160 
127 0 Car -1.000000 -1 -4.885231 569.105037 179.653472 623.810984 231.191949 1.565203 1.659722 4.031461 -0.439816 1.860822 23.473153 -10.000000 28.439121 
127 13 Car -1.000000 -1 -1.842045 449.780451 189.680574 501.452127 224.209845 1.788989 1.659722 4.031461 -6.413406 2.249671 33.966773 -10.000000 5.883367 
127 16 Car -1.000000 -1 -4.825960 636.314706 178.020192 655.675715 192.466039 1.507177 1.659722 4.031461 3.760856 2.133830 75.669236 -10.000000 2.488393 
128 0 Car -1.000000 -1 -4.891865 568.973535 177.579610 623.369880 229.110619 1.566652 1.659722 4.031461 -0.439499 1.792093 23.084176 -10.000000 28.469065 
128 13 Car -1.000000 -1 -1.864899 431.872116 188.198451 489.548664 226.952501 1.713614 1.659722 4.031461 -5.850871 2.030342 28.032652 -10.000000 6.492336 
128 16 Car -1.000000 -1 -2.303738 636.106138 176.100822 655.794485 191.113769 1.526092 1.659722 4.031461 3.698840 1.807232 73.825004 -10.000000 3.152346 
129 0 Car -1.000000 -1 -4.903278 568.439561 176.344422 623.326333 228.658962 1.556967 1.659722 4.031461 -0.461268 1.822417 23.177945 -10.000000 28.496529 
129 13 Car -1.000000 -1 -1.846165 408.811489 189.801053 476.053470 234.617883 1.612246 1.659722 4.031461 -5.625425 2.048966 23.953561 -10.000000 7.027593 
129 16 Car -1.000000 -1 -4.900307 636.845391 175.220945 657.066257 190.575846 1.538144 1.659722 4.031461 3.703081 1.994717 72.563092 -10.000000 3.818908 
130 0 Car -1.000000 -1 -4.892561 568.037508 175.046598 623.337516 227.158860 1.565857 1.659722 4.031461 -0.467135 1.773769 23.347983 -10.000000 28.532932 
130 13 Car -1.000000 -1 -1.869210 378.748352 190.723234 459.203747 242.386218 1.564185 1.659722 4.031461 -5.452794 1.999455 20.377970 -10.000000 7.519700 
130 16 Car -1.000000 -1 -4.597313 637.110857 173.673386 657.928540 188.994553 1.525723 1.659722 4.031461 3.754249 1.845439 71.519028 -10.000000 4.434885 
131 0 Car -1.000000 -1 -4.900243 567.206984 174.455156 622.562387 226.248784 1.568187 1.659722 4.031461 -0.469055 1.691856 22.993726 -10.000000 28.545670 
131 13 Car -1.000000 -1 -1.824417 338.516313 194.012968 435.785637 253.071497 1.512864 1.659722 4.031461 -5.365546 1.928774 17.063743 -10.000000 7.958216 
131 16 Car -1.000000 -1 -4.946394 637.035914 172.345171 658.616710 188.320303 1.526069 1.659722 4.031461 3.715079 1.521078 69.898303 -10.000000 5.051379 
132 0 Car -1.000000 -1 -4.907304 567.920563 177.531556 623.088950 229.644736 1.554542 1.659722 4.031461 -0.490345 1.737757 22.879438 -10.000000 28.560413 
132 13 Car -1.000000 -1 -1.842964 283.273874 200.763204 407.337461 271.642695 1.475512 1.659722 4.031461 -5.164333 1.927657 13.715124 -10.000000 8.341620 
132 16 Car -1.000000 -1 -4.727926 638.095449 174.901844 660.296164 191.404894 1.552636 1.659722 4.031461 3.718263 1.660835 68.213605 -10.000000 5.780372 
133 0 Car -1.000000 -1 -4.879278 566.696137 178.642904 622.312902 231.184872 1.549855 1.659722 4.031461 -0.465654 1.813981 22.830205 -10.000000 28.574344 
133 13 Car -1.000000 -1 -1.813947 198.443763 209.577013 363.907736 298.485381 1.440589 1.659722 4.031461 -5.070314 1.922107 10.750848 -10.000000 8.641383 
133 16 Car -1.000000 -1 -4.983771 638.160317 177.111484 661.000403 194.284900 1.566305 1.659722 4.031461 3.692927 1.960141 67.055450 -10.000000 6.369528 
134 0 Car -1.000000 -1 -4.908035 566.444118 180.821719 622.731270 232.949298 1.545378 1.659722 4.031461 -0.489941 1.862907 22.901342 -10.000000 28.582884 
134 13 Car -1.000000 -1 -1.796172 54.672369 224.506608 297.923978 341.207905 1.422182 1.659722 4.031461 -5.137881 1.950809 8.117934 -10.000000 8.846904 
134 16 Car -1.000000 -1 -1.688512 639.559307 179.319983 662.434009 197.065758 1.591066 1.659722 4.031461 3.644797 2.033827 65.199081 -10.000000 6.993279 
134 17 Car -1.000000 -1 -5.121648 803.476605 170.143875 827.767470 183.729386 1.384810 1.659722 4.031461 21.116735 1.303477 73.980220 -10.000000 0.078706 
135 0 Car -1.000000 -1 -4.895393 566.023276 181.993614 622.175030 234.691336 1.548789 1.659722 4.031461 -0.519115 1.907082 22.851342 -10.000000 28.593339 
135 16 Car -1.000000 -1 -1.695040 640.495915 181.464110 663.943907 199.661015 1.596318 1.659722 4.031461 3.635980 2.118631 62.441852 -10.000000 7.648210 
135 17 Car -1.000000 -1 -4.359470 808.657837 172.384456 832.261882 187.019555 1.445055 1.659722 4.031461 21.143940 1.478748 72.468686 -10.000000 0.760043 
136 0 Car -1.000000 -1 -4.901737 565.704104 181.076092 621.986938 234.227387 1.563177 1.659722 4.031461 -0.522311 1.933405 22.794377 -10.000000 28.645518 
136 16 Car -1.000000 -1 -1.622434 640.710382 181.207544 665.394719 199.962785 1.577041 1.659722 4.031461 3.523383 2.159964 60.015584 -10.000000 8.226467 
136 17 Car -1.000000 -1 -4.678178 814.089046 171.744711 836.789354 186.687585 1.468352 1.659722 4.031461 21.154212 1.534966 70.918780 -10.000000 0.367122 
137 0 Car -1.000000 -1 -4.899734 565.999076 179.555444 622.945012 233.101264 1.573842 1.659722 4.031461 -0.495728 1.911390 22.842911 -10.000000 28.677849 
137 16 Car -1.000000 -1 -1.794783 642.357159 179.500003 667.626215 198.971502 1.565819 1.659722 4.031461 3.626379 2.135827 57.993272 -10.000000 8.769616 
137 17 Car -1.000000 -1 -4.406299 820.078717 170.880110 842.779024 185.985214 1.452749 1.659722 4.031461 21.188253 1.578624 69.411987 -10.000000 0.030137 
138 0 Car -1.000000 -1 -4.891965 567.071673 177.045305 624.107761 230.276276 1.578886 1.659722 4.031461 -0.463750 1.832802 22.803752 -10.000000 28.706351 
138 16 Car -1.000000 -1 -1.673294 644.548000 177.656331 670.234814 197.623993 1.560105 1.659722 4.031461 3.658738 1.891221 55.868509 -10.000000 9.310699 
139 0 Car -1.000000 -1 -4.880472 568.038071 174.698602 625.379769 228.209260 1.575650 1.659722 4.031461 -0.428629 1.724900 22.520303 -10.000000 28.706099 
139 16 Car -1.000000 -1 -1.731927 646.205363 174.174507 672.393422 195.127070 1.556283 1.659722 4.031461 3.590435 1.644405 53.519342 -10.000000 9.810191 
140 0 Car -1.000000 -1 -4.887687 569.552387 174.229346 626.915064 227.582552 1.563111 1.659722 4.031461 -0.391501 1.699944 22.557130 -10.000000 28.729175 
140 16 Car -1.000000 -1 -1.695399 647.381020 173.897594 674.940651 195.244900 1.546512 1.659722 4.031461 3.594437 1.610008 51.441815 -10.000000 10.310618 
141 0 Car -1.000000 -1 -4.880924 571.133014 174.880021 628.472532 227.948258 1.552620 1.659722 4.031461 -0.330303 1.680296 22.293786 -10.000000 28.762370 
141 16 Car -1.000000 -1 -1.653620 650.080632 175.097060 678.023068 197.017788 1.516524 1.659722 4.031461 3.640847 1.536714 49.280171 -10.000000 10.877248 
141 18 Car -1.000000 -1 -3.428714 843.432733 166.805630 873.395605 183.522242 1.344564 1.659722 4.031461 20.189327 0.935304 58.589448 -10.000000 0.365038 
142 0 Car -1.000000 -1 -4.894144 572.548460 178.074123 630.086429 230.481519 1.524391 1.659722 4.031461 -0.292895 1.751166 22.482615 -10.000000 28.751276 
142 16 Car -1.000000 -1 -1.670204 652.437107 176.051332 681.032211 198.932707 1.502674 1.659722 4.031461 3.714212 1.661814 47.512991 -10.000000 11.404289 
142 20 Car -1.000000 -1 -3.344537 878.951049 161.989451 922.867531 185.417591 1.632521 1.659722 4.031461 20.768038 0.835108 51.657398 -10.000000 0.487144 
142 18 Car -1.000000 -1 -1.445464 849.748905 167.186178 882.023715 186.555845 1.416337 1.659722 4.031461 20.049473 0.892725 56.707853 -10.000000 1.080414 
143 0 Car -1.000000 -1 -4.871180 573.904229 179.090831 631.815923 231.737700 1.524124 1.659722 4.031461 -0.210988 1.755602 22.339493 -10.000000 28.745238 
143 16 Car -1.000000 -1 -1.682379 654.483551 177.831820 684.464545 201.731349 1.509229 1.659722 4.031461 3.685914 1.673892 44.916624 -10.000000 11.903762 
143 20 Car -1.000000 -1 -3.656500 886.236103 162.791043 934.820879 187.061756 1.667039 1.659722 4.031461 20.842344 0.944839 50.192639 -10.000000 1.246016 
143 18 Car -1.000000 -1 -1.656477 857.570252 168.101553 890.956556 187.416536 1.531505 1.659722 4.031461 20.065054 0.997698 55.007111 -10.000000 1.819471 
144 0 Car -1.000000 -1 -4.894349 575.868996 178.012806 633.299401 231.574920 1.538948 1.659722 4.031461 -0.167198 1.841868 22.698946 -10.000000 28.729718 
144 16 Car -1.000000 -1 -1.829358 656.523009 178.936597 688.632975 203.821374 1.494907 1.659722 4.031461 3.762365 1.850655 43.411064 -10.000000 12.363094 
144 20 Car -1.000000 -1 -3.698106 898.515464 163.759031 941.654853 188.719909 1.667896 1.659722 4.031461 20.939459 1.071306 48.791883 -10.000000 2.001714 
144 18 Car -1.000000 -1 -1.458187 866.356575 169.392468 900.807034 188.969824 1.453983 1.659722 4.031461 20.235403 1.150020 53.441656 -10.000000 2.574943 
145 0 Car -1.000000 -1 -4.880561 576.941769 177.504493 634.280652 231.554299 1.573396 1.659722 4.031461 -0.139812 1.859419 22.850873 -10.000000 28.764076 
145 16 Car -1.000000 -1 -1.681254 659.101851 180.517107 692.459188 206.111872 1.483414 1.659722 4.031461 3.831335 1.881925 42.097503 -10.000000 12.793047 
145 20 Car -1.000000 -1 -4.569249 908.699428 164.752273 953.745350 190.708491 1.672146 1.659722 4.031461 21.078028 1.127983 47.428081 -10.000000 2.696649 
145 18 Car -1.000000 -1 -3.898558 875.548828 170.059280 911.358143 189.369601 1.424547 1.659722 4.031461 20.512608 1.206176 52.166926 -10.000000 3.254868 
146 0 Car -1.000000 -1 -4.883776 578.167781 176.671160 635.797974 231.003157 1.601066 1.659722 4.031461 -0.088098 1.805263 22.491951 -10.000000 28.783596 
146 16 Car -1.000000 -1 -1.603649 661.098737 179.754988 694.894024 206.221041 1.480667 1.659722 4.031461 3.740712 1.803061 39.992800 -10.000000 13.241505 
146 20 Car -1.000000 -1 -4.400945 919.612537 164.786782 966.736855 191.717997 1.690015 1.659722 4.031461 21.262120 1.223275 46.143231 -10.000000 3.434133 
146 18 Car -1.000000 -1 -3.659575 892.132891 170.451145 922.323306 190.234563 1.389492 1.659722 4.031461 21.030183 1.268361 50.916970 -10.000000 3.750993 
146 19 Car -1.000000 -1 -5.401927 829.220676 167.162467 857.503205 184.134848 1.695923 1.659722 4.031461 24.071789 1.341135 74.491328 -10.000000 1.216664 
147 0 Car -1.000000 -1 -4.880549 580.092921 177.475536 637.559840 232.465302 1.597814 1.659722 4.031461 -0.023856 1.825171 22.384853 -10.000000 28.819102 
147 16 Car -1.000000 -1 -2.086863 663.357837 180.538908 697.946214 207.906290 1.461626 1.659722 4.031461 3.766881 1.800002 38.145204 -10.000000 13.676392 
147 20 Car -1.000000 -1 -1.379229 933.090574 163.978106 980.058235 192.906702 1.729424 1.659722 4.031461 20.637148 1.128273 43.116883 -10.000000 4.132427 
147 18 Car -1.000000 -1 -4.100995 904.896857 170.073131 932.772173 190.182516 1.377490 1.659722 4.031461 21.109393 1.162503 49.430753 -10.000000 2.932279 
147 19 Car -1.000000 -1 -2.357226 832.346025 168.421941 863.583081 185.250556 1.711553 1.659722 4.031461 23.984060 1.242409 72.908107 -10.000000 1.841523 
148 0 Car -1.000000 -1 -4.884955 580.678830 175.815582 639.006616 230.762771 1.593002 1.659722 4.031461 -0.017603 1.770450 22.007387 -10.000000 28.821949 
148 16 Car -1.000000 -1 -1.620215 666.324279 179.096052 702.415313 207.608640 1.441848 1.659722 4.031461 3.715595 1.728485 36.055465 -10.000000 14.104050 
148 20 Car -1.000000 -1 -4.396543 942.420240 164.513796 994.794746 195.085915 1.741655 1.659722 4.031461 20.599347 1.280876 41.554185 -10.000000 4.756695 
148 18 Car -1.000000 -1 -4.452242 904.192935 170.620260 944.584456 191.939220 1.399527 1.659722 4.031461 21.096705 1.298264 48.598199 -10.000000 4.112073 
148 19 Car -1.000000 -1 -5.194819 836.070451 166.313782 869.339604 185.407930 1.752793 1.659722 4.031461 23.989917 1.319537 71.594772 -10.000000 2.464246 
149 0 Car -1.000000 -1 -4.849182 581.801599 177.470445 640.369597 233.638274 1.585870 1.659722 4.031461 0.061761 1.810870 21.673329 -10.000000 28.821492 
149 16 Car -1.000000 -1 -1.793990 669.020389 181.624556 706.555541 211.716826 1.429683 1.659722 4.031461 3.706475 1.800397 34.477900 -10.000000 14.472212 
149 20 Car -1.000000 -1 -1.409898 954.164739 166.559787 1012.830490 198.705343 1.749098 1.659722 4.031461 20.518020 1.356235 39.692099 -10.000000 5.361123 
149 18 Car -1.000000 -1 -4.497481 909.156677 173.331164 956.385311 195.179714 1.429215 1.659722 4.031461 21.101790 1.395549 47.318996 -10.000000 4.748397 
149 19 Car -1.000000 -1 -3.015393 845.964503 168.740722 876.010279 186.610109 1.803095 1.659722 4.031461 24.540483 1.463900 70.041621 -10.000000 2.987796 
150 0 Car -1.000000 -1 -4.887643 583.985377 180.418256 642.529654 236.752518 1.583087 1.659722 4.031461 0.102777 1.894771 21.626126 -10.000000 28.861821 
150 16 Car -1.000000 -1 -1.696453 672.243005 186.122666 710.719207 217.372027 1.426121 1.659722 4.031461 3.726995 1.955301 32.987781 -10.000000 14.839597 
150 20 Car -1.000000 -1 -1.862859 969.426611 172.295604 1030.846003 206.783958 1.776539 1.659722 4.031461 20.602052 1.709763 38.108703 -10.000000 5.961909 
150 18 Car -1.000000 -1 -4.574054 919.119536 178.730775 969.926396 200.956724 1.420977 1.659722 4.031461 21.565729 1.784370 46.431011 -10.000000 5.352698 
150 19 Car -1.000000 -1 -4.337985 855.182190 173.987718 884.256832 191.807387 1.689068 1.659722 4.031461 24.920425 1.972988 68.960622 -10.000000 3.542520 
151 0 Car -1.000000 -1 -4.862548 585.222552 178.959917 644.740296 235.365035 1.576544 1.659722 4.031461 0.141706 1.906073 21.951756 -10.000000 28.858054 
151 16 Car -1.000000 -1 -0.314772 674.106286 182.324429 714.586277 215.630801 1.430768 1.659722 4.031461 3.672326 1.925208 31.606123 -10.000000 15.223428 
151 20 Car -1.000000 -1 -1.599223 982.736831 165.817508 1050.111504 201.825302 1.802276 1.659722 4.031461 20.596691 1.492124 36.636171 -10.000000 6.590839 
151 18 Car -1.000000 -1 -4.565518 929.345476 174.102564 984.072695 197.279241 1.429666 1.659722 4.031461 21.642258 1.568900 45.084347 -10.000000 5.986151 
151 19 Car -1.000000 -1 -4.252598 854.750407 169.946351 891.887151 187.445956 1.655335 1.659722 4.031461 24.890654 1.769140 68.321752 -10.000000 4.070586 
152 0 Car -1.000000 -1 -4.880053 585.966744 172.134820 645.680419 228.213618 1.590243 1.659722 4.031461 0.161548 1.690969 21.669397 -10.000000 28.841336 
152 16 Car -1.000000 -1 -1.643088 676.227109 175.697637 720.322423 210.556209 1.444896 1.659722 4.031461 3.595766 1.589901 29.677215 -10.000000 15.550550 
152 20 Car -1.000000 -1 -1.361641 997.578516 157.603013 1071.369322 194.736162 1.793087 1.659722 4.031461 20.161735 1.086593 34.437539 -10.000000 7.123968 
152 18 Car -1.000000 -1 -1.618054 941.133045 166.467505 998.863483 190.592763 1.448054 1.659722 4.031461 21.092596 1.061895 42.398716 -10.000000 6.517534 
152 19 Car -1.000000 -1 -4.160939 860.018739 162.510668 900.222673 180.051255 1.624947 1.659722 4.031461 24.962793 0.955234 66.960441 -10.000000 3.206374 
153 0 Car -1.000000 -1 -4.877276 588.980864 172.953792 647.838678 229.249502 1.578200 1.659722 4.031461 0.218076 1.654209 21.450425 -10.000000 28.855540 
153 16 Car -1.000000 -1 -1.508316 679.659921 175.516026 727.558288 213.202340 1.444120 1.659722 4.031461 3.527916 1.541422 27.574147 -10.000000 15.892401 
153 20 Car -1.000000 -1 -1.258945 1016.072460 154.717612 1093.538591 194.801526 1.781689 1.659722 4.031461 19.645295 1.038668 31.993709 -10.000000 7.650767 
153 18 Car -1.000000 -1 -1.491127 954.215253 164.714442 1017.222629 190.092677 1.433127 1.659722 4.031461 20.839532 0.987154 40.117350 -10.000000 7.018759 
153 19 Car -1.000000 -1 -4.813411 867.919702 159.664047 908.123637 177.390000 1.608130 1.659722 4.031461 25.091255 0.810086 65.576853 -10.000000 2.465192 
154 0 Car -1.000000 -1 -4.876592 589.662950 176.843978 648.545211 232.895539 1.561250 1.659722 4.031461 0.286579 1.779419 21.674492 -10.000000 28.869918 
154 16 Car -1.000000 -1 -1.636581 684.472748 179.439267 734.000265 220.087264 1.449103 1.659722 4.031461 3.548487 1.680567 26.001370 -10.000000 16.242114 
154 20 Car -1.000000 -1 -1.194466 1034.022359 155.876364 1119.229017 198.156050 1.770889 1.659722 4.031461 19.647522 1.092892 30.549174 -10.000000 8.185006 
154 18 Car -1.000000 -1 -1.530741 971.862788 166.806472 1034.358637 193.115137 1.412555 1.659722 4.031461 21.177089 1.083935 38.876525 -10.000000 7.651140 
154 19 Car -1.000000 -1 -4.318391 875.370184 164.147325 915.574118 182.059616 1.591573 1.659722 4.031461 25.208552 1.080539 64.228929 -10.000000 1.829525 
155 0 Car -1.000000 -1 -4.879455 590.736040 178.413639 650.135492 234.289395 1.563163 1.659722 4.031461 0.316286 1.782559 21.683270 -10.000000 28.875880 
155 16 Car -1.000000 -1 -1.582107 688.411618 179.948583 739.762571 223.136557 1.451692 1.659722 4.031461 3.502557 1.671289 24.380219 -10.000000 16.550404 
155 20 Car -1.000000 -1 -1.202269 1049.781900 155.354089 1148.191643 199.885495 1.764445 1.659722 4.031461 19.369260 1.060620 28.714262 -10.000000 8.690492 
155 18 Car -1.000000 -1 -1.338334 983.612687 167.091419 1053.353405 194.059196 1.400547 1.659722 4.031461 21.126378 1.044350 37.450523 -10.000000 8.179157 
155 19 Car -1.000000 -1 -3.564948 898.647611 165.303493 925.898038 182.945821 1.553899 1.659722 4.031461 26.477741 0.988034 62.969242 -10.000000 4.002860 
156 0 Car -1.000000 -1 -4.876924 592.066435 178.741457 651.392168 234.833001 1.568585 1.659722 4.031461 0.351736 1.845796 21.860855 -10.000000 28.890779 
156 16 Car -1.000000 -1 -4.711513 691.686557 182.232997 748.284046 227.420797 1.431899 1.659722 4.031461 3.537848 1.731587 23.212371 -10.000000 16.814660 
156 20 Car -1.000000 -1 -1.528982 1074.557293 157.472782 1181.306467 204.209569 1.747318 1.659722 4.031461 19.339849 1.138506 27.040951 -10.000000 9.184310 
156 18 Car -1.000000 -1 -3.726028 997.073815 167.872724 1075.995888 196.535104 1.405993 1.659722 4.031461 21.163803 1.148142 35.907301 -10.000000 8.733985 
156 19 Car -1.000000 -1 -4.660411 899.082079 165.568868 937.222993 184.498051 1.570498 1.659722 4.031461 26.788173 1.175196 62.960748 -10.000000 4.427156 
157 0 Car -1.000000 -1 -4.883986 593.206896 177.184724 652.211273 233.405208 1.582781 1.659722 4.031461 0.376195 1.813546 21.802759 -10.000000 28.939037 
157 16 Car -1.000000 -1 -1.259874 696.499400 182.267042 757.393249 229.126010 1.408818 1.659722 4.031461 3.522735 1.683619 21.773317 -10.000000 17.146203 
157 20 Car -1.000000 -1 -1.198773 1098.692926 155.946394 1225.146368 205.160396 1.722701 1.659722 4.031461 18.957979 1.071982 24.892545 -10.000000 9.624857 
157 18 Car -1.000000 -1 -1.167843 1012.262432 167.515541 1099.815787 197.063534 1.412288 1.659722 4.031461 20.790905 1.066413 33.774450 -10.000000 9.277601 
157 19 Car -1.000000 -1 -3.672311 912.772308 165.725862 946.719809 184.076169 1.593922 1.659722 4.031461 27.558199 1.009897 62.003560 -10.000000 4.878280 
158 0 Car -1.000000 -1 -4.861532 595.149060 174.782967 654.759198 231.430932 1.593404 1.659722 4.031461 0.436684 1.709147 21.199863 -10.000000 28.897850 
158 16 Car -1.000000 -1 -5.302105 702.024721 181.440653 766.525317 231.390662 1.391460 1.659722 4.031461 3.446182 1.616796 20.124298 -10.000000 17.459757 
158 20 Car -1.000000 -1 -0.225039 1124.142005 154.331006 1242.000000 207.675989 1.700045 1.659722 4.031461 18.794471 1.152927 23.664717 -10.000000 10.003234 
158 18 Car -1.000000 -1 -1.310347 1030.692172 166.703168 1124.068776 198.932838 1.410052 1.659722 4.031461 20.321249 1.112714 31.539211 -10.000000 9.791446 
158 19 Car -1.000000 -1 -4.562888 924.607417 162.785782 955.108795 181.231944 1.548754 1.659722 4.031461 27.814852 0.907940 60.794917 -10.000000 3.899084 
159 0 Car -1.000000 -1 -4.877394 596.963144 175.099103 656.426509 232.309893 1.571462 1.659722 4.031461 0.500457 1.821018 21.575417 -10.000000 28.900117 
159 16 Car -1.000000 -1 -4.782047 708.099473 182.291975 778.267690 235.118367 1.364563 1.659722 4.031461 3.548214 1.683239 19.317873 -10.000000 17.684165 
159 20 Car -1.000000 -1 -1.217871 1145.855602 151.816390 1242.000000 207.407166 1.705055 1.659722 4.031461 18.638500 1.141621 22.002056 -10.000000 10.365646 
159 18 Car -1.000000 -1 -1.497906 1052.071295 165.575506 1150.144117 200.185319 1.425125 1.659722 4.031461 20.576841 1.152969 30.326859 -10.000000 10.227844 
159 19 Car -1.000000 -1 -3.940149 935.663440 164.196657 966.164819 182.833551 1.533064 1.659722 4.031461 28.103907 1.165737 59.567581 -10.000000 3.059288 
160 0 Car -1.000000 -1 -4.860256 598.228794 177.642363 658.107442 233.998157 1.576169 1.659722 4.031461 0.532605 1.838825 21.775803 -10.000000 28.905467 
160 16 Car -1.000000 -1 -1.356382 714.519335 185.184251 791.524284 242.097525 1.377647 1.659722 4.031461 3.536582 1.695948 17.891813 -10.000000 17.957854 
160 18 Car -1.000000 -1 -4.130297 1076.977781 167.729929 1173.153838 202.137232 1.403828 1.659722 4.031461 21.342851 1.242239 29.983172 -10.000000 10.561939 
160 19 Car -1.000000 -1 -3.985333 946.691452 166.800061 977.192831 185.636577 1.516988 1.659722 4.031461 28.390100 1.326430 58.322766 -10.000000 2.339045 
161 0 Car -1.000000 -1 -4.876653 599.110222 177.899389 659.754703 234.085023 1.580539 1.659722 4.031461 0.551561 1.787840 21.631721 -10.000000 28.935176 
161 16 Car -1.000000 -1 -5.550720 723.240305 185.483572 807.137192 247.210641 1.384978 1.659722 4.031461 3.366487 1.620527 15.884523 -10.000000 18.197728 
161 18 Car -1.000000 -1 -1.148654 1095.907909 165.360958 1211.729350 202.328417 1.416028 1.659722 4.031461 19.182606 0.967890 25.617465 -10.000000 10.897927 
161 19 Car -1.000000 -1 -3.985333 958.705458 164.498463 989.206837 183.539253 1.500886 1.659722 4.031461 28.619862 0.754006 57.089294 -10.000000 1.721337 
162 0 Car -1.000000 -1 -4.876218 599.333377 177.584864 660.305222 233.830213 1.574712 1.659722 4.031461 0.585862 1.821129 21.714507 -10.000000 28.983753 
162 16 Car -1.000000 -1 -5.473971 731.747754 188.454564 825.407886 256.767684 1.348627 1.659722 4.031461 3.337693 1.652819 14.435788 -10.000000 18.504533 
162 18 Car -1.000000 -1 -4.542648 1120.463824 165.753761 1242.000000 207.958419 1.387288 1.659722 4.031461 18.625218 1.148023 23.613129 -10.000000 11.286628 
162 19 Car -1.000000 -1 -3.985333 970.212461 165.241012 1000.713840 184.492096 1.484668 1.659722 4.031461 28.870943 1.036013 55.860376 -10.000000 1.191565 
163 0 Car -1.000000 -1 -4.873943 600.407895 175.986848 661.586637 232.071697 1.575984 1.659722 4.031461 0.592970 1.730255 21.271360 -10.000000 28.971228 
163 16 Car -1.000000 -1 -1.395477 740.697247 188.259526 846.596274 263.686025 1.335173 1.659722 4.031461 3.226913 1.589094 12.876883 -10.000000 18.834597 
163 18 Car -1.000000 -1 -1.127152 1139.488915 163.816203 1242.000000 209.161613 1.395798 1.659722 4.031461 18.365708 0.994006 21.889194 -10.000000 11.609894 
163 19 Car -1.000000 -1 -3.985333 981.465963 161.006123 1011.967341 180.468857 1.468696 1.659722 4.031461 29.065283 0.673136 54.663472 -10.000000 0.737212 
164 0 Car -1.000000 -1 -4.863056 601.149917 178.759127 662.197463 234.996232 1.550614 1.659722 4.031461 0.651284 1.866560 21.684464 -10.000000 28.947829 
164 16 Car -1.000000 -1 -4.742009 754.271548 193.548034 874.300791 277.034352 1.304315 1.659722 4.031461 3.300547 1.652211 11.776560 -10.000000 18.978097 
164 19 Car -1.000000 -1 -3.985333 994.092713 165.773521 1024.594092 185.460348 1.452166 1.659722 4.031461 29.303547 1.341963 53.438306 -10.000000 0.347541 
165 0 Car -1.000000 -1 -4.859734 601.858720 179.507450 663.727650 235.189181 1.561462 1.659722 4.031461 0.652825 1.795028 21.296440 -10.000000 28.957918 
165 16 Car -1.000000 -1 -0.334663 769.209121 197.960083 906.844078 290.133846 1.298903 1.659722 4.031461 3.248807 1.631496 10.441536 -10.000000 19.307635 
165 19 Car -1.000000 -1 -3.985333 1005.906089 165.047295 1036.407467 184.955386 1.436204 1.659722 4.031461 29.463125 0.938128 52.268733 -10.000000 0.013344 
166 0 Car -1.000000 -1 -4.861752 601.981633 180.627008 664.065584 237.159209 1.551612 1.659722 4.031461 0.647673 1.838872 20.980019 -10.000000 28.970418 
166 16 Car -1.000000 -1 -4.814125 787.682605 202.664351 950.641747 307.956587 1.285768 1.659722 4.031461 3.190189 1.631128 9.075842 -10.000000 19.653910 
167 0 Car -1.000000 -1 -4.860067 601.260574 179.972702 663.344420 237.294357 1.549545 1.659722 4.031461 0.637823 1.815176 20.683837 -10.000000 29.002305 
167 16 Car -1.000000 -1 -5.842773 812.782592 206.998146 1007.722393 332.506397 1.292644 1.659722 4.031461 3.099173 1.629576 7.638235 -10.000000 20.019091 
167 21 Pedestrian -1.000000 -1 -1.474746 876.689243 183.964214 916.167201 322.904470 1.207822 0.667334 0.902490 3.092764 1.630668 7.747465 -10.000000 0.135068 
168 0 Car -1.000000 -1 -4.862693 601.062817 178.746659 663.539099 235.971880 1.532205 1.659722 4.031461 0.642242 1.790250 20.642866 -10.000000 29.037529 
168 16 Car -1.000000 -1 -5.381706 848.800331 214.741151 1096.930521 367.208136 1.271529 1.659722 4.031461 3.033906 1.589193 6.251348 -10.000000 20.399438 
169 0 Car -1.000000 -1 -4.877360 601.400229 179.145646 663.397424 236.493133 1.524118 1.659722 4.031461 0.592946 1.719076 20.092027 -10.000000 29.039743 
169 16 Car -1.000000 -1 -0.225440 862.170845 204.208679 1207.571737 375.000000 1.276844 1.659722 4.031461 2.975694 1.481552 4.813549 -10.000000 20.549828 
170 0 Car -1.000000 -1 -4.863972 600.850835 179.831558 662.961589 238.454844 1.509695 1.659722 4.031461 0.581830 1.759084 19.701307 -10.000000 29.057751 
171 0 Car -1.000000 -1 -4.867281 601.518530 182.312168 663.328813 241.270150 1.495688 1.659722 4.031461 0.613781 1.830010 19.712592 -10.000000 29.063971 
172 0 Car -1.000000 -1 -4.870398 601.436622 182.807649 663.183633 241.417542 1.488186 1.659722 4.031461 0.612339 1.833638 19.619800 -10.000000 29.088079 
173 0 Car -1.000000 -1 -4.857069 601.277213 183.062238 663.649818 241.509050 1.477801 1.659722 4.031461 0.621137 1.845325 19.780730 -10.000000 29.084296 
174 0 Car -1.000000 -1 -4.858862 601.297498 181.937711 664.218147 240.601175 1.485484 1.659722 4.031461 0.637910 1.838524 19.709961 -10.000000 29.122992 
175 0 Car -1.000000 -1 -4.870718 601.570607 180.570937 664.711246 239.562203 1.492313 1.659722 4.031461 0.600989 1.780770 19.371020 -10.000000 29.142452 
176 0 Car -1.000000 -1 -4.853124 601.196203 180.116496 664.925856 239.714755 1.481101 1.659722 4.031461 0.588519 1.759988 19.066378 -10.000000 29.170239 
177 0 Car -1.000000 -1 -4.868018 600.290389 179.937300 665.135000 240.248138 1.470238 1.659722 4.031461 0.586323 1.759492 18.893869 -10.000000 29.212952 
178 0 Car -1.000000 -1 -4.855461 599.691495 179.630786 665.198848 240.393063 1.467868 1.659722 4.031461 0.594665 1.769512 18.999918 -10.000000 29.228105 
179 0 Car -1.000000 -1 -4.868443 598.930017 179.169834 664.609209 240.631206 1.483868 1.659722 4.031461 0.553463 1.715048 18.640417 -10.000000 29.259257 
180 0 Car -1.000000 -1 -4.853256 598.656000 180.639273 664.626831 242.752669 1.480238 1.659722 4.031461 0.554700 1.750877 18.637267 -10.000000 29.238296 
181 0 Car -1.000000 -1 -4.864100 598.795546 180.041110 664.641076 241.582402 1.472764 1.659722 4.031461 0.553544 1.720701 18.622449 -10.000000 29.236961 
182 0 Car -1.000000 -1 -4.854969 598.809081 178.381456 665.032558 240.116838 1.466374 1.659722 4.031461 0.547506 1.689184 18.457453 -10.000000 29.264249 
183 0 Car -1.000000 -1 -4.862737 596.661906 176.145872 663.638090 237.904490 1.458874 1.659722 4.031461 0.503211 1.653499 18.453150 -10.000000 29.291242 
184 0 Car -1.000000 -1 -4.847771 596.689611 173.022782 662.956150 234.787451 1.458228 1.659722 4.031461 0.519210 1.596322 18.454375 -10.000000 29.315783 
185 0 Car -1.000000 -1 -4.863229 597.322696 173.600446 663.007267 235.036035 1.453654 1.659722 4.031461 0.505525 1.604717 18.621876 -10.000000 29.334886 
186 0 Car -1.000000 -1 -4.835478 596.674580 174.272946 662.738280 235.579079 1.458662 1.659722 4.031461 0.528161 1.602324 18.732783 -10.000000 29.352784 
187 0 Car -1.000000 -1 -4.856183 596.932800 173.428991 663.082176 234.679576 1.470491 1.659722 4.031461 0.507490 1.590910 18.766018 -10.000000 29.394015 
188 0 Car -1.000000 -1 -4.843239 597.038329 172.753555 662.894451 234.330449 1.475109 1.659722 4.031461 0.496499 1.578754 18.537953 -10.000000 29.411074 
189 0 Car -1.000000 -1 -4.867720 596.537884 173.976171 662.888878 236.124266 1.471453 1.659722 4.031461 0.469253 1.588623 18.324678 -10.000000 29.421560 
190 0 Car -1.000000 -1 -4.844773 595.121007 174.600246 662.469522 237.405204 1.469792 1.659722 4.031461 0.485031 1.613252 18.217602 -10.000000 29.456885 
191 0 Car -1.000000 -1 -4.849632 596.043325 176.446325 663.607914 239.269277 1.466667 1.659722 4.031461 0.507755 1.634652 18.132635 -10.000000 29.480997 
192 0 Car -1.000000 -1 -4.835505 596.461846 178.617227 664.302591 241.225098 1.457101 1.659722 4.031461 0.508208 1.650116 18.043196 -10.000000 29.511489 
193 0 Car -1.000000 -1 -4.839144 596.134578 178.673942 664.248223 241.537839 1.450199 1.659722 4.031461 0.488121 1.708627 18.041743 -10.000000 29.547598 
194 0 Car -1.000000 -1 -4.831362 595.595317 177.262431 663.829612 240.127430 1.451328 1.659722 4.031461 0.501322 1.657367 17.901462 -10.000000 29.576881 
195 0 Car -1.000000 -1 -4.841988 596.059458 178.078235 664.307764 241.043538 1.444957 1.659722 4.031461 0.510089 1.688289 18.002458 -10.000000 29.614964 
196 0 Car -1.000000 -1 -4.831565 596.845466 178.322019 665.232479 241.359561 1.451113 1.659722 4.031461 0.512215 1.688066 18.065574 -10.000000 29.633466 
197 0 Car -1.000000 -1 -4.833469 596.078899 177.217558 664.741883 240.425585 1.460055 1.659722 4.031461 0.512721 1.690117 18.110548 -10.000000 29.666910 
198 0 Car -1.000000 -1 -4.834798 596.339864 176.834018 664.578182 240.023571 1.467835 1.659722 4.031461 0.509553 1.676576 18.079133 -10.000000 29.701708 
199 0 Car -1.000000 -1 -4.828040 596.318782 176.667477 664.692875 239.809229 1.462486 1.659722 4.031461 0.513095 1.676195 18.158209 -10.000000 29.735111 
200 0 Car -1.000000 -1 -4.830921 596.432011 175.679537 664.869666 238.697434 1.462769 1.659722 4.031461 0.509209 1.623797 18.056387 -10.000000 29.784470 
201 0 Car -1.000000 -1 -4.818319 596.778877 177.294232 665.518921 240.856038 1.463229 1.659722 4.031461 0.528435 1.664148 17.952057 -10.000000 29.806243 
202 0 Car -1.000000 -1 -4.822725 596.754967 176.889629 665.815824 240.451865 1.463965 1.659722 4.031461 0.533526 1.657665 18.017041 -10.000000 29.827608 
203 0 Car -1.000000 -1 -4.819928 595.996677 176.754781 665.136340 240.585006 1.468098 1.659722 4.031461 0.506941 1.665151 17.950134 -10.000000 29.860922 
204 0 Car -1.000000 -1 -4.816906 597.148507 177.160378 665.842731 241.024314 1.465769 1.659722 4.031461 0.533928 1.682275 17.982710 -10.000000 29.887989 
205 0 Car -1.000000 -1 -4.819482 597.419393 177.499658 665.427193 240.995631 1.465987 1.659722 4.031461 0.540125 1.705034 18.162260 -10.000000 29.914552 
206 0 Car -1.000000 -1 -4.827388 597.365494 176.652961 665.339562 240.098056 1.475121 1.659722 4.031461 0.520541 1.701807 18.249465 -10.000000 29.935084 
207 0 Car -1.000000 -1 -4.810760 595.726090 176.586225 663.771804 239.694230 1.479860 1.659722 4.031461 0.512593 1.695507 18.254808 -10.000000 29.934964 
208 0 Car -1.000000 -1 -4.815065 595.743133 176.349589 663.477659 239.212958 1.473639 1.659722 4.031461 0.512524 1.679621 18.296911 -10.000000 29.944688 
209 0 Car -1.000000 -1 -4.808695 595.601913 176.458731 663.220499 239.414204 1.473060 1.659722 4.031461 0.486738 1.681917 18.186702 -10.000000 29.960870 
209 22 Pedestrian -1.000000 -1 -1.695681 334.568029 182.611715 345.948149 220.754339 1.351293 0.667334 0.902490 -11.722841 1.945395 31.752779 -10.000000 0.044993 
210 0 Car -1.000000 -1 -4.808343 595.739030 178.118680 662.201694 240.953066 1.462146 1.659722 4.031461 0.468610 1.703388 18.203787 -10.000000 29.971190 
210 22 Pedestrian -1.000000 -1 -1.855186 316.069627 183.715398 328.227276 223.209875 1.761439 0.667334 0.902490 -11.726448 1.979901 29.836274 -10.000000 0.575223 
211 0 Car -1.000000 -1 -4.811335 593.569301 176.738891 659.696939 239.376694 1.459305 1.659722 4.031461 0.420687 1.701901 18.377315 -10.000000 29.995633 
211 22 Pedestrian -1.000000 -1 -1.827307 295.179596 184.249001 309.148257 224.374763 1.579431 0.667334 0.902490 -11.743889 1.925889 27.984498 -10.000000 1.173974 
212 0 Car -1.000000 -1 -4.812355 591.524402 176.807792 656.382407 238.897845 1.465192 1.659722 4.031461 0.372137 1.696680 18.597606 -10.000000 29.995774 
212 22 Pedestrian -1.000000 -1 -1.875791 271.646547 185.067000 287.007885 228.159060 1.557856 0.667334 0.902490 -11.768437 1.905429 26.153782 -10.000000 1.833190 
213 0 Car -1.000000 -1 -4.801079 590.239520 176.724469 655.096417 238.367434 1.472564 1.659722 4.031461 0.342409 1.684155 18.667578 -10.000000 30.009184 
213 22 Pedestrian -1.000000 -1 -1.927230 245.077011 184.546680 262.753091 233.369698 1.601818 0.667334 0.902490 -11.732475 1.907561 24.272464 -10.000000 2.446137 
214 0 Car -1.000000 -1 -4.801906 588.599611 177.488661 654.157800 239.191751 1.473784 1.659722 4.031461 0.289929 1.684842 18.534375 -10.000000 30.030555 
214 22 Pedestrian -1.000000 -1 -1.899330 213.665093 186.523311 232.499775 238.388822 1.632743 0.667334 0.902490 -11.732176 1.911609 22.437424 -10.000000 3.122648 
215 0 Car -1.000000 -1 -4.793560 586.553745 177.343272 652.614810 238.983606 1.466964 1.659722 4.031461 0.243928 1.697845 18.674166 -10.000000 30.048891 
215 22 Pedestrian -1.000000 -1 -1.927240 176.626377 187.602236 198.716803 243.296391 1.598944 0.667334 0.902490 -11.726326 1.892717 20.615182 -10.000000 3.707362 
216 0 Car -1.000000 -1 -4.792511 584.634843 176.255715 651.044322 237.881457 1.474612 1.659722 4.031461 0.214019 1.687742 18.723118 -10.000000 30.042370 
216 22 Pedestrian -1.000000 -1 -1.945390 132.048755 188.180964 160.281389 248.885714 1.586951 0.667334 0.902490 -11.637964 1.849482 18.715967 -10.000000 4.232697 
217 0 Car -1.000000 -1 -4.790904 583.597520 176.468008 650.505644 238.078950 1.480838 1.659722 4.031461 0.188911 1.688733 18.743972 -10.000000 30.061610 
217 22 Pedestrian -1.000000 -1 -1.896075 83.555539 191.192472 116.824885 256.447495 1.554432 0.667334 0.902490 -11.617795 1.846766 16.994613 -10.000000 4.764741 
218 0 Car -1.000000 -1 -4.779425 582.780624 176.063280 649.728259 237.806975 1.483680 1.659722 4.031461 0.164391 1.685342 18.871514 -10.000000 30.074360 
218 22 Pedestrian -1.000000 -1 -1.921218 25.576922 193.471628 59.069371 264.907842 1.518612 0.667334 0.902490 -11.634871 1.842948 15.320680 -10.000000 5.261979 
219 0 Car -1.000000 -1 -4.774919 582.396794 176.267161 648.867460 237.763021 1.492057 1.659722 4.031461 0.162030 1.700647 18.894602 -10.000000 30.078556 
220 0 Car -1.000000 -1 -4.777569 582.141891 176.715711 648.055565 237.861506 1.488988 1.659722 4.031461 0.139360 1.697221 18.880191 -10.000000 30.088998 
221 0 Car -1.000000 -1 -4.780873 581.241643 176.994158 646.458499 237.825004 1.481025 1.659722 4.031461 0.093650 1.703211 19.047006 -10.000000 30.106568 
222 0 Car -1.000000 -1 -4.772328 580.081390 177.320833 645.104164 237.635049 1.480799 1.659722 4.031461 0.086854 1.709002 19.167781 -10.000000 30.102068 
223 0 Car -1.000000 -1 -4.777617 580.417191 178.491113 645.488938 238.509179 1.481738 1.659722 4.031461 0.085636 1.728659 19.196885 -10.000000 30.102897 
224 0 Car -1.000000 -1 -4.759741 580.559154 178.264524 645.209359 238.245480 1.483568 1.659722 4.031461 0.086066 1.737034 19.266316 -10.000000 30.117767 
225 0 Car -1.000000 -1 -4.757128 579.882170 177.546942 643.937454 237.683854 1.490272 1.659722 4.031461 0.059909 1.732014 19.272192 -10.000000 30.105536 
226 0 Car -1.000000 -1 -4.752846 579.724569 177.925912 642.795416 238.006866 1.489055 1.659722 4.031461 0.034631 1.721443 19.317988 -10.000000 30.101487 
227 0 Car -1.000000 -1 -4.751385 579.022783 178.158313 641.665006 237.901636 1.490605 1.659722 4.031461 0.008307 1.738811 19.483241 -10.000000 30.105108 
228 0 Car -1.000000 -1 -4.749583 577.630364 179.737987 640.549157 238.977013 1.491361 1.659722 4.031461 -0.017799 1.785554 19.662903 -10.000000 30.101469 
229 0 Car -1.000000 -1 -4.737293 577.399485 179.710604 639.640483 238.701179 1.495253 1.659722 4.031461 -0.022380 1.794905 19.812881 -10.000000 30.099679 
230 0 Car -1.000000 -1 -4.736971 576.736144 178.184179 638.484829 236.900027 1.500478 1.659722 4.031461 -0.051365 1.730222 19.529445 -10.000000 30.052682 
231 0 Car -1.000000 -1 -4.733606 576.365964 178.598066 638.798227 237.527944 1.483114 1.659722 4.031461 -0.069260 1.791842 19.810969 -10.000000 30.035126 
232 0 Car -1.000000 -1 -4.716723 575.030102 179.423884 636.985189 237.975681 1.492264 1.659722 4.031461 -0.077777 1.779215 19.932363 -10.000000 30.013758 
233 0 Car -1.000000 -1 -4.727467 576.107563 178.668641 637.826527 236.396662 1.492712 1.659722 4.031461 -0.075687 1.767618 20.245908 -10.000000 29.994314 
234 0 Car -1.000000 -1 -4.726096 575.390778 178.349708 636.464141 235.364064 1.493748 1.659722 4.031461 -0.127785 1.766228 20.430216 -10.000000 29.997522 
235 0 Car -1.000000 -1 -4.720185 575.227294 178.889602 635.928516 235.667932 1.492134 1.659722 4.031461 -0.131409 1.770364 20.495036 -10.000000 30.016556 
236 0 Car -1.000000 -1 -4.723471 574.987289 179.058087 635.734160 235.182545 1.490440 1.659722 4.031461 -0.135653 1.769455 20.720894 -10.000000 30.018354 
237 0 Car -1.000000 -1 -4.720706 575.282440 178.141507 635.987973 234.034811 1.491718 1.659722 4.031461 -0.134555 1.766905 20.821068 -10.000000 30.013186 
238 0 Car -1.000000 -1 -4.704506 574.845004 177.509031 635.442677 233.097323 1.496127 1.659722 4.031461 -0.138249 1.751999 20.968461 -10.000000 30.019368 
239 0 Car -1.000000 -1 -4.706519 575.010929 176.534070 635.553902 231.415549 1.495363 1.659722 4.031461 -0.139015 1.731105 21.116258 -10.000000 30.003011 
240 0 Car -1.000000 -1 -4.696293 575.401298 177.148073 635.470522 231.257765 1.487323 1.659722 4.031461 -0.139946 1.728986 21.347035 -10.000000 29.997728 
241 0 Car -1.000000 -1 -4.684744 575.741115 176.918873 635.654532 230.578892 1.484216 1.659722 4.031461 -0.115240 1.701228 21.476131 -10.000000 29.996091 
242 0 Car -1.000000 -1 -4.687288 576.479167 178.085395 635.982625 231.671671 1.486436 1.659722 4.031461 -0.111825 1.741083 21.587326 -10.000000 30.008332 
243 0 Car -1.000000 -1 -4.676959 576.859072 176.755620 636.149858 230.223791 1.494363 1.659722 4.031461 -0.111863 1.740167 21.672558 -10.000000 30.006732 
244 0 Car -1.000000 -1 -4.679363 577.255710 175.496028 636.214998 228.829496 1.497371 1.659722 4.031461 -0.112758 1.671552 21.658454 -10.000000 29.994106 
245 0 Car -1.000000 -1 -4.668516 578.094348 176.266328 636.505346 229.444014 1.492083 1.659722 4.031461 -0.086068 1.683709 21.688491 -10.000000 29.990242 
246 0 Car -1.000000 -1 -4.661501 580.337628 176.468665 638.461778 229.245055 1.482238 1.659722 4.031461 -0.026476 1.670464 21.597373 -10.000000 29.986850 
247 0 Car -1.000000 -1 -4.655842 581.296992 176.852355 638.837564 229.685874 1.473014 1.659722 4.031461 0.007875 1.684806 21.629973 -10.000000 29.998359 
248 0 Car -1.000000 -1 -4.656912 581.300259 177.626328 639.163507 230.348668 1.473283 1.659722 4.031461 0.011043 1.686368 21.658411 -10.000000 29.996911 
249 0 Car -1.000000 -1 -4.650512 582.288442 176.853587 640.080171 229.568298 1.476854 1.659722 4.031461 0.035254 1.666901 21.602284 -10.000000 30.002868 
250 0 Car -1.000000 -1 -4.654716 583.323171 176.902952 640.728650 229.500222 1.471218 1.659722 4.031461 0.067247 1.684822 21.627594 -10.000000 30.010560 
251 0 Car -1.000000 -1 -4.648253 583.676729 177.172693 641.465031 228.997027 1.460344 1.659722 4.031461 0.072560 1.685034 21.827351 -10.000000 30.008514 
252 0 Car -1.000000 -1 -4.642663 585.345828 177.094926 642.778650 228.707151 1.454508 1.659722 4.031461 0.099484 1.667149 21.826255 -10.000000 30.016701 
253 0 Car -1.000000 -1 -4.653155 586.698633 177.769345 644.206126 229.415060 1.453780 1.659722 4.031461 0.135592 1.691082 21.939588 -10.000000 29.990562 
254 0 Car -1.000000 -1 -4.631664 587.347293 179.487152 644.602963 231.393189 1.465719 1.659722 4.031461 0.187532 1.738749 21.973660 -10.000000 29.970777 
255 0 Car -1.000000 -1 -4.644604 588.946901 178.640813 646.128465 230.248684 1.471313 1.659722 4.031461 0.227723 1.749576 22.216926 -10.000000 29.972806 
256 0 Car -1.000000 -1 -4.625235 589.798958 177.647356 647.417549 229.120275 1.477633 1.659722 4.031461 0.253996 1.714008 22.181690 -10.000000 29.975354 
257 0 Car -1.000000 -1 -4.633838 591.277976 177.642929 648.546542 229.238435 1.479544 1.659722 4.031461 0.287783 1.729393 22.228649 -10.000000 29.973379 
258 0 Car -1.000000 -1 -4.618917 592.649364 177.481634 649.491779 228.945808 1.481483 1.659722 4.031461 0.342768 1.715658 22.185799 -10.000000 29.973456 
259 0 Car -1.000000 -1 -4.629348 594.989584 178.319689 651.453468 230.063575 1.480662 1.659722 4.031461 0.380414 1.727889 22.205334 -10.000000 29.966893 
260 0 Car -1.000000 -1 -4.606883 597.066790 177.798299 652.567180 229.663798 1.488192 1.659722 4.031461 0.442043 1.751182 22.360124 -10.000000 29.967118 
261 0 Car -1.000000 -1 -4.620222 598.561733 177.365952 653.662367 229.078408 1.496915 1.659722 4.031461 0.471398 1.719641 22.286534 -10.000000 29.953032 
262 0 Car -1.000000 -1 -4.622140 598.985876 177.270932 654.235358 228.737497 1.488038 1.659722 4.031461 0.480285 1.706221 22.306692 -10.000000 29.923923 
263 0 Car -1.000000 -1 -4.614326 598.996573 177.668435 653.862535 228.392305 1.473085 1.659722 4.031461 0.507036 1.714273 22.363724 -10.000000 29.914071 
264 0 Car -1.000000 -1 -4.632566 600.702649 177.947179 656.170560 228.708063 1.462961 1.659722 4.031461 0.542281 1.718754 22.395243 -10.000000 29.896914 
265 0 Car -1.000000 -1 -4.618185 601.349059 178.589265 656.975368 229.144048 1.464737 1.659722 4.031461 0.581020 1.754803 22.625019 -10.000000 29.887203 
266 0 Car -1.000000 -1 -4.619329 601.856470 177.505291 657.119090 228.169306 1.475057 1.659722 4.031461 0.598313 1.725542 22.441774 -10.000000 29.874661 
267 0 Car -1.000000 -1 -4.614349 603.554120 178.207168 658.321579 228.924697 1.473682 1.659722 4.031461 0.624742 1.716450 22.285710 -10.000000 29.887311 
268 0 Car -1.000000 -1 -4.610459 605.045742 178.962983 659.552489 229.578821 1.461412 1.659722 4.031461 0.667240 1.764275 22.437321 -10.000000 29.864806 
268 24 Car -1.000000 -1 -0.742881 568.225246 179.030244 593.466581 195.065381 1.720959 1.659722 4.031461 -3.253395 2.175242 79.327990 -10.000000 2.370913 
269 0 Car -1.000000 -1 -4.612359 605.232878 179.024884 659.460254 229.182314 1.459239 1.659722 4.031461 0.672891 1.737820 22.576526 -10.000000 29.863533 
269 24 Car -1.000000 -1 -1.030858 561.445503 179.347399 589.541887 196.090919 1.756790 1.659722 4.031461 -3.712964 2.089122 76.790483 -10.000000 3.102892 
270 0 Car -1.000000 -1 -4.605497 605.611532 178.814469 659.502067 228.579983 1.458038 1.659722 4.031461 0.696247 1.715936 22.557662 -10.000000 29.869625 
270 24 Car -1.000000 -1 -1.177979 554.997814 178.516834 582.244110 195.539019 1.758772 1.659722 4.031461 -4.351036 1.934224 73.536287 -10.000000 3.722926 
270 25 Car -1.000000 -1 -0.207625 583.517478 177.934374 610.460605 196.450600 1.708463 1.659722 4.031461 -1.279621 1.874701 67.706524 -10.000000 0.473889 
271 0 Car -1.000000 -1 -4.607326 606.395962 178.654405 660.454002 228.909457 1.457982 1.659722 4.031461 0.730275 1.730896 22.590738 -10.000000 29.876076 
271 24 Car -1.000000 -1 -1.349953 548.662630 178.428809 576.454569 196.304525 1.739325 1.659722 4.031461 -4.672057 1.989297 70.102573 -10.000000 4.408349 
271 25 Car -1.000000 -1 -0.896932 579.250516 178.445746 606.132407 197.872397 1.726242 1.659722 4.031461 -1.626674 1.930940 65.563329 -10.000000 1.271788 
272 0 Car -1.000000 -1 -4.595827 607.494203 178.211180 661.943601 228.818234 1.473575 1.659722 4.031461 0.748898 1.714964 22.377962 -10.000000 29.890555 
272 24 Car -1.000000 -1 -1.340824 540.750125 179.667540 569.730042 197.997159 1.728511 1.659722 4.031461 -5.108881 1.935440 65.960604 -10.000000 5.115293 
272 25 Car -1.000000 -1 -1.216454 572.336365 179.178318 602.614975 199.941287 1.775482 1.659722 4.031461 -2.008862 1.879291 62.634218 -10.000000 1.975820 
273 0 Car -1.000000 -1 -4.603299 608.049611 178.466360 662.694159 229.394265 1.473221 1.659722 4.031461 0.773229 1.762508 22.649366 -10.000000 29.849836 
273 24 Car -1.000000 -1 -1.435179 531.895204 180.031350 562.642152 199.522418 1.700430 1.659722 4.031461 -5.419921 2.042148 61.155709 -10.000000 5.751222 
273 25 Car -1.000000 -1 -1.276126 564.889341 179.617470 597.807552 201.958393 1.825622 1.659722 4.031461 -2.453819 1.998832 59.369643 -10.000000 2.697322 
274 0 Car -1.000000 -1 -4.591663 607.956378 178.212899 663.133640 229.082799 1.483980 1.659722 4.031461 0.794949 1.731770 22.645078 -10.000000 29.850222 
274 24 Car -1.000000 -1 -1.460002 522.670289 180.823341 555.693480 201.714373 1.689192 1.659722 4.031461 -5.560841 1.922074 55.626743 -10.000000 6.407560 
274 25 Car -1.000000 -1 -1.405982 557.152016 179.407323 592.323539 202.920852 1.844602 1.659722 4.031461 -2.757537 1.883092 55.068761 -10.000000 3.438051 
275 0 Car -1.000000 -1 -4.608806 608.180258 175.984682 663.617347 226.541923 1.483649 1.659722 4.031461 0.779062 1.666296 22.282095 -10.000000 29.802327 
275 24 Car -1.000000 -1 -1.494588 511.771583 179.768853 547.280123 202.240277 1.657467 1.659722 4.031461 -5.539681 1.748299 49.234812 -10.000000 7.021758 
275 25 Car -1.000000 -1 -1.424982 547.237556 177.388297 586.037898 202.631137 1.823689 1.659722 4.031461 -3.038009 1.712280 48.695132 -10.000000 4.045336 
276 0 Car -1.000000 -1 -4.581698 609.724646 176.070550 665.438435 226.519710 1.460811 1.659722 4.031461 0.844393 1.658578 22.371428 -10.000000 29.798341 
276 24 Car -1.000000 -1 -1.509969 500.095079 179.570518 539.078130 204.607006 1.615050 1.659722 4.031461 -5.514857 1.761077 43.272624 -10.000000 7.616250 
276 25 Car -1.000000 -1 -1.481801 537.376830 177.976094 579.499496 205.796772 1.776801 1.659722 4.031461 -3.065763 1.722461 42.320134 -10.000000 4.702592 
277 0 Car -1.000000 -1 -4.606474 610.655164 176.647088 666.132926 226.993301 1.453104 1.659722 4.031461 0.855362 1.660279 22.405070 -10.000000 29.777185 
277 24 Car -1.000000 -1 -1.514398 485.733333 180.475645 528.539434 208.127570 1.573324 1.659722 4.031461 -5.589140 1.745601 38.850303 -10.000000 8.210824 
277 25 Car -1.000000 -1 -1.472725 527.555576 179.283354 572.094257 209.686560 1.699102 1.659722 4.031461 -3.160811 1.714731 37.478259 -10.000000 5.408100 
278 0 Car -1.000000 -1 -4.576611 611.172472 176.425848 666.424251 227.189181 1.462207 1.659722 4.031461 0.863307 1.632225 22.125385 -10.000000 29.794336 
278 24 Car -1.000000 -1 -1.518871 470.004808 181.919258 516.086886 211.965007 1.534518 1.659722 4.031461 -5.602824 1.727466 34.302613 -10.000000 8.764197 
278 25 Car -1.000000 -1 -1.505379 515.084416 179.768390 563.394662 213.762363 1.649154 1.659722 4.031461 -3.202415 1.689527 32.190148 -10.000000 6.022308 
279 0 Car -1.000000 -1 -4.590146 611.893754 175.951467 666.761547 227.338087 1.465513 1.659722 4.031461 0.883778 1.621456 21.897356 -10.000000 29.808367 
279 24 Car -1.000000 -1 -1.518435 451.229634 182.761836 503.434504 216.121698 1.489317 1.659722 4.031461 -5.527496 1.707557 29.767676 -10.000000 9.282430 
279 25 Car -1.000000 -1 -1.500827 499.082277 181.542137 553.575374 219.818136 1.596653 1.659722 4.031461 -3.191318 1.675545 27.172476 -10.000000 6.610295 
280 0 Car -1.000000 -1 -4.580725 613.257105 176.875091 667.763534 227.893367 1.451229 1.659722 4.031461 0.943168 1.685291 22.222963 -10.000000 29.771351 
280 24 Car -1.000000 -1 -1.505806 429.726790 184.315739 488.787713 221.690914 1.439053 1.659722 4.031461 -5.578509 1.777675 26.628095 -10.000000 9.762643 
280 25 Car -1.000000 -1 -1.483543 478.993233 184.226965 541.835822 228.034863 1.524988 1.659722 4.031461 -3.313159 1.742166 23.569657 -10.000000 7.156341 
281 0 Car -1.000000 -1 -4.572507 613.892369 176.907626 668.418626 227.425267 1.452115 1.659722 4.031461 0.962888 1.662525 22.202253 -10.000000 29.791289 
281 24 Car -1.000000 -1 -1.491321 403.001405 186.694713 467.688053 227.776969 1.409280 1.659722 4.031461 -5.783888 1.780627 23.623942 -10.000000 10.193773 
281 25 Car -1.000000 -1 -1.509436 454.279959 185.580731 527.574668 235.721158 1.491903 1.659722 4.031461 -3.336930 1.732983 20.047379 -10.000000 7.703873 
282 0 Car -1.000000 -1 -4.588076 615.272851 177.278446 669.626438 228.016506 1.450850 1.659722 4.031461 0.973082 1.676239 22.228268 -10.000000 29.766221 
282 24 Car -1.000000 -1 -1.425301 367.835615 189.102191 441.041680 235.556932 1.384692 1.659722 4.031461 -5.983959 1.792751 20.667938 -10.000000 10.617875 
282 25 Car -1.000000 -1 -1.429451 422.203815 189.859262 509.736868 247.337244 1.442683 1.659722 4.031461 -3.469418 1.743110 17.017446 -10.000000 8.167898 
283 0 Car -1.000000 -1 -4.570663 615.039806 176.826510 669.271351 227.051620 1.449799 1.659722 4.031461 1.015721 1.696977 22.548611 -10.000000 29.772434 
283 24 Car -1.000000 -1 -1.385325 321.644571 191.469592 406.701418 245.002755 1.377292 1.659722 4.031461 -6.162865 1.791131 17.804139 -10.000000 11.019795 
283 25 Car -1.000000 -1 -1.469532 373.941518 192.621764 484.597542 261.847635 1.425331 1.659722 4.031461 -3.588480 1.741794 14.001819 -10.000000 8.607890 
284 0 Car -1.000000 -1 -4.591219 615.508030 177.560009 669.945930 227.307697 1.451191 1.659722 4.031461 1.034476 1.716353 22.857349 -10.000000 29.777429 
284 24 Car -1.000000 -1 -1.351725 258.604751 196.479983 360.703435 258.908051 1.364297 1.659722 4.031461 -6.359396 1.800106 14.969215 -10.000000 11.374125 
284 25 Car -1.000000 -1 -1.421331 301.412191 197.958266 452.019020 285.019781 1.430907 1.659722 4.031461 -3.667250 1.740442 10.998466 -10.000000 9.016611 
285 0 Car -1.000000 -1 -4.568392 615.952000 177.361844 670.691099 226.805230 1.463256 1.659722 4.031461 1.068962 1.714664 23.091190 -10.000000 29.775366 
285 24 Car -1.000000 -1 -1.069547 165.868238 200.212466 295.535440 272.945088 1.326457 1.659722 4.031461 -7.037941 1.795575 12.935957 -10.000000 11.525267 
285 25 Car -1.000000 -1 -1.463415 177.841753 204.771778 402.229351 323.247478 1.463408 1.659722 4.031461 -3.647574 1.724631 7.876235 -10.000000 9.511126 
286 0 Car -1.000000 -1 -4.579305 616.947957 176.300180 671.293451 225.210323 1.469223 1.659722 4.031461 1.076711 1.685080 23.254399 -10.000000 29.779070 
286 24 Car -1.000000 -1 -1.360661 60.885815 214.267501 199.226360 293.652971 1.253552 1.659722 4.031461 -7.227362 1.804209 9.864280 -10.000000 9.599803 
286 25 Car -1.000000 -1 -1.382520 8.467467 223.911656 303.593501 375.000000 1.396991 1.659722 4.031461 -3.811151 1.729022 5.712702 -10.000000 9.673341 
287 0 Car -1.000000 -1 -4.559705 619.240792 177.163038 672.922991 226.282060 1.474342 1.659722 4.031461 1.143169 1.696654 23.403641 -10.000000 29.768890 
288 0 Car -1.000000 -1 -4.571912 619.625813 176.635440 672.982693 225.486619 1.486361 1.659722 4.031461 1.147398 1.681757 23.441333 -10.000000 29.771363 
289 0 Car -1.000000 -1 -4.546392 620.183095 176.327507 673.026326 225.137049 1.486250 1.659722 4.031461 1.174609 1.682892 23.460664 -10.000000 29.788164 
290 0 Car -1.000000 -1 -4.556121 619.791545 175.879506 672.572273 224.964511 1.491704 1.659722 4.031461 1.161705 1.647361 23.265457 -10.000000 29.789879 
291 0 Car -1.000000 -1 -4.539748 619.551152 176.109296 672.647842 225.934214 1.496378 1.659722 4.031461 1.165663 1.702350 23.241378 -10.000000 29.799409 
292 0 Car -1.000000 -1 -4.546909 619.202238 175.562307 672.347736 225.542734 1.506451 1.659722 4.031461 1.143637 1.717543 23.319101 -10.000000 29.807817 
293 0 Car -1.000000 -1 -4.542822 618.772522 174.751450 671.286919 224.698328 1.511155 1.659722 4.031461 1.102840 1.662269 23.227928 -10.000000 29.793540 
