2 0 Car -1.000000 -1 -3.279470 481.670155 181.995913 591.858643 215.463172 1.331156 1.659722 4.031461 -3.044532 1.733841 29.247433 -10.000000 0.491808 
2 1 Car -1.000000 -1 -3.250023 658.390392 182.064946 696.901084 206.082264 1.250478 1.659722 4.031461 3.438758 1.697606 36.868824 -10.000000 0.596138 
3 0 Car -1.000000 -1 -3.178975 495.351307 181.259634 603.234264 216.201830 1.382350 1.659722 4.031461 -2.493388 1.733647 29.216970 -10.000000 1.232695 
3 1 Car -1.000000 -1 -1.441600 655.763314 180.808263 694.896544 210.290216 1.288397 1.659722 4.031461 3.157782 1.701142 35.449034 -10.000000 1.250080 
4 0 Car -1.000000 -1 -3.311379 508.606393 181.105818 614.145638 216.348762 1.437744 1.659722 4.031461 -1.988809 1.736700 29.194280 -10.000000 1.970985 
4 1 Car -1.000000 -1 -1.758852 655.139241 178.328380 693.820788 210.148173 1.563319 1.659722 4.031461 3.140449 1.709462 35.269659 -10.000000 0.787397 
5 0 Car -1.000000 -1 -3.190316 521.007467 181.533266 628.456997 215.773836 1.416919 1.659722 4.031461 -1.425275 1.718825 29.278249 -10.000000 2.688599 
5 1 Car -1.000000 -1 -1.527831 653.971271 177.819455 715.115509 216.272103 1.696134 1.659722 4.031461 3.157797 1.682993 30.545827 -10.000000 1.603607 
6 0 Car -1.000000 -1 -3.451805 532.503865 181.919233 639.092325 215.471400 1.378404 1.659722 4.031461 -1.034385 1.723973 29.587234 -10.000000 3.441371 
6 1 Car -1.000000 -1 -1.559442 651.957414 175.310450 720.819895 217.932801 1.804297 1.659722 4.031461 3.162473 1.689171 29.769773 -10.000000 1.090596 
7 0 Car -1.000000 -1 -3.413085 545.298134 181.547986 649.174806 214.990007 1.374839 1.659722 4.031461 -0.554006 1.717489 29.793553 -10.000000 4.172427 
7 1 Car -1.000000 -1 -4.857088 656.270572 181.330514 695.250054 207.354734 1.322595 1.659722 4.031461 3.265144 1.700443 35.848619 -10.000000 1.801303 
8 0 Car -1.000000 -1 -3.703278 558.452495 181.113477 659.620753 214.828318 1.390170 1.659722 4.031461 -0.054529 1.735796 30.044891 -10.000000 4.887588 
8 1 Car -1.000000 -1 -4.265553 655.724754 181.786641 695.889538 207.587345 1.293562 1.659722 4.031461 3.340048 1.729072 36.235635 -10.000000 2.560402 
8 2 Pedestrian -1.000000 -1 -3.478894 723.190594 173.225335 765.518875 256.805660 1.707520 0.667334 0.902490 2.211940 1.660133 14.153189 -10.000000 0.429878 
9 0 Car -1.000000 -1 -3.742973 570.180909 180.240885 672.127012 213.047929 1.390985 1.659722 4.031461 0.460323 1.709013 30.524290 -10.000000 5.563928 
9 1 Car -1.000000 -1 -4.781843 654.927610 181.842522 697.054555 207.018517 1.290655 1.659722 4.031461 3.313674 1.698196 36.421747 -10.000000 3.288110 
9 2 Pedestrian -1.000000 -1 -3.061038 737.648001 171.921238 782.446831 257.164524 1.616996 0.667334 0.902490 2.416339 1.652138 14.175810 -10.000000 0.918444 
10 0 Car -1.000000 -1 -3.774968 582.070170 181.089923 681.710466 213.124607 1.372443 1.659722 4.031461 0.910514 1.720253 30.971803 -10.000000 6.227069 
10 1 Car -1.000000 -1 -4.477319 655.782135 181.873739 697.916543 206.652456 1.271827 1.659722 4.031461 3.447055 1.716679 36.908933 -10.000000 3.977686 
10 2 Pedestrian -1.000000 -1 -3.450297 742.993250 170.402357 786.365412 256.851115 1.698528 0.667334 0.902490 2.437592 1.654956 14.177233 -10.000000 0.502973 
11 0 Car -1.000000 -1 -3.798430 593.777349 181.659777 692.178745 212.875773 1.360529 1.659722 4.031461 1.430870 1.717712 31.297166 -10.000000 6.882897 
11 1 Car -1.000000 -1 -4.549760 659.595813 181.717031 697.849769 205.650851 1.256699 1.659722 4.031461 3.639163 1.718467 37.760998 -10.000000 4.519224 
11 2 Pedestrian -1.000000 -1 -3.233942 745.809208 169.949748 789.181369 256.391221 1.698672 0.667334 0.902490 2.458366 1.654975 14.179624 -10.000000 0.146648 
12 0 Car -1.000000 -1 -3.840316 605.015989 181.615861 701.184672 212.808362 1.356710 1.659722 4.031461 1.854558 1.724060 31.584743 -10.000000 7.533129 
12 1 Car -1.000000 -1 -4.438609 661.157395 181.742077 697.991790 205.410855 1.238721 1.659722 4.031461 3.684330 1.730634 37.905959 -10.000000 3.591144 
13 0 Car -1.000000 -1 -3.760563 617.576196 181.364633 708.946937 212.403240 1.367140 1.659722 4.031461 2.359544 1.720138 31.994983 -10.000000 8.124595 
13 1 Car -1.000000 -1 -4.478176 661.583295 181.722602 698.417690 205.345696 1.241121 1.659722 4.031461 3.727770 1.729864 38.052297 -10.000000 2.795186 
14 0 Car -1.000000 -1 -3.693705 628.901473 181.508112 717.236922 211.938308 1.367149 1.659722 4.031461 2.787203 1.703906 32.233999 -10.000000 8.721092 
14 1 Car -1.000000 -1 -4.416741 662.296245 181.735423 699.130640 205.313211 1.243511 1.659722 4.031461 3.772702 1.712431 38.198264 -10.000000 2.112541 
15 0 Car -1.000000 -1 -3.694769 639.572853 181.424651 724.939252 211.780550 1.362439 1.659722 4.031461 3.204267 1.702668 32.393870 -10.000000 9.326940 
15 1 Car -1.000000 -1 -4.416741 662.652720 181.763175 699.487115 205.297406 1.245816 1.659722 4.031461 3.815550 1.715045 38.339388 -10.000000 1.527078 
16 0 Car -1.000000 -1 -3.762155 649.790131 181.794652 732.030147 212.069427 1.367407 1.659722 4.031461 3.655838 1.711600 32.785243 -10.000000 9.860564 
16 1 Car -1.000000 -1 -4.416741 663.330958 181.799364 700.165353 205.289325 1.248169 1.659722 4.031461 3.859809 1.729373 38.483629 -10.000000 1.024961 
16 3 Pedestrian -1.000000 -1 -5.208634 588.645114 183.229848 603.128724 208.581093 1.213181 0.667334 0.902490 -0.538633 1.757200 35.748746 -10.000000 0.190971 
17 0 Car -1.000000 -1 -3.469583 659.324174 181.133478 739.242914 211.137683 1.373437 1.659722 4.031461 4.032709 1.719998 32.895136 -10.000000 10.434085 
17 1 Car -1.000000 -1 -4.813664 657.156630 180.275502 683.401875 200.969977 1.204222 1.659722 4.031461 3.555600 1.762575 42.818820 -10.000000 3.025377 
17 3 Pedestrian -1.000000 -1 -5.264797 587.044297 182.759832 599.994884 208.147530 1.320971 0.667334 0.902490 -0.621572 1.771436 35.870256 -10.000000 0.836145 
18 0 Car -1.000000 -1 -3.746486 670.392438 181.128983 745.390139 210.538495 1.362454 1.659722 4.031461 4.468868 1.703939 33.116833 -10.000000 10.935922 
18 1 Car -1.000000 -1 -1.434415 655.533399 180.682066 681.976916 203.425029 1.299865 1.659722 4.031461 3.292628 1.739343 40.790474 -10.000000 3.569640 
18 3 Pedestrian -1.000000 -1 -0.707072 586.666634 183.127314 597.408281 208.903790 1.277633 0.667334 0.902490 -0.696283 1.755846 35.792748 -10.000000 1.524342 
19 0 Car -1.000000 -1 -3.711830 679.496860 180.790717 749.976103 209.968618 1.350325 1.659722 4.031461 4.814219 1.692520 33.474471 -10.000000 11.424503 
19 1 Car -1.000000 -1 -4.942352 655.109030 180.236886 684.085641 204.742761 1.370589 1.659722 4.031461 3.302922 1.724254 39.845420 -10.000000 4.147631 
19 3 Pedestrian -1.000000 -1 -0.367629 584.654073 183.771340 594.858052 209.604031 1.306199 0.667334 0.902490 -0.772700 1.746664 35.612909 -10.000000 2.070345 
20 0 Car -1.000000 -1 -3.780916 689.250878 180.675091 753.707158 209.721133 1.355434 1.659722 4.031461 5.191883 1.714732 33.856780 -10.000000 11.909619 
20 1 Car -1.000000 -1 -1.516400 655.659987 180.099784 688.852082 205.450286 1.395688 1.659722 4.031461 3.441490 1.752844 39.556820 -10.000000 4.725869 
20 3 Pedestrian -1.000000 -1 -0.724904 583.331461 183.634332 593.488539 209.535897 1.278388 0.667334 0.902490 -0.787243 1.774113 35.609874 -10.000000 1.490889 
21 0 Car -1.000000 -1 -4.055031 696.927591 180.885779 757.684638 209.392184 1.356133 1.659722 4.031461 5.522036 1.710990 34.377614 -10.000000 12.349143 
21 1 Car -1.000000 -1 -1.627080 655.606375 180.060101 692.178915 205.815460 1.412282 1.659722 4.031461 3.495909 1.747367 39.350583 -10.000000 5.392612 
21 3 Pedestrian -1.000000 -1 -1.117824 582.658430 183.582765 592.815508 209.484705 1.278369 0.667334 0.902490 -0.800150 1.769727 35.608842 -10.000000 0.993924 
22 0 Car -1.000000 -1 -3.999775 703.957472 181.953366 762.056682 209.956752 1.350136 1.659722 4.031461 5.876833 1.721261 34.841334 -10.000000 12.796676 
22 1 Car -1.000000 -1 -1.953542 655.697000 180.570617 693.596255 206.232497 1.413297 1.659722 4.031461 3.502233 1.759667 39.281866 -10.000000 6.101888 
22 3 Pedestrian -1.000000 -1 -0.150404 582.321914 183.556583 592.478992 209.459180 1.278337 0.667334 0.902490 -0.811565 1.779712 35.607039 -10.000000 0.567707 
23 0 Car -1.000000 -1 -3.970336 710.026704 181.074065 765.466576 208.585234 1.345517 1.659722 4.031461 6.134946 1.675018 34.963626 -10.000000 13.220190 
23 1 Car -1.000000 -1 -1.750721 656.149400 180.504340 695.425630 206.334218 1.409709 1.659722 4.031461 3.557933 1.707133 38.883178 -10.000000 6.736159 
23 3 Pedestrian -1.000000 -1 -0.150404 582.153656 183.542986 592.310735 209.446476 1.278293 0.667334 0.902490 -0.825915 1.736304 35.604582 -10.000000 0.202167 
24 0 Car -1.000000 -1 -4.074532 715.619519 181.072259 767.934201 207.843796 1.325433 1.659722 4.031461 6.348145 1.666620 35.269316 -10.000000 13.605817 
24 1 Car -1.000000 -1 -1.542249 655.978063 180.457479 697.263699 206.252413 1.403853 1.659722 4.031461 3.538598 1.698488 38.525772 -10.000000 7.387863 
25 0 Car -1.000000 -1 -3.887019 721.288377 181.235378 769.216153 207.807050 1.310769 1.659722 4.031461 6.602283 1.691237 35.622154 -10.000000 14.005056 
25 1 Car -1.000000 -1 -1.665669 655.810208 180.817353 697.846032 206.559189 1.388190 1.659722 4.031461 3.533064 1.726045 38.400218 -10.000000 8.049263 
26 0 Car -1.000000 -1 -3.814992 725.735140 181.658105 770.973203 207.952689 1.313061 1.659722 4.031461 6.741963 1.688115 35.601805 -10.000000 14.365922 
26 1 Car -1.000000 -1 -1.516552 655.845881 181.025970 697.544875 206.678920 1.378106 1.659722 4.031461 3.522683 1.724935 38.279504 -10.000000 8.681777 
26 4 Car -1.000000 -1 -3.173904 702.756751 186.436655 722.102098 198.814883 0.785022 1.659722 4.031461 6.900614 1.728909 48.565107 -10.000000 0.036194 
27 0 Car -1.000000 -1 -4.064554 730.143525 181.775436 772.985342 207.813460 1.303080 1.659722 4.031461 7.001699 1.708188 35.933466 -10.000000 14.744651 
27 1 Car -1.000000 -1 -1.558021 656.098196 181.011063 697.118904 206.723193 1.372878 1.659722 4.031461 3.525992 1.746787 38.292063 -10.000000 9.305239 
28 0 Car -1.000000 -1 -3.833109 733.766890 181.148347 773.544506 206.741999 1.294835 1.659722 4.031461 7.111081 1.698776 36.158140 -10.000000 15.048516 
28 1 Car -1.000000 -1 -1.469428 656.736371 181.199521 697.548424 206.877072 1.373228 1.659722 4.031461 3.520796 1.736783 38.240284 -10.000000 9.875822 
29 0 Car -1.000000 -1 -4.112236 736.052861 182.050060 774.775233 206.967700 1.277126 1.659722 4.031461 7.321122 1.688406 36.515523 -10.000000 15.369852 
29 1 Car -1.000000 -1 -1.497753 656.735973 181.056118 697.472238 206.770455 1.371739 1.659722 4.031461 3.509469 1.726415 38.131236 -10.000000 10.428981 
29 4 Car -1.000000 -1 -1.385845 702.706616 185.075698 721.948203 200.594988 0.922434 1.659722 4.031461 6.833370 1.730904 48.205481 -10.000000 0.529553 
30 0 Car -1.000000 -1 -4.250518 738.539139 182.531228 776.923324 207.270867 1.265595 1.659722 4.031461 7.492459 1.697787 36.848668 -10.000000 15.719760 
30 1 Car -1.000000 -1 -1.452760 655.839881 181.080815 696.715665 206.670492 1.366802 1.659722 4.031461 3.505717 1.734727 38.081365 -10.000000 10.995021 
30 4 Car -1.000000 -1 -1.379092 702.182082 181.819087 721.375421 198.614857 1.122084 1.659722 4.031461 6.827170 1.743570 48.159647 -10.000000 0.169444 
31 0 Car -1.000000 -1 -4.199195 741.537439 182.590636 777.355459 207.382459 1.274483 1.659722 4.031461 7.652019 1.704386 37.140627 -10.000000 16.057626 
31 1 Car -1.000000 -1 -1.046888 656.214816 181.070301 696.808132 206.605895 1.359440 1.659722 4.031461 3.461080 1.743708 38.086476 -10.000000 11.520139 
32 0 Car -1.000000 -1 -4.195250 743.957012 182.341552 777.456763 206.980866 1.283083 1.659722 4.031461 7.721651 1.678272 37.228627 -10.000000 16.368430 
32 1 Car -1.000000 -1 -1.648085 655.804194 181.082255 696.296033 206.581184 1.357048 1.659722 4.031461 3.483112 1.715137 37.925587 -10.000000 12.077468 
33 0 Car -1.000000 -1 -4.025189 745.363275 182.720328 777.724302 206.690890 1.268269 1.659722 4.031461 7.755141 1.659516 37.166839 -10.000000 16.646412 
33 1 Car -1.000000 -1 -1.119092 655.609062 181.072185 695.423553 206.565859 1.351914 1.659722 4.031461 3.420125 1.697786 37.692982 -10.000000 12.601563 
34 0 Car -1.000000 -1 -4.381359 746.395183 182.784351 777.392958 206.416936 1.240755 1.659722 4.031461 7.853637 1.696939 37.571061 -10.000000 16.908461 
34 1 Car -1.000000 -1 -1.714490 655.260166 181.418720 694.424545 206.875992 1.343632 1.659722 4.031461 3.419618 1.734801 37.705760 -10.000000 13.081616 
35 0 Car -1.000000 -1 -4.303329 747.180385 183.132868 777.147805 205.835479 1.220245 1.659722 4.031461 8.002558 1.678910 38.060027 -10.000000 17.166948 
35 1 Car -1.000000 -1 -1.352036 655.770905 181.146272 694.262435 206.626616 1.341280 1.659722 4.031461 3.410482 1.717362 37.624883 -10.000000 13.581620 
35 5 Pedestrian -1.000000 -1 -5.461096 540.304871 176.722883 552.693165 207.990388 1.442871 0.667334 0.902490 -2.993204 1.765833 35.296353 -10.000000 0.194771 
36 0 Car -1.000000 -1 -4.485239 747.724096 182.919470 777.462100 205.134387 1.196927 1.659722 4.031461 8.139119 1.670106 38.673516 -10.000000 17.433956 
36 1 Car -1.000000 -1 -1.459683 655.809712 180.982978 694.854311 206.508901 1.341310 1.659722 4.031461 3.399643 1.708434 37.507514 -10.000000 14.061546 
36 4 Car -1.000000 -1 -1.267915 700.906537 184.416943 718.563811 200.787373 1.138504 1.659722 4.031461 6.453829 1.707200 46.870005 -10.000000 0.653947 
37 0 Car -1.000000 -1 -4.424244 748.518826 182.953209 777.504434 204.873298 1.195093 1.659722 4.031461 8.302537 1.679836 39.241004 -10.000000 17.728926 
37 1 Car -1.000000 -1 -1.471442 655.882986 180.856127 694.493071 206.497781 1.341461 1.659722 4.031461 3.396113 1.716049 37.454785 -10.000000 14.527897 
37 4 Car -1.000000 -1 -1.380683 698.933369 185.999788 718.290384 201.986664 1.094323 1.659722 4.031461 6.237879 1.716570 45.742238 -10.000000 1.263469 
38 0 Car -1.000000 -1 -4.494596 749.049519 182.840696 777.914495 203.981333 1.186288 1.659722 4.031461 8.464718 1.680785 39.970163 -10.000000 17.998806 
38 1 Car -1.000000 -1 -1.172989 655.737948 180.224137 694.311530 205.853835 1.342069 1.659722 4.031461 3.348743 1.718579 37.429001 -10.000000 14.957401 
38 4 Car -1.000000 -1 -1.326191 697.273917 186.115472 718.348266 202.078497 1.055673 1.659722 4.031461 6.004938 1.716747 44.507943 -10.000000 1.909802 
39 0 Car -1.000000 -1 -4.474633 749.281190 183.095865 777.669715 203.767094 1.171170 1.659722 4.031461 8.536965 1.685003 40.355271 -10.000000 18.276580 
39 1 Car -1.000000 -1 -1.348023 655.577195 181.133420 693.992283 206.740471 1.339771 1.659722 4.031461 3.341204 1.719983 37.411114 -10.000000 15.401571 
39 4 Car -1.000000 -1 -1.366835 696.112243 187.065589 717.625519 203.330957 1.003269 1.659722 4.031461 5.934689 1.719034 44.220950 -10.000000 1.353201 
39 5 Pedestrian -1.000000 -1 -0.666457 530.378317 179.712678 542.071722 208.819979 1.498039 0.667334 0.902490 -3.517158 1.775130 36.427175 -10.000000 1.235702 
40 0 Car -1.000000 -1 -4.322711 749.595528 183.410907 781.418419 203.987887 1.169624 1.659722 4.031461 8.786377 1.687712 40.633811 -10.000000 18.509906 
40 1 Car -1.000000 -1 -1.328681 655.659235 181.323291 693.717412 207.392843 1.348849 1.659722 4.031461 3.309929 1.722976 37.123720 -10.000000 15.837884 
40 4 Car -1.000000 -1 -1.371145 695.641138 187.576973 717.154414 203.894689 1.000060 1.659722 4.031461 5.859344 1.723450 43.936311 -10.000000 0.875837 
40 5 Pedestrian -1.000000 -1 -0.174141 527.221088 180.419835 537.974349 209.930838 1.487655 0.667334 0.902490 -3.630978 1.779862 36.413005 -10.000000 1.760460 
41 0 Car -1.000000 -1 -4.620200 750.198867 183.184589 780.528510 203.691426 1.174341 1.659722 4.031461 8.780982 1.695836 40.933088 -10.000000 18.743976 
41 1 Car -1.000000 -1 -4.099032 655.828963 181.161655 694.050529 207.372420 1.358123 1.659722 4.031461 3.369027 1.730015 37.206723 -10.000000 16.239996 
41 4 Car -1.000000 -1 -1.544178 697.074678 187.589457 718.001901 203.786541 1.024735 1.659722 4.031461 5.924470 1.730982 43.879491 -10.000000 2.264137 
41 5 Pedestrian -1.000000 -1 -0.428589 524.211180 180.812912 536.308307 210.299652 1.502974 0.667334 0.902490 -3.735038 1.788886 36.338162 -10.000000 2.354602 
42 0 Car -1.000000 -1 -4.405582 750.164289 183.251335 777.873566 203.392644 1.171557 1.659722 4.031461 8.796951 1.707262 41.506171 -10.000000 18.929319 
42 1 Car -1.000000 -1 -1.381357 656.032796 181.105744 693.867894 207.447983 1.363409 1.659722 4.031461 3.313426 1.738406 37.057819 -10.000000 16.657610 
42 4 Car -1.000000 -1 -1.342530 696.612190 187.949011 717.375973 204.278034 0.993032 1.659722 4.031461 5.867323 1.740887 43.611262 -10.000000 1.657092 
42 5 Pedestrian -1.000000 -1 -6.260732 520.653384 180.734801 534.211654 210.137290 1.495364 0.667334 0.902490 -3.862452 1.798566 36.356218 -10.000000 2.914922 
43 0 Car -1.000000 -1 -4.689115 750.043822 183.521124 775.366219 203.227010 1.162807 1.659722 4.031461 8.819581 1.701144 41.948681 -10.000000 19.141644 
43 1 Car -1.000000 -1 -4.180109 656.201362 180.936355 694.257874 207.254081 1.363634 1.659722 4.031461 3.366625 1.730742 37.161306 -10.000000 17.053368 
43 4 Car -1.000000 -1 -1.599202 696.340086 188.123641 717.103869 204.503507 0.989959 1.659722 4.031461 5.811832 1.731691 43.339702 -10.000000 1.136467 
43 5 Pedestrian -1.000000 -1 -0.579817 518.973719 181.273051 533.528492 210.036101 1.478937 0.667334 0.902490 -3.961605 1.790153 36.293815 -10.000000 3.513335 
44 0 Car -1.000000 -1 -4.638893 749.798145 183.449712 774.029684 202.990954 1.158423 1.659722 4.031461 8.860842 1.685446 42.218335 -10.000000 19.403997 
44 1 Car -1.000000 -1 -1.199972 656.305375 180.877113 694.529610 207.152377 1.362810 1.659722 4.031461 3.374464 1.718495 37.196486 -10.000000 17.443154 
44 4 Car -1.000000 -1 -1.557341 697.288630 187.361722 717.858232 203.622844 1.016132 1.659722 4.031461 5.861585 1.715604 43.398281 -10.000000 2.665126 
44 5 Pedestrian -1.000000 -1 -0.214023 515.466469 181.034950 530.094179 210.183062 1.467498 0.667334 0.902490 -4.096035 1.781545 36.218309 -10.000000 4.061374 
45 0 Car -1.000000 -1 -4.621035 749.674551 183.512524 773.402861 203.054435 1.162399 1.659722 4.031461 8.891728 1.679243 42.385022 -10.000000 19.692637 
45 1 Car -1.000000 -1 -1.459875 656.014354 180.829237 693.509984 207.351652 1.369283 1.659722 4.031461 3.297964 1.711212 36.900552 -10.000000 17.821935 
45 4 Car -1.000000 -1 -4.218198 698.094811 186.947412 717.404558 202.915686 1.004980 1.659722 4.031461 5.969840 1.707716 43.769321 -10.000000 3.173421 
45 5 Pedestrian -1.000000 -1 -0.553165 513.908196 180.696272 526.423402 210.008825 1.481167 0.667334 0.902490 -4.228121 1.772554 36.136608 -10.000000 4.610341 
46 0 Car -1.000000 -1 -4.526674 749.643751 183.602019 772.678145 203.149875 1.167974 1.659722 4.031461 8.944405 1.703339 42.628819 -10.000000 19.971306 
46 1 Car -1.000000 -1 -1.951857 656.191698 180.700248 694.150503 207.400989 1.373113 1.659722 4.031461 3.326958 1.730121 36.769198 -10.000000 18.182214 
46 4 Car -1.000000 -1 -4.620265 698.280297 186.653421 717.231367 202.727422 1.003443 1.659722 4.031461 5.926388 1.732891 43.804460 -10.000000 3.803701 
46 5 Pedestrian -1.000000 -1 -0.426035 511.989617 180.939494 523.871764 209.883908 1.473503 0.667334 0.902490 -4.360861 1.792517 36.090500 -10.000000 5.232342 
47 0 Car -1.000000 -1 -4.616616 749.534663 184.109430 772.050092 203.483231 1.169629 1.659722 4.031461 8.956085 1.723504 42.924449 -10.000000 20.221688 
47 1 Car -1.000000 -1 -0.955678 656.212719 181.023175 694.547585 207.532371 1.366996 1.659722 4.031461 3.361548 1.746738 37.008254 -10.000000 18.538525 
47 4 Car -1.000000 -1 -4.474833 698.313011 186.584612 716.537669 202.711254 1.009836 1.659722 4.031461 5.939698 1.753221 43.943404 -10.000000 4.419355 
47 5 Pedestrian -1.000000 -1 -0.355562 508.762870 181.758780 521.567005 210.145342 1.448432 0.667334 0.902490 -4.505250 1.809556 36.070253 -10.000000 5.810567 
48 0 Car -1.000000 -1 -4.533172 749.657223 184.127833 771.281896 203.137120 1.162007 1.659722 4.031461 8.970827 1.704864 43.047072 -10.000000 20.443108 
48 1 Car -1.000000 -1 -3.302584 656.133367 180.910957 694.700824 207.014549 1.357146 1.659722 4.031461 3.373189 1.730882 37.144626 -10.000000 18.857791 
48 4 Car -1.000000 -1 -5.928419 697.376248 186.333304 716.292215 202.658814 1.017599 1.659722 4.031461 5.883672 1.733780 43.944043 -10.000000 4.979889 
48 5 Pedestrian -1.000000 -1 -0.309015 506.432298 181.566498 519.714756 209.891334 1.431101 0.667334 0.902490 -4.631702 1.793795 36.031558 -10.000000 6.429069 
49 0 Car -1.000000 -1 -4.617645 749.272340 184.065677 771.529726 203.283866 1.159848 1.659722 4.031461 8.999786 1.716745 43.190724 -10.000000 20.689249 
49 1 Car -1.000000 -1 -4.588384 656.050714 180.901944 694.646857 206.846018 1.348297 1.659722 4.031461 3.388370 1.740941 37.313749 -10.000000 19.180243 
49 4 Car -1.000000 -1 -5.103081 695.411221 185.769674 715.636121 202.529984 1.035850 1.659722 4.031461 5.780071 1.746781 44.021356 -10.000000 5.469710 
49 5 Pedestrian -1.000000 -1 -6.203561 503.935691 180.749712 516.461732 209.017812 1.427988 0.667334 0.902490 -4.777161 1.804254 36.074305 -10.000000 7.030766 
50 0 Car -1.000000 -1 -4.824742 748.881025 184.178284 771.149961 203.263654 1.168051 1.659722 4.031461 8.963074 1.711215 43.269656 -10.000000 20.935338 
50 1 Car -1.000000 -1 -4.631994 656.130289 180.818706 694.631570 206.791805 1.350717 1.659722 4.031461 3.398290 1.736322 37.436980 -10.000000 19.502958 
50 4 Car -1.000000 -1 -5.860161 695.380392 185.732739 714.256696 202.468940 1.050896 1.659722 4.031461 5.766975 1.740709 44.054344 -10.000000 5.958610 
50 5 Pedestrian -1.000000 -1 -0.244164 499.650260 180.985248 512.349955 209.665412 1.436232 0.667334 0.902490 -4.949537 1.800790 36.039754 -10.000000 7.456404 
51 0 Car -1.000000 -1 -4.561181 748.656532 184.290312 770.704087 203.229622 1.161705 1.659722 4.031461 8.953657 1.704524 43.267161 -10.000000 21.173580 
51 1 Car -1.000000 -1 -4.619851 656.624596 180.753518 694.258822 206.917635 1.360856 1.659722 4.031461 3.404356 1.732529 37.517686 -10.000000 19.822275 
51 4 Car -1.000000 -1 -5.652158 694.717958 185.584358 712.931982 202.522675 1.055057 1.659722 4.031461 5.764316 1.735125 44.053418 -10.000000 6.505062 
51 5 Pedestrian -1.000000 -1 -6.166523 496.914733 181.065878 509.804565 209.862201 1.438348 0.667334 0.902490 -5.047634 1.800945 36.025271 -10.000000 6.110185 
52 0 Car -1.000000 -1 -0.609828 748.453810 184.189476 770.352814 202.821137 1.149736 1.659722 4.031461 8.925978 1.687489 43.144981 -10.000000 21.374345 
52 1 Car -1.000000 -1 -4.652702 656.791936 180.324968 694.199103 206.626885 1.372628 1.659722 4.031461 3.401748 1.718447 37.507186 -10.000000 20.132131 
52 4 Car -1.000000 -1 -1.344993 693.956626 184.556939 713.252115 202.720162 1.093878 1.659722 4.031461 5.586050 1.716706 43.184525 -10.000000 6.988257 
52 5 Pedestrian -1.000000 -1 -0.190211 494.594503 181.130580 507.484336 209.933107 1.438038 0.667334 0.902490 -5.144152 1.788338 36.009753 -10.000000 4.955615 
53 0 Car -1.000000 -1 -1.315375 748.238236 184.704255 770.366623 202.987000 1.128515 1.659722 4.031461 8.902152 1.688025 43.028624 -10.000000 21.577793 
53 1 Car -1.000000 -1 -4.615571 655.981830 180.284164 694.429013 206.465931 1.374112 1.659722 4.031461 3.400892 1.719150 37.502457 -10.000000 20.402112 
53 4 Car -1.000000 -1 -1.098505 692.012533 184.125144 712.644197 203.010651 1.138548 1.659722 4.031461 5.446227 1.717954 42.911447 -10.000000 7.578956 
53 5 Pedestrian -1.000000 -1 -0.150858 492.434389 181.160461 505.324221 209.968349 1.437771 0.667334 0.902490 -5.242322 1.790250 35.996348 -10.000000 3.965411 
54 0 Car -1.000000 -1 -1.114388 747.958378 184.614786 770.029095 203.108054 1.119781 1.659722 4.031461 8.838293 1.694982 42.961012 -10.000000 21.800306 
54 1 Car -1.000000 -1 -5.969363 656.174662 180.832217 694.884234 206.765917 1.364469 1.659722 4.031461 3.358259 1.724525 37.528094 -10.000000 20.655414 
54 4 Car -1.000000 -1 -1.489156 693.025158 185.067385 713.648119 203.257144 1.131130 1.659722 4.031461 5.508673 1.721541 42.336223 -10.000000 7.985509 
54 5 Pedestrian -1.000000 -1 -0.213822 489.286712 180.835936 501.060428 210.174355 1.468773 0.667334 0.902490 -5.456043 1.795058 35.944504 -10.000000 7.162606 
55 0 Car -1.000000 -1 -0.345259 747.167159 184.321227 768.238752 202.620218 1.120796 1.659722 4.031461 8.802561 1.666457 43.058448 -10.000000 21.967095 
55 1 Car -1.000000 -1 -1.417601 655.559919 180.827407 694.230948 206.598217 1.354378 1.659722 4.031461 3.338569 1.699582 37.408048 -10.000000 20.936843 
55 4 Car -1.000000 -1 -1.132570 693.202246 185.036967 712.905139 203.442410 1.099649 1.659722 4.031461 5.399397 1.693084 42.081421 -10.000000 8.519092 
55 5 Pedestrian -1.000000 -1 -0.338176 486.014688 180.055556 498.486537 210.151325 1.498612 0.667334 0.902490 -5.649042 1.772333 35.857444 -10.000000 7.714364 
56 0 Car -1.000000 -1 -4.791535 747.261472 184.702736 767.598622 202.762217 1.108891 1.659722 4.031461 8.849638 1.704560 43.312770 -10.000000 22.147544 
56 1 Car -1.000000 -1 -5.062254 655.222301 181.172106 693.706172 206.929751 1.347056 1.659722 4.031461 3.346457 1.730526 37.474743 -10.000000 21.210451 
56 4 Car -1.000000 -1 -1.580530 692.382200 185.082467 712.720283 204.077418 1.114541 1.659722 4.031461 5.344363 1.728470 41.748898 -10.000000 9.057541 
56 5 Pedestrian -1.000000 -1 -0.219162 482.313259 180.231309 495.104664 210.472729 1.502912 0.667334 0.902490 -5.765792 1.800991 35.837917 -10.000000 6.331422 
57 0 Car -1.000000 -1 -4.960688 746.867658 184.494953 766.707051 202.377801 1.102082 1.659722 4.031461 8.823129 1.688570 43.452985 -10.000000 22.328348 
57 1 Car -1.000000 -1 -1.421474 655.295931 180.984396 693.929827 206.704355 1.346580 1.659722 4.031461 3.344795 1.718302 37.465651 -10.000000 21.466602 
57 4 Car -1.000000 -1 -1.222163 691.570016 185.024263 712.513866 203.951563 1.123818 1.659722 4.031461 5.343361 1.713690 41.707656 -10.000000 9.587070 
57 5 Pedestrian -1.000000 -1 -0.336765 479.542433 179.849218 492.333838 210.099146 1.502489 0.667334 0.902490 -5.881864 1.793938 35.817744 -10.000000 5.145357 
58 0 Car -1.000000 -1 -4.527176 746.686489 184.768180 766.410970 202.508973 1.097278 1.659722 4.031461 8.855032 1.705678 43.642479 -10.000000 22.493616 
58 1 Car -1.000000 -1 -4.569537 655.588169 181.192127 693.609020 206.919259 1.346190 1.659722 4.031461 3.351445 1.731017 37.524840 -10.000000 21.722076 
58 4 Car -1.000000 -1 -1.421849 691.531888 185.572852 712.485746 203.833337 1.100628 1.659722 4.031461 5.353513 1.728709 41.764403 -10.000000 10.001221 
58 5 Pedestrian -1.000000 -1 -6.104292 477.180249 179.257548 491.820139 209.710134 1.520064 0.667334 0.902490 -6.088729 1.804898 35.897695 -10.000000 7.697405 
59 0 Car -1.000000 -1 -4.661626 746.563887 184.824989 765.443160 202.352683 1.091576 1.659722 4.031461 8.909591 1.718342 44.142076 -10.000000 22.641439 
59 1 Car -1.000000 -1 -4.586486 655.443079 181.259539 692.872904 206.972242 1.347506 1.659722 4.031461 3.361876 1.742029 37.630749 -10.000000 21.953485 
59 4 Car -1.000000 -1 -1.414255 691.839354 185.765008 712.760648 204.071732 1.059686 1.659722 4.031461 5.314927 1.740021 41.579344 -10.000000 8.292721 
59 5 Pedestrian -1.000000 -1 -5.610559 474.428873 179.384121 488.210344 208.087023 1.482299 0.667334 0.902490 -6.309739 1.821185 36.185222 -10.000000 8.156155 
59 6 Car -1.000000 -1 -2.286761 762.853071 185.442911 786.022427 198.411338 0.876182 1.659722 4.031461 11.931965 1.723694 52.465749 -10.000000 0.149084 
60 0 Car -1.000000 -1 -4.537788 746.531570 184.757630 764.481930 201.844704 1.083078 1.659722 4.031461 8.976435 1.705538 44.522394 -10.000000 22.794011 
60 1 Car -1.000000 -1 -4.606030 656.166854 181.884207 693.311041 207.553250 1.349273 1.659722 4.031461 3.362156 1.729140 37.648077 -10.000000 22.169464 
60 4 Car -1.000000 -1 -1.373810 691.484946 185.841610 712.406240 204.189715 1.057301 1.659722 4.031461 5.277409 1.725769 41.391372 -10.000000 6.827444 
60 5 Pedestrian -1.000000 -1 -5.720144 472.622529 179.349615 485.856676 208.110932 1.449469 0.667334 0.902490 -6.479385 1.806484 36.342423 -10.000000 8.565164 
60 6 Car -1.000000 -1 -1.487041 762.556537 185.258586 785.857656 199.049522 0.960906 1.659722 4.031461 11.843006 1.707005 52.070189 -10.000000 0.848815 
61 0 Car -1.000000 -1 -4.643379 745.725913 185.082697 763.849625 201.676490 1.065293 1.659722 4.031461 8.972189 1.691574 44.788358 -10.000000 22.880523 
61 1 Car -1.000000 -1 -4.598061 655.870073 181.098190 693.521305 206.668156 1.347254 1.659722 4.031461 3.357101 1.718384 37.604656 -10.000000 22.406469 
61 4 Car -1.000000 -1 -2.134836 691.715141 186.268043 712.883617 203.985719 1.059540 1.659722 4.031461 5.327552 1.713284 41.557840 -10.000000 9.710375 
61 5 Pedestrian -1.000000 -1 -5.523683 470.692278 179.082694 484.411303 208.531490 1.477067 0.667334 0.902490 -6.622970 1.800824 36.400975 -10.000000 8.931792 
61 6 Car -1.000000 -1 -1.666920 763.020733 184.292017 785.866884 198.490366 1.024642 1.659722 4.031461 11.841868 1.688526 52.001439 -10.000000 0.443256 
62 0 Car -1.000000 -1 -4.668013 744.585706 184.863846 763.481157 201.390658 1.054047 1.659722 4.031461 8.924903 1.668162 44.880816 -10.000000 23.022947 
62 1 Car -1.000000 -1 -1.463308 655.662880 180.890066 693.694527 206.446254 1.343072 1.659722 4.031461 3.341664 1.697973 37.451508 -10.000000 22.638176 
62 4 Car -1.000000 -1 -1.158072 690.940767 186.084506 712.644148 204.032511 1.054613 1.659722 4.031461 5.271548 1.691102 41.531030 -10.000000 10.187365 
62 5 Pedestrian -1.000000 -1 -5.773567 468.064247 178.766242 481.412509 208.730344 1.509835 0.667334 0.902490 -6.763261 1.780105 36.412526 -10.000000 9.272408 
62 6 Car -1.000000 -1 -1.534176 767.737809 184.238302 787.155073 198.442968 1.064003 1.659722 4.031461 11.893442 1.658125 51.390050 -10.000000 1.330138 
63 0 Car -1.000000 -1 -4.661167 743.771219 184.256556 763.115243 200.680609 1.053445 1.659722 4.031461 8.949721 1.687537 45.045569 -10.000000 23.155098 
63 1 Car -1.000000 -1 -1.502272 655.567913 180.845367 693.907365 206.412576 1.338940 1.659722 4.031461 3.340649 1.714283 37.419167 -10.000000 22.866532 
63 4 Car -1.000000 -1 -4.492477 690.656115 185.918918 712.806585 203.924405 1.063640 1.659722 4.031461 5.277259 1.709562 41.622245 -10.000000 10.691885 
63 5 Pedestrian -1.000000 -1 -5.721024 465.396026 178.839015 478.256667 208.383880 1.514807 0.667334 0.902490 -6.928355 1.800891 36.550099 -10.000000 9.715205 
63 6 Car -1.000000 -1 -1.621774 768.939459 184.186431 787.178547 198.558434 1.023668 1.659722 4.031461 11.904094 1.679751 51.254610 -10.000000 0.856058 
64 0 Car -1.000000 -1 -4.666192 743.235348 185.204826 762.683987 201.574511 1.051641 1.659722 4.031461 9.011944 1.722461 45.346309 -10.000000 23.302170 
64 1 Car -1.000000 -1 -1.553518 655.497060 181.236314 694.075372 206.759983 1.335963 1.659722 4.031461 3.352930 1.740383 37.525814 -10.000000 23.092387 
64 4 Car -1.000000 -1 -1.036308 691.090195 187.027159 712.469068 204.833973 1.059916 1.659722 4.031461 5.262143 1.739499 41.530531 -10.000000 11.131466 
64 5 Pedestrian -1.000000 -1 -6.207283 461.924869 178.861897 474.683212 208.374075 1.494912 0.667334 0.902490 -7.062692 1.824091 36.555321 -10.000000 8.047423 
64 6 Car -1.000000 -1 -1.655517 769.745740 184.687794 787.984829 199.079178 1.022291 1.659722 4.031461 11.913126 1.719927 51.116371 -10.000000 0.449468 
65 0 Car -1.000000 -1 -4.654159 743.951552 185.666310 762.666746 201.820836 1.050236 1.659722 4.031461 9.018839 1.730542 45.648618 -10.000000 23.387869 
65 1 Car -1.000000 -1 -4.633638 655.741986 181.382239 694.144108 206.868934 1.336289 1.659722 4.031461 3.365146 1.746108 37.647767 -10.000000 23.311746 
65 4 Car -1.000000 -1 -4.737031 691.233524 186.510684 713.009555 204.405311 1.054095 1.659722 4.031461 5.259778 1.745563 41.498896 -10.000000 11.573515 
65 5 Pedestrian -1.000000 -1 -5.520132 460.443751 178.786828 473.302801 208.363024 1.507897 0.667334 0.902490 -7.231058 1.831544 36.744849 -10.000000 9.850332 
65 6 Car -1.000000 -1 -1.654354 770.148881 184.928804 788.387969 199.339544 1.020920 1.659722 4.031461 11.931279 1.727349 50.978868 -10.000000 0.100760 
66 0 Car -1.000000 -1 -4.696480 742.633102 185.511941 761.661095 201.513135 1.045323 1.659722 4.031461 8.957815 1.690723 45.688481 -10.000000 23.483185 
66 1 Car -1.000000 -1 -4.577776 655.820719 181.062847 693.713987 206.618891 1.340942 1.659722 4.031461 3.354683 1.714124 37.577099 -10.000000 23.517342 
66 4 Car -1.000000 -1 -1.432301 689.974333 185.810090 712.340480 203.813295 1.058393 1.659722 4.031461 5.226469 1.709056 41.265545 -10.000000 12.013994 
66 5 Pedestrian -1.000000 -1 -6.209857 457.100226 178.772618 469.992404 208.348742 1.506133 0.667334 0.902490 -7.366884 1.800199 36.756443 -10.000000 8.163313 
67 0 Car -1.000000 -1 -4.588264 742.158205 185.678433 760.701797 201.354107 1.034213 1.659722 4.031461 9.055930 1.727140 46.186836 -10.000000 23.566296 
67 1 Car -1.000000 -1 -4.626964 655.896596 181.247986 693.447735 206.869987 1.343917 1.659722 4.031461 3.365972 1.743579 37.674367 -10.000000 23.728330 
67 4 Car -1.000000 -1 -1.429785 690.472170 185.592688 711.914851 204.330066 1.075023 1.659722 4.031461 5.182602 1.740455 40.931856 -10.000000 12.475389 
67 5 Pedestrian -1.000000 -1 -5.446613 456.540565 178.766512 467.203850 208.347112 1.518007 0.667334 0.902490 -7.540677 1.836461 36.953023 -10.000000 9.912450 
68 0 Car -1.000000 -1 -4.846454 741.628616 185.396945 760.159772 201.025391 1.029430 1.659722 4.031461 9.066440 1.705735 46.539981 -10.000000 23.684578 
68 1 Car -1.000000 -1 -1.383984 656.011588 180.912997 693.551056 206.599897 1.348823 1.659722 4.031461 3.363629 1.725704 37.661255 -10.000000 23.934792 
68 4 Car -1.000000 -1 -1.439155 690.128976 184.883394 711.900959 204.269315 1.106380 1.659722 4.031461 5.180866 1.720589 40.876251 -10.000000 12.911674 
68 5 Pedestrian -1.000000 -1 -6.037603 454.511416 178.681772 464.902509 208.510682 1.531574 0.667334 0.902490 -7.677888 1.817910 37.009359 -10.000000 10.341046 
69 0 Car -1.000000 -1 -4.519832 741.052451 185.229125 759.837577 200.392863 1.024757 1.659722 4.031461 9.182222 1.712617 47.151548 -10.000000 23.776327 
69 1 Car -1.000000 -1 -1.473104 655.595831 180.720326 692.660139 206.924968 1.363016 1.659722 4.031461 3.332530 1.729090 37.370844 -10.000000 24.094064 
69 4 Car -1.000000 -1 -1.715549 691.183944 184.553928 713.594571 204.015379 1.123943 1.659722 4.031461 5.276933 1.724388 40.847014 -10.000000 13.180262 
69 5 Pedestrian -1.000000 -1 -5.606491 451.881762 178.462554 462.823056 208.546721 1.547154 0.667334 0.902490 -7.826361 1.823556 37.070632 -10.000000 10.708531 
70 0 Car -1.000000 -1 -4.590197 740.700243 185.197925 760.142501 200.075334 1.011030 1.659722 4.031461 9.286288 1.711560 47.695218 -10.000000 23.859374 
70 1 Car -1.000000 -1 -4.629895 655.463202 180.977437 693.546333 207.009504 1.366560 1.659722 4.031461 3.342026 1.728371 37.416556 -10.000000 24.254840 
70 4 Car -1.000000 -1 -1.679152 692.020601 184.265805 715.157437 203.859993 1.127221 1.659722 4.031461 5.290186 1.723025 40.832932 -10.000000 13.595000 
70 5 Pedestrian -1.000000 -1 -5.645625 450.313484 178.915466 461.087530 208.261714 1.538633 0.667334 0.902490 -7.976038 1.826613 37.225997 -10.000000 11.029834 
71 0 Car -1.000000 -1 -4.571548 740.468744 185.164386 758.614056 199.532863 0.999423 1.659722 4.031461 9.330144 1.719592 48.223538 -10.000000 23.872595 
71 1 Car -1.000000 -1 -1.464650 655.889183 181.003360 693.627176 207.348012 1.365673 1.659722 4.031461 3.317899 1.731154 37.189212 -10.000000 24.444521 
71 4 Car -1.000000 -1 -3.051730 692.912119 184.337637 715.653771 203.734019 1.126194 1.659722 4.031461 5.344270 1.727054 40.850308 -10.000000 13.978696 
71 5 Pedestrian -1.000000 -1 -5.880003 448.132453 179.570965 459.104386 208.655543 1.516287 0.667334 0.902490 -8.101833 1.827049 37.282348 -10.000000 11.347285 
72 0 Car -1.000000 -1 -4.475484 740.502249 185.117144 759.706415 199.583379 0.994294 1.659722 4.031461 9.458996 1.714716 48.643415 -10.000000 23.932425 
72 1 Car -1.000000 -1 -4.548681 655.540829 180.987523 693.898180 207.122714 1.365556 1.659722 4.031461 3.329917 1.728156 37.269471 -10.000000 24.601514 
72 4 Car -1.000000 -1 -6.153442 692.523852 184.649869 715.278033 203.868979 1.115538 1.659722 4.031461 5.303714 1.723606 40.866623 -10.000000 14.331228 
72 5 Pedestrian -1.000000 -1 -5.928422 445.657757 179.454646 456.678986 209.151069 1.527249 0.667334 0.902490 -8.210602 1.825604 37.221551 -10.000000 11.748848 
73 0 Car -1.000000 -1 -4.754102 739.847674 184.812359 758.533857 199.320329 1.009607 1.659722 4.031461 9.383522 1.681195 48.845194 -10.000000 24.025895 
73 1 Car -1.000000 -1 -1.462097 655.508028 180.747817 694.273313 206.686133 1.353964 1.659722 4.031461 3.321995 1.702773 37.204431 -10.000000 24.771449 
73 4 Car -1.000000 -1 -1.383082 691.982350 184.491055 714.852242 203.783622 1.112540 1.659722 4.031461 5.227853 1.695675 40.737001 -10.000000 14.677823 
73 5 Pedestrian -1.000000 -1 -5.981780 442.930027 178.755842 453.920818 208.573919 1.538211 0.667334 0.902490 -8.346047 1.799584 37.246670 -10.000000 9.791555 
74 0 Car -1.000000 -1 -4.471911 739.707036 185.108680 757.764771 199.625746 1.016271 1.659722 4.031461 9.418853 1.703880 49.111893 -10.000000 24.128134 
74 1 Car -1.000000 -1 -4.550284 655.444841 181.070527 693.922531 206.882929 1.345270 1.659722 4.031461 3.326829 1.719815 37.243372 -10.000000 24.941107 
74 4 Car -1.000000 -1 -6.176520 691.610706 184.771489 714.575126 204.154837 1.115147 1.659722 4.031461 5.220125 1.714243 40.730083 -10.000000 15.086953 
74 5 Pedestrian -1.000000 -1 -0.107073 439.024035 179.047517 451.386149 208.575447 1.541094 0.667334 0.902490 -8.489487 1.821604 37.284235 -10.000000 11.809549 
75 0 Car -1.000000 -1 -4.829473 739.316608 185.345176 755.714639 199.618219 1.014512 1.659722 4.031461 9.428026 1.730382 49.466714 -10.000000 24.117426 
75 1 Car -1.000000 -1 -3.931260 655.787269 181.139552 694.297175 206.947654 1.342092 1.659722 4.031461 3.384638 1.736687 37.359495 -10.000000 25.117464 
75 4 Car -1.000000 -1 -0.472994 691.304769 184.889137 713.873481 204.344957 1.118437 1.659722 4.031461 5.234204 1.733882 40.828621 -10.000000 15.456948 
75 5 Pedestrian -1.000000 -1 -5.723319 437.062763 179.199890 449.812980 208.463428 1.529696 0.667334 0.902490 -8.650575 1.838853 37.444738 -10.000000 12.242215 
76 0 Car -1.000000 -1 -4.457333 739.633219 184.344425 755.997995 198.565021 1.010069 1.659722 4.031461 9.524542 1.723592 49.711224 -10.000000 24.143086 
76 1 Car -1.000000 -1 -4.555281 656.324932 180.861769 694.140890 207.129086 1.355840 1.659722 4.031461 3.397328 1.730900 37.433431 -10.000000 25.261265 
76 4 Car -1.000000 -1 -4.716596 691.107078 185.175830 713.766843 204.363743 1.115985 1.659722 4.031461 5.241658 1.727890 40.891024 -10.000000 15.763451 
76 5 Pedestrian -1.000000 -1 -5.755602 434.616074 179.299711 448.040083 208.376078 1.523565 0.667334 0.902490 -8.800926 1.829070 37.580146 -10.000000 12.656959 
77 0 Car -1.000000 -1 -4.731808 739.247645 184.610385 755.308783 198.951592 1.017637 1.659722 4.031461 9.507717 1.719197 49.900181 -10.000000 24.231943 
77 1 Car -1.000000 -1 -4.371724 656.097041 180.766452 695.108345 206.877576 1.368888 1.659722 4.031461 3.402479 1.729568 37.489321 -10.000000 25.389192 
77 4 Car -1.000000 -1 -4.596738 691.357608 185.677494 714.153131 204.115171 1.091019 1.659722 4.031461 5.246846 1.725400 40.936908 -10.000000 16.031693 
77 5 Pedestrian -1.000000 -1 -5.517541 432.910719 179.250649 446.109373 208.139603 1.519964 0.667334 0.902490 -8.950406 1.837482 37.721778 -10.000000 13.033296 
