2 0 Pedestrian -1.000000 -1 -1.074047 954.809651 155.695250 980.148567 218.448462 1.929086 0.667334 0.902490 11.021192 1.133283 21.440366 -10.000000 0.592565 
2 1 Pedestrian -1.000000 -1 -1.101241 936.644754 156.604329 954.247805 217.376255 1.896129 0.667334 0.902490 10.683928 1.114775 22.159909 -10.000000 0.543031 
2 2 Car -1.000000 -1 -1.658536 479.716120 166.017841 526.248198 192.939344 1.614342 1.659722 4.031461 -6.117719 0.640009 42.170052 -10.000000 0.643265 
2 3 Car -1.000000 -1 -5.602246 1055.137104 157.765861 1190.102737 210.248202 1.864266 1.659722 4.031461 18.014107 1.006203 24.607622 -10.000000 0.574712 
3 0 Pedestrian -1.000000 -1 -4.598143 955.311548 157.669045 980.605382 217.769819 1.883258 0.667334 0.902490 11.070176 1.152497 21.515241 -10.000000 1.321287 
3 1 Pedestrian -1.000000 -1 -4.301763 937.898465 157.715270 955.242182 215.798025 1.906660 0.667334 0.902490 10.748771 1.135291 22.244946 -10.000000 1.279610 
3 2 Car -1.000000 -1 -2.112113 479.486563 166.560312 527.331569 193.500699 1.603077 1.659722 4.031461 -6.026747 0.714732 42.070416 -10.000000 1.474709 
3 3 Car -1.000000 -1 -4.556949 1056.582226 158.238624 1191.578722 210.053325 1.790488 1.659722 4.031461 18.145156 1.027537 24.715722 -10.000000 1.329762 
4 0 Pedestrian -1.000000 -1 -4.678216 956.105622 158.685732 980.542669 218.333719 1.796950 0.667334 0.902490 11.093169 1.157200 21.522193 -10.000000 2.059423 
4 1 Pedestrian -1.000000 -1 -1.135755 937.841278 158.048246 956.317101 218.209987 1.802769 0.667334 0.902490 10.687938 1.145168 22.072814 -10.000000 1.956833 
4 2 Car -1.000000 -1 -1.724311 480.318599 166.491860 523.164140 193.844347 1.610096 1.659722 4.031461 -6.147200 0.723931 41.921488 -10.000000 2.224365 
4 3 Car -1.000000 -1 -3.732814 1060.627676 158.401539 1189.723932 210.216835 1.799946 1.659722 4.031461 18.178326 1.034364 24.721233 -10.000000 2.114748 
5 0 Pedestrian -1.000000 -1 -4.293331 957.864668 159.826592 981.261291 218.472080 1.806537 0.667334 0.902490 11.163845 1.184484 21.617894 -10.000000 2.753962 
5 1 Pedestrian -1.000000 -1 -4.235383 938.021160 158.898089 959.153569 218.882618 1.898798 0.667334 0.902490 10.704331 1.176669 22.050133 -10.000000 2.632756 
5 2 Car -1.000000 -1 -4.261136 480.514813 166.406298 521.355705 193.882379 1.626897 1.659722 4.031461 -6.180298 0.791355 42.031144 -10.000000 2.974734 
5 3 Car -1.000000 -1 -3.929191 1061.825739 158.545862 1192.183140 210.641620 1.807105 1.659722 4.031461 18.365735 1.067471 24.843543 -10.000000 2.880303 
6 0 Pedestrian -1.000000 -1 -4.279126 959.471994 161.593942 980.930770 218.863329 1.765335 0.667334 0.902490 11.231205 1.178250 21.669256 -10.000000 3.400299 
6 1 Pedestrian -1.000000 -1 -1.118612 937.610315 159.585000 961.082280 220.455085 1.869251 0.667334 0.902490 10.672416 1.175491 21.897232 -10.000000 3.305964 
6 2 Car -1.000000 -1 -0.341215 480.432883 167.365394 521.313029 194.310908 1.616456 1.659722 4.031461 -6.185381 0.759535 42.048470 -10.000000 3.703590 
6 3 Car -1.000000 -1 -3.959122 1064.465218 158.526677 1195.705846 210.736156 1.820601 1.659722 4.031461 18.388558 1.062514 24.776487 -10.000000 3.609285 
7 0 Pedestrian -1.000000 -1 -4.497384 958.373101 163.080804 980.998317 220.947425 1.754502 0.667334 0.902490 11.205524 1.218862 21.586236 -10.000000 3.939225 
7 1 Pedestrian -1.000000 -1 -1.038829 939.383097 161.542788 961.547671 221.263301 1.869942 0.667334 0.902490 10.650729 1.217296 21.776851 -10.000000 3.907276 
7 2 Car -1.000000 -1 -5.712944 480.342652 168.059771 521.612311 195.511761 1.610044 1.659722 4.031461 -6.165246 0.839180 41.883610 -10.000000 4.433410 
7 3 Car -1.000000 -1 -4.180859 1067.205000 160.209363 1190.898821 212.264016 1.818260 1.659722 4.031461 18.471136 1.103726 24.968518 -10.000000 4.279910 
8 0 Pedestrian -1.000000 -1 -4.882094 957.136383 163.254381 979.596210 221.588013 1.771297 0.667334 0.902490 11.158506 1.204197 21.480314 -10.000000 4.395235 
8 1 Pedestrian -1.000000 -1 -1.207817 939.988431 163.509443 968.153067 221.391062 1.806006 0.667334 0.902490 10.671414 1.201714 21.675808 -10.000000 4.394085 
8 2 Car -1.000000 -1 -1.563092 480.869869 168.470604 520.951453 195.565554 1.617486 1.659722 4.031461 -6.096757 0.785051 41.397428 -10.000000 5.130561 
8 3 Car -1.000000 -1 -4.248905 1070.846099 160.886573 1191.503494 212.682951 1.822924 1.659722 4.031461 18.519533 1.077900 24.952133 -10.000000 3.385899 
9 0 Pedestrian -1.000000 -1 -0.097659 958.129121 163.281254 977.771193 220.884624 1.757843 0.667334 0.902490 11.131891 1.218675 21.393173 -10.000000 4.800152 
9 1 Pedestrian -1.000000 -1 -0.744770 938.607791 163.001583 964.988383 221.700444 1.777873 0.667334 0.902490 10.652738 1.217173 21.556122 -10.000000 4.862860 
9 2 Car -1.000000 -1 -1.847652 482.249464 168.326126 523.418381 195.770326 1.596371 1.659722 4.031461 -5.862966 0.830309 40.846753 -10.000000 5.798978 
9 3 Car -1.000000 -1 -3.333714 1075.085660 159.866768 1215.198090 212.370610 1.828343 1.659722 4.031461 18.876308 1.098404 24.657720 -10.000000 4.624943 
9 4 Car -1.000000 -1 -1.535580 526.584558 167.124647 562.092585 186.223899 1.547195 1.659722 4.031461 -4.866822 0.443876 56.404125 -10.000000 0.624683 
10 0 Pedestrian -1.000000 -1 -0.268472 963.558454 163.537144 982.233959 221.207376 1.735431 0.667334 0.902490 11.156307 1.231222 21.283416 -10.000000 3.832079 
10 1 Pedestrian -1.000000 -1 -0.548028 941.491676 163.795024 966.244598 221.697966 1.773358 0.667334 0.902490 10.655813 1.229746 21.445049 -10.000000 5.390907 
10 2 Car -1.000000 -1 -1.509806 483.119928 168.781020 521.943228 196.077782 1.585261 1.659722 4.031461 -5.878220 0.856601 40.430844 -10.000000 6.405811 
10 3 Car -1.000000 -1 -3.930124 1079.416557 160.207730 1207.783073 212.365534 1.821287 1.659722 4.031461 18.985424 1.116428 24.555956 -10.000000 5.189825 
10 4 Car -1.000000 -1 -2.314866 527.660003 167.363342 562.939928 186.430930 1.529462 1.659722 4.031461 -4.762820 0.479990 56.052940 -10.000000 1.342412 
11 1 Pedestrian -1.000000 -1 -5.486749 942.052518 163.740512 964.914383 221.142160 1.740765 0.667334 0.902490 10.677342 1.219447 21.405835 -10.000000 5.800987 
11 2 Car -1.000000 -1 -1.829023 484.175565 168.995613 520.826220 196.124803 1.557845 1.659722 4.031461 -5.880317 0.861261 40.389737 -10.000000 7.038174 
11 3 Car -1.000000 -1 -3.473452 1089.332066 159.637157 1204.375132 211.936375 1.799997 1.659722 4.031461 18.832544 1.098773 24.644314 -10.000000 5.678766 
11 4 Car -1.000000 -1 -1.726018 528.531682 166.908631 564.115200 185.656074 1.507219 1.659722 4.031461 -4.612906 0.483346 56.111758 -10.000000 2.029898 
11 0 Pedestrian -1.000000 -1 -5.709054 956.129874 163.523023 975.753656 219.849290 1.695213 0.667334 0.902490 11.248574 1.211718 21.602006 -10.000000 3.384937 
12 1 Pedestrian -1.000000 -1 -5.061026 945.046830 162.184848 971.631900 221.340194 1.752030 0.667334 0.902490 10.729528 1.228368 21.317084 -10.000000 6.293568 
12 2 Car -1.000000 -1 -2.384213 485.543910 168.632250 528.016618 196.086652 1.555206 1.659722 4.031461 -5.534079 0.868534 40.416992 -10.000000 7.564418 
12 3 Car -1.000000 -1 -3.682340 1095.401640 159.141929 1210.266087 212.531647 1.818588 1.659722 4.031461 19.083645 1.111015 24.608799 -10.000000 6.297428 
12 4 Car -1.000000 -1 -4.575728 531.450739 166.680949 566.676915 185.284227 1.486429 1.659722 4.031461 -4.474919 0.491688 56.528994 -10.000000 2.799657 
12 0 Pedestrian -1.000000 -1 -4.631282 961.241752 163.232398 979.788482 219.832468 1.717003 0.667334 0.902490 11.282636 1.222360 21.458648 -10.000000 2.618335 
13 0 Pedestrian -1.000000 -1 -5.654724 976.261247 166.038586 994.936752 224.301629 1.717834 0.667334 0.902490 11.268314 1.269979 20.853435 -10.000000 1.679067 
13 1 Pedestrian -1.000000 -1 -4.451396 948.645640 161.246220 970.949752 217.311941 1.731395 0.667334 0.902490 10.927877 1.256402 21.508432 -10.000000 6.582608 
13 2 Car -1.000000 -1 -0.124576 486.800352 169.807682 524.361443 197.064625 1.561730 1.659722 4.031461 -5.698442 0.890385 40.192264 -10.000000 8.052364 
13 3 Car -1.000000 -1 -4.351085 1102.202913 160.388016 1222.436781 213.464989 1.837285 1.659722 4.031461 19.575916 1.156741 24.781711 -10.000000 6.847138 
13 4 Car -1.000000 -1 -4.629567 533.758765 168.575818 566.861999 187.076510 1.485553 1.659722 4.031461 -4.332300 0.515735 56.785459 -10.000000 3.497871 
14 0 Pedestrian -1.000000 -1 -5.654724 982.882875 165.449775 1001.558380 223.961278 1.710570 0.667334 0.902490 11.336023 1.266487 20.677171 -10.000000 1.155314 
14 1 Pedestrian -1.000000 -1 -5.691851 952.746056 161.765598 975.439754 221.355056 1.735104 0.667334 0.902490 10.939074 1.252577 21.305518 -10.000000 7.034614 
14 2 Car -1.000000 -1 -3.020466 489.767194 168.479918 529.799495 196.473329 1.566623 1.659722 4.031461 -5.336263 0.853142 39.855529 -10.000000 8.580019 
14 3 Car -1.000000 -1 -3.799451 1105.419045 160.352441 1224.000000 213.166855 1.837285 1.659722 4.031461 19.767148 1.151263 24.663998 -10.000000 5.587655 
14 4 Car -1.000000 -1 -4.629383 538.037821 168.149082 569.541038 186.548293 1.485517 1.659722 4.031461 -4.098519 0.450123 56.736658 -10.000000 4.227056 
15 0 Pedestrian -1.000000 -1 -5.654724 990.193689 163.503107 1008.869194 222.300447 1.702294 0.667334 0.902490 11.419952 1.227499 20.477205 -10.000000 0.706122 
15 1 Pedestrian -1.000000 -1 -4.375561 960.310102 159.795193 986.279838 220.656644 1.805295 0.667334 0.902490 11.034605 1.213071 21.124843 -10.000000 7.492710 
15 2 Car -1.000000 -1 -1.173277 491.670101 167.471763 535.483560 196.150994 1.595052 1.659722 4.031461 -5.080938 0.829579 39.384551 -10.000000 9.176872 
15 3 Car -1.000000 -1 -3.868434 1111.839083 159.628203 1224.000000 212.630364 1.837285 1.659722 4.031461 19.977229 1.088865 24.517034 -10.000000 4.507472 
15 4 Car -1.000000 -1 -4.743672 541.847491 167.617960 571.422251 185.898957 1.477864 1.659722 4.031461 -3.856242 0.390431 56.790136 -10.000000 4.911176 
16 0 Pedestrian -1.000000 -1 -5.654724 998.849096 163.853327 1017.524601 222.981207 1.692831 0.667334 0.902490 11.512247 1.229974 20.249651 -10.000000 0.320877 
16 1 Pedestrian -1.000000 -1 -5.929661 966.893042 158.963211 991.362374 220.596836 1.814074 0.667334 0.902490 11.128540 1.214647 20.943930 -10.000000 7.881539 
16 2 Car -1.000000 -1 -1.610238 494.034525 167.258964 533.570235 196.240169 1.604801 1.659722 4.031461 -5.097236 0.845126 38.992276 -10.000000 9.634792 
16 3 Car -1.000000 -1 -3.909456 1143.483825 156.804791 1224.000000 213.088355 1.883986 1.659722 4.031461 20.199094 1.089215 24.334015 -10.000000 6.716254 
16 4 Car -1.000000 -1 -5.582776 546.232026 167.765488 569.592202 185.700798 1.461711 1.659722 4.031461 -3.891017 0.401012 56.797161 -10.000000 5.381436 
17 1 Pedestrian -1.000000 -1 -4.885924 975.821722 157.580335 999.373484 219.516209 1.813648 0.667334 0.902490 11.234142 1.182216 20.726401 -10.000000 6.474798 
17 2 Car -1.000000 -1 -1.676096 497.340398 166.962842 533.424548 196.233909 1.603252 1.659722 4.031461 -4.870149 0.778193 37.828011 -10.000000 10.092147 
17 3 Car -1.000000 -1 -3.912771 1161.614647 156.591568 1224.000000 213.289254 1.883682 1.659722 4.031461 20.431735 1.044946 24.141308 -10.000000 7.191056 
17 4 Car -1.000000 -1 -1.947162 549.831073 166.950008 574.358409 185.077242 1.453024 1.659722 4.031461 -3.442082 0.264124 56.008302 -10.000000 5.872853 
18 1 Pedestrian -1.000000 -1 -4.971448 985.556670 156.697567 1009.108431 218.989297 1.803346 0.667334 0.902490 11.340142 1.163532 20.491228 -10.000000 5.268322 
18 2 Car -1.000000 -1 -1.520612 500.009387 166.717854 535.243987 196.507707 1.585474 1.659722 4.031461 -4.545021 0.774479 36.787212 -10.000000 10.633737 
18 4 Car -1.000000 -1 -0.516589 553.840560 166.548198 578.738322 184.736275 1.450965 1.659722 4.031461 -3.079759 0.227750 55.526478 -10.000000 6.438668 
18 5 Car -1.000000 -1 -0.855820 524.685282 168.123336 548.363391 191.880137 1.526006 1.659722 4.031461 -4.333724 0.538836 44.937431 -10.000000 0.540539 
19 1 Pedestrian -1.000000 -1 -5.052128 994.424144 156.567694 1017.975905 219.229361 1.792762 0.667334 0.902490 11.446919 1.185688 20.250995 -10.000000 4.233600 
19 2 Car -1.000000 -1 -1.656836 503.606172 167.105176 538.848387 197.128968 1.561416 1.659722 4.031461 -4.274691 0.777799 35.884464 -10.000000 11.144575 
19 4 Car -1.000000 -1 -1.792694 558.238568 166.456653 581.221132 184.427989 1.431646 1.659722 4.031461 -2.735507 0.216560 54.952707 -10.000000 7.009762 
19 6 Pedestrian -1.000000 -1 -0.180433 970.148005 158.596141 995.950036 219.242428 1.831136 0.667334 0.902490 11.573401 1.160360 21.105524 -10.000000 4.204605 
19 5 Car -1.000000 -1 -1.337018 527.223137 167.475776 551.683874 191.304488 1.517554 1.659722 4.031461 -4.092946 0.529596 44.369816 -10.000000 1.317902 
20 2 Car -1.000000 -1 -1.825214 506.299907 165.699499 545.681732 196.594682 1.547836 1.659722 4.031461 -3.923161 0.766405 35.332127 -10.000000 11.595207 
20 4 Car -1.000000 -1 -1.736071 561.548345 166.472904 586.058091 184.441503 1.408594 1.659722 4.031461 -2.395609 0.207018 54.294540 -10.000000 7.585855 
20 6 Pedestrian -1.000000 -1 -6.010721 971.109978 158.321344 1000.122341 220.687322 1.813377 0.667334 0.902490 11.590865 1.177148 20.924719 -10.000000 4.656407 
20 5 Car -1.000000 -1 -1.531672 530.392208 166.981920 555.442797 190.922447 1.495911 1.659722 4.031461 -3.859671 0.508476 44.094187 -10.000000 0.845564 
21 2 Car -1.000000 -1 -1.628416 509.428454 164.832587 548.386715 196.377472 1.559107 1.659722 4.031461 -3.771305 0.747207 34.707403 -10.000000 12.060839 
21 4 Car -1.000000 -1 -1.599283 566.133276 164.544350 588.472180 183.255224 1.416933 1.659722 4.031461 -2.132990 0.172904 53.903476 -10.000000 8.125110 
21 6 Pedestrian -1.000000 -1 -5.882983 975.730142 157.601809 1006.104050 220.372833 1.832108 0.667334 0.902490 11.600626 1.177295 20.710062 -10.000000 5.190787 
21 5 Car -1.000000 -1 -1.718474 536.981498 165.752004 558.134821 189.904424 1.500933 1.659722 4.031461 -3.532382 0.479682 43.637482 -10.000000 1.922053 
22 2 Car -1.000000 -1 -1.859448 512.909076 163.981808 550.387170 195.606004 1.551151 1.659722 4.031461 -3.523107 0.681244 34.046863 -10.000000 12.531569 
22 4 Car -1.000000 -1 -1.693749 570.520026 163.295644 592.057980 181.850730 1.432313 1.659722 4.031461 -1.826032 0.046687 53.657386 -10.000000 8.572486 
22 6 Pedestrian -1.000000 -1 -5.317011 985.711208 157.849185 1011.812731 219.429968 1.801424 0.667334 0.902490 11.686451 1.164131 20.562336 -10.000000 5.712882 
22 5 Car -1.000000 -1 -1.590832 539.805675 164.484453 561.702254 188.912236 1.501994 1.659722 4.031461 -3.288374 0.390854 42.973906 -10.000000 2.669695 
22 7 Car -1.000000 -1 -1.316338 1148.043413 167.622350 1207.038875 215.719175 1.208498 1.659722 4.031461 18.331745 1.112709 22.718895 -10.000000 0.236086 
23 2 Car -1.000000 -1 -1.608194 516.384645 164.425133 554.676458 196.873441 1.540912 1.659722 4.031461 -3.273110 0.730329 33.464365 -10.000000 13.019504 
23 4 Car -1.000000 -1 -1.385534 574.612687 163.897639 595.662691 182.442786 1.415624 1.659722 4.031461 -1.513408 0.112445 53.349555 -10.000000 9.133120 
23 6 Pedestrian -1.000000 -1 -5.651985 1000.457736 163.016247 1019.014443 221.868238 1.730343 0.667334 0.902490 11.769839 1.189397 20.326238 -10.000000 6.129168 
23 5 Car -1.000000 -1 -1.915625 544.329884 165.033236 567.056295 189.503121 1.490846 1.659722 4.031461 -2.965908 0.445340 42.585621 -10.000000 3.439445 
23 7 Car -1.000000 -1 -1.238356 1157.972410 164.614994 1224.000000 217.791465 1.703541 1.659722 4.031461 18.356235 1.152596 22.159120 -10.000000 0.915704 
24 2 Car -1.000000 -1 -1.761651 520.415514 165.016419 560.743884 198.087428 1.548828 1.659722 4.031461 -2.973541 0.739140 32.710059 -10.000000 13.456450 
24 4 Car -1.000000 -1 -1.506591 577.814826 164.965557 600.514047 183.459956 1.406947 1.659722 4.031461 -1.201456 0.088744 52.888410 -10.000000 9.664225 
24 6 Pedestrian -1.000000 -1 -5.302227 1008.645949 164.126019 1024.903789 223.172168 1.670866 0.667334 0.902490 11.846880 1.184780 20.033535 -10.000000 4.971896 
24 5 Car -1.000000 -1 -1.800636 550.960296 165.997806 572.846966 190.524579 1.476811 1.659722 4.031461 -2.517233 0.444125 41.837910 -10.000000 3.994241 
24 7 Car -1.000000 -1 -1.335183 1170.177692 172.741690 1224.000000 217.070986 1.660978 1.659722 4.031461 18.488384 1.146385 21.693275 -10.000000 1.443957 
25 2 Car -1.000000 -1 -1.750746 523.767599 165.411245 565.218998 198.558549 1.533052 1.659722 4.031461 -2.729491 0.790627 32.086678 -10.000000 13.927697 
25 4 Car -1.000000 -1 -1.573685 581.001116 165.010504 604.462269 183.641702 1.398313 1.659722 4.031461 -0.897395 0.155855 52.370051 -10.000000 10.197791 
25 6 Pedestrian -1.000000 -1 -4.716018 1012.812005 159.557140 1031.145225 219.642691 1.670409 0.667334 0.902490 12.048161 1.167621 20.052128 -10.000000 6.278657 
25 5 Car -1.000000 -1 -1.222378 546.428420 165.315200 574.916155 190.782269 1.481073 1.659722 4.031461 -2.670001 0.511505 41.005137 -10.000000 4.384586 
26 2 Car -1.000000 -1 -1.795078 526.499291 163.899121 570.280038 197.895675 1.520589 1.659722 4.031461 -2.492197 0.757819 31.339110 -10.000000 14.352748 
26 4 Car -1.000000 -1 -1.657111 584.906426 163.720767 608.369713 182.403355 1.392964 1.659722 4.031461 -0.601615 0.079140 51.820898 -10.000000 10.749574 
26 6 Pedestrian -1.000000 -1 -5.510459 1017.573524 157.155698 1037.923566 219.640581 1.714746 0.667334 0.902490 12.083413 1.141702 19.860327 -10.000000 6.744684 
26 5 Car -1.000000 -1 -2.043503 553.302378 164.781933 577.755471 190.720465 1.495594 1.659722 4.031461 -2.101476 0.470553 40.005718 -10.000000 4.797618 
27 2 Car -1.000000 -1 -1.851769 527.746928 163.985615 576.661293 198.622045 1.520733 1.659722 4.031461 -2.226296 0.749368 30.634168 -10.000000 14.734771 
27 4 Car -1.000000 -1 -1.628844 588.932827 164.622849 610.183134 182.408673 1.353840 1.659722 4.031461 -0.369988 0.049506 51.517783 -10.000000 11.115183 
27 6 Pedestrian -1.000000 -1 -4.585266 1023.885478 157.411142 1044.477203 219.231346 1.726162 0.667334 0.902490 12.227960 1.155967 19.824995 -10.000000 7.266997 
27 5 Car -1.000000 -1 -1.235929 557.666404 164.427416 579.490845 190.729519 1.478612 1.659722 4.031461 -1.907833 0.452206 39.461349 -10.000000 3.829905 
27 8 Pedestrian -1.000000 -1 -4.658748 1008.297616 157.950650 1028.876968 216.335868 1.759292 0.667334 0.902490 12.208281 1.137464 20.371246 -10.000000 1.345919 
28 2 Car -1.000000 -1 -1.590791 529.256691 165.122946 575.081937 200.244105 1.509702 1.659722 4.031461 -2.254612 0.802513 30.327040 -10.000000 15.056257 
28 4 Car -1.000000 -1 -5.710052 588.114124 165.309342 610.448539 182.910503 1.301911 1.659722 4.031461 -0.346173 0.129449 51.601523 -10.000000 11.568899 
28 6 Pedestrian -1.000000 -1 -5.108326 1018.438338 157.449434 1049.037450 220.417360 1.723215 0.667334 0.902490 12.242983 1.176175 19.734355 -10.000000 7.637712 
28 5 Car -1.000000 -1 -1.989192 559.077472 164.293419 582.903277 191.141409 1.483852 1.659722 4.031461 -1.820311 0.528727 38.954185 -10.000000 5.202550 
28 8 Pedestrian -1.000000 -1 -5.078716 1012.333223 158.765977 1031.368850 219.171315 1.645021 0.667334 0.902490 12.248260 1.160575 20.224392 -10.000000 1.913223 
29 2 Car -1.000000 -1 -1.698295 528.455693 165.962218 570.206176 201.510201 1.508161 1.659722 4.031461 -2.353108 0.849672 29.880919 -10.000000 15.418753 
29 4 Car -1.000000 -1 -4.640396 588.556130 167.021001 610.027271 184.193082 1.283729 1.659722 4.031461 -0.298703 0.188323 51.665461 -10.000000 11.948882 
29 6 Pedestrian -1.000000 -1 -4.734560 1022.746668 159.084349 1050.678331 222.199521 1.738333 0.667334 0.902490 12.218411 1.208005 19.636787 -10.000000 8.082045 
29 5 Car -1.000000 -1 -1.594849 556.007373 165.806573 581.429950 193.166189 1.493529 1.659722 4.031461 -1.883999 0.597042 38.171061 -10.000000 5.846436 
29 8 Pedestrian -1.000000 -1 -4.992021 1011.920597 159.137867 1035.234411 224.940078 1.782565 0.667334 0.902490 12.061902 1.202551 19.799182 -10.000000 2.471630 
30 2 Car -1.000000 -1 -0.952382 523.791193 168.341911 566.421020 204.429294 1.507406 1.659722 4.031461 -2.425545 0.972118 29.511313 -10.000000 15.723681 
30 4 Car -1.000000 -1 -4.836198 589.175781 170.244939 607.149213 187.590603 1.273241 1.659722 4.031461 -0.370543 0.385299 51.956717 -10.000000 12.152113 
30 6 Pedestrian -1.000000 -1 -4.879250 1020.118176 161.298022 1043.929654 224.998628 1.740694 0.667334 0.902490 12.164079 1.278586 19.647764 -10.000000 8.538664 
30 5 Car -1.000000 -1 -1.630593 553.510383 168.268910 578.287486 195.870759 1.485675 1.659722 4.031461 -1.982952 0.753890 37.820207 -10.000000 6.331510 
30 8 Pedestrian -1.000000 -1 -5.800127 1001.875919 159.117543 1032.457273 227.052404 1.865553 0.667334 0.902490 11.832177 1.281176 19.510387 -10.000000 2.941444 
31 2 Car -1.000000 -1 -1.512179 518.156365 169.679072 562.216654 206.204569 1.507161 1.659722 4.031461 -2.572356 0.988487 28.813093 -10.000000 16.046933 
31 4 Car -1.000000 -1 -5.537742 581.779071 170.100303 600.791509 187.436403 1.286513 1.659722 4.031461 -0.918632 0.390426 51.541836 -10.000000 12.472866 
31 6 Pedestrian -1.000000 -1 -5.286300 1014.592934 163.818852 1036.404057 227.748999 1.753089 0.667334 0.902490 11.929550 1.309830 19.511418 -10.000000 8.988093 
31 5 Car -1.000000 -1 -1.552462 547.381347 168.637087 573.231912 196.740130 1.485279 1.659722 4.031461 -2.243806 0.773834 36.920641 -10.000000 6.869799 
31 8 Pedestrian -1.000000 -1 -0.528295 995.569935 160.824919 1025.180299 229.132816 1.863914 0.667334 0.902490 11.524996 1.314943 19.243258 -10.000000 3.484659 
32 2 Car -1.000000 -1 -1.702120 510.893066 169.532731 555.558106 206.627039 1.495686 1.659722 4.031461 -2.784616 1.001906 28.087673 -10.000000 16.353032 
32 4 Car -1.000000 -1 -5.081919 572.582114 169.173326 594.334994 186.906415 1.292021 1.659722 4.031461 -1.438249 0.408414 50.797574 -10.000000 12.787638 
32 6 Pedestrian -1.000000 -1 -5.170304 1008.200266 161.843350 1031.224771 227.442858 1.771009 0.667334 0.902490 11.645002 1.312447 19.368472 -10.000000 9.347386 
32 5 Car -1.000000 -1 -1.811956 542.462667 168.451816 565.519660 196.753779 1.475138 1.659722 4.031461 -2.475140 0.787691 36.247694 -10.000000 7.281852 
32 8 Pedestrian -1.000000 -1 -5.722757 991.962888 162.340701 1016.117834 227.446079 1.803977 0.667334 0.902490 11.324593 1.314152 19.237038 -10.000000 4.001758 
33 2 Car -1.000000 -1 -1.712369 502.042966 166.870725 547.533826 204.899271 1.487021 1.659722 4.031461 -3.031372 0.949867 27.432130 -10.000000 16.667192 
33 4 Car -1.000000 -1 -0.651946 561.768297 167.040204 584.787142 185.384502 1.310126 1.659722 4.031461 -2.122231 0.303322 50.306171 -10.000000 13.135381 
33 6 Pedestrian -1.000000 -1 -5.576993 996.089305 160.124317 1019.797066 226.046322 1.788214 0.667334 0.902490 11.395406 1.293702 19.265013 -10.000000 7.731966 
33 5 Car -1.000000 -1 -1.698619 537.741756 166.704781 558.661563 195.878234 1.470214 1.659722 4.031461 -2.710973 0.729084 35.245839 -10.000000 7.671591 
33 8 Pedestrian -1.000000 -1 -5.863404 984.169423 161.108230 1007.978748 226.382655 1.751548 0.667334 0.902490 11.075144 1.292592 19.218033 -10.000000 4.536093 
34 2 Car -1.000000 -1 -1.691690 491.962122 165.928329 537.897979 205.302168 1.494363 1.659722 4.031461 -3.299390 0.925200 26.493025 -10.000000 16.943876 
34 4 Car -1.000000 -1 -1.660265 555.149277 165.840407 576.943444 184.262436 1.321653 1.659722 4.031461 -2.567816 0.220012 49.748828 -10.000000 13.333872 
34 6 Pedestrian -1.000000 -1 -5.298046 989.921520 158.504886 1013.710543 224.229755 1.779088 0.667334 0.902490 11.131593 1.252132 19.320601 -10.000000 9.308187 
34 5 Car -1.000000 -1 -1.605981 527.187165 166.077728 549.658731 196.030068 1.475114 1.659722 4.031461 -3.196312 0.684835 34.384069 -10.000000 8.236535 
34 8 Pedestrian -1.000000 -1 -5.008482 973.600772 158.826517 998.964407 224.328600 1.762123 0.667334 0.902490 10.803033 1.252183 19.238656 -10.000000 5.084366 
35 2 Car -1.000000 -1 -1.725700 479.283993 165.556978 527.282078 206.423194 1.498934 1.659722 4.031461 -3.595604 0.946232 25.643184 -10.000000 17.194955 
35 4 Car -1.000000 -1 -1.137945 542.031927 166.042703 565.980822 184.807310 1.319074 1.659722 4.031461 -3.434911 0.244971 48.799716 -10.000000 13.685678 
35 6 Pedestrian -1.000000 -1 -4.998059 978.984956 158.049415 1000.936571 223.410405 1.773339 0.667334 0.902490 10.840417 1.244270 19.404777 -10.000000 9.650653 
35 5 Car -1.000000 -1 -1.691125 512.369325 165.380691 539.513489 196.206057 1.475733 1.659722 4.031461 -3.686043 0.708775 33.448318 -10.000000 8.706182 
35 8 Pedestrian -1.000000 -1 -4.956048 958.890321 158.914560 987.621639 222.893556 1.746701 0.667334 0.902490 10.511466 1.244189 19.325709 -10.000000 5.630721 
36 2 Car -1.000000 -1 -1.797457 465.417493 166.322350 519.801642 209.019896 1.507327 1.659722 4.031461 -3.848417 0.994585 24.843977 -10.000000 17.406490 
36 4 Car -1.000000 -1 -1.586073 526.935172 167.886318 551.482389 186.668647 1.310892 1.659722 4.031461 -4.334362 0.319857 47.914144 -10.000000 13.910238 
36 6 Pedestrian -1.000000 -1 -4.927421 964.343078 159.851866 986.531806 225.434008 1.780004 0.667334 0.902490 10.490379 1.259355 19.478312 -10.000000 9.931004 
36 5 Car -1.000000 -1 -1.525078 493.698916 166.779902 522.375747 198.104051 1.464846 1.659722 4.031461 -4.202801 0.764060 32.676974 -10.000000 7.182044 
36 8 Pedestrian -1.000000 -1 -5.004912 944.849944 160.688511 973.709534 224.186593 1.725216 0.667334 0.902490 10.144906 1.259499 19.383342 -10.000000 6.112977 
37 2 Car -1.000000 -1 -1.655347 449.936587 167.342179 503.714305 211.664913 1.518916 1.659722 4.031461 -4.276776 1.044489 23.871993 -10.000000 17.705778 
37 4 Car -1.000000 -1 -1.332902 512.360514 168.606737 535.301916 187.363635 1.285950 1.659722 4.031461 -5.256544 0.382831 47.003045 -10.000000 14.098120 
37 6 Pedestrian -1.000000 -1 -4.867823 949.726354 158.512311 973.297314 223.257433 1.780352 0.667334 0.902490 10.104637 1.232944 19.554564 -10.000000 10.199506 
37 5 Car -1.000000 -1 -1.579399 476.746878 168.315227 505.423710 200.024678 1.447261 1.659722 4.031461 -4.760600 0.814666 31.883321 -10.000000 5.874884 
37 8 Pedestrian -1.000000 -1 -4.899322 932.223191 159.962876 956.522025 223.064161 1.721399 0.667334 0.902490 9.745584 1.234171 19.453557 -10.000000 6.508244 
38 2 Car -1.000000 -1 -1.851250 432.927726 165.886855 486.978629 212.023571 1.517624 1.659722 4.031461 -4.614828 1.011132 22.946328 -10.000000 17.957582 
38 4 Car -1.000000 -1 -1.347618 496.030655 167.507492 520.458623 186.136658 1.257488 1.659722 4.031461 -6.171499 0.285996 46.333602 -10.000000 14.253696 
38 6 Pedestrian -1.000000 -1 -4.999854 923.090301 157.182964 945.595039 220.772257 1.759215 0.667334 0.902490 9.618035 1.186441 19.691183 -10.000000 10.411168 
38 8 Pedestrian -1.000000 -1 -4.954195 917.155559 158.051050 939.181512 220.794326 1.716646 0.667334 0.902490 9.319967 1.189645 19.535054 -10.000000 6.892187 
38 5 Car -1.000000 -1 -1.672779 474.396224 165.436208 498.824174 198.069881 1.484748 1.659722 4.031461 -5.150604 0.750708 31.349621 -10.000000 4.554424 
39 2 Car -1.000000 -1 -1.703261 414.460364 162.702956 473.212551 210.802471 1.516831 1.659722 4.031461 -4.936542 0.976364 22.044675 -10.000000 18.177446 
39 4 Car -1.000000 -1 -1.337988 476.404749 165.212181 501.626104 184.042523 1.221087 1.659722 4.031461 -7.166867 0.178670 45.672068 -10.000000 11.939811 
39 6 Pedestrian -1.000000 -1 -5.211388 901.562910 154.346093 926.319305 218.953163 1.766017 0.667334 0.902490 9.042583 1.134940 19.673626 -10.000000 10.800301 
39 8 Pedestrian -1.000000 -1 -5.145593 898.764789 155.649168 923.457454 219.892739 1.737180 0.667334 0.902490 8.804307 1.139564 19.493499 -10.000000 7.261154 
39 5 Car -1.000000 -1 -1.840653 455.292097 164.135035 479.237013 197.312676 1.449502 1.659722 4.031461 -5.724962 0.689668 30.538782 -10.000000 3.621333 
40 2 Car -1.000000 -1 -1.706024 393.695859 161.637573 452.640256 211.333880 1.510227 1.659722 4.031461 -5.355662 0.930608 21.067779 -10.000000 18.442004 
40 4 Car -1.000000 -1 -1.625842 464.172651 163.961198 486.305356 182.841602 1.228403 1.659722 4.031461 -8.055569 0.067685 44.755935 -10.000000 13.943779 
40 8 Pedestrian -1.000000 -1 -4.984032 875.192088 156.036672 905.981355 220.080923 1.756291 0.667334 0.902490 8.276967 1.145108 19.551861 -10.000000 7.715044 
40 6 Pedestrian -1.000000 -1 -4.896147 898.458652 157.496125 924.890346 222.129149 1.740059 0.667334 0.902490 8.716816 1.161245 19.240225 -10.000000 7.276499 
40 5 Car -1.000000 -1 -1.753020 440.948287 162.391378 465.631571 196.755304 1.451624 1.659722 4.031461 -6.145165 0.638735 29.121748 -10.000000 4.823563 
40 9 Car -1.000000 -1 -1.728851 1150.968591 165.208948 1221.686262 227.089993 1.545879 1.659722 4.031461 15.941369 1.241050 19.402315 -10.000000 0.679326 
41 2 Car -1.000000 -1 -1.815262 370.961212 164.217869 432.148346 216.593017 1.504680 1.659722 4.031461 -5.653598 1.012883 19.969553 -10.000000 18.675860 
41 4 Car -1.000000 -1 -0.414567 445.364185 165.810330 466.212646 184.831085 1.213535 1.659722 4.031461 -9.205032 0.194866 44.283857 -10.000000 14.156324 
41 8 Pedestrian -1.000000 -1 -5.394595 857.111655 158.228648 890.245431 222.839366 1.761256 0.667334 0.902490 7.705686 1.187379 19.493753 -10.000000 8.073853 
41 6 Pedestrian -1.000000 -1 -5.088088 879.634874 158.267348 903.470868 223.162549 1.745970 0.667334 0.902490 8.181588 1.199400 19.294840 -10.000000 7.724146 
41 5 Car -1.000000 -1 -1.661789 421.087371 164.963132 446.859063 200.143293 1.431440 1.659722 4.031461 -6.800667 0.728691 28.449168 -10.000000 5.342647 
41 9 Car -1.000000 -1 -1.640579 1134.522338 162.798706 1222.161003 229.024932 1.549271 1.659722 4.031461 15.488398 1.285852 19.316362 -10.000000 1.397731 
42 2 Car -1.000000 -1 -1.717003 345.256000 167.315515 409.929370 222.138846 1.498082 1.659722 4.031461 -6.027794 1.088087 19.003875 -10.000000 18.897559 
42 4 Car -1.000000 -1 -1.286762 418.318148 167.891853 442.519304 187.729983 1.222972 1.659722 4.031461 -10.616388 0.325372 43.285188 -10.000000 14.407099 
42 8 Pedestrian -1.000000 -1 -5.131562 837.566312 159.533372 866.288388 224.298872 1.769592 0.667334 0.902490 7.074512 1.227408 19.463977 -10.000000 8.452638 
42 6 Pedestrian -1.000000 -1 -5.016968 859.906810 159.477975 881.612989 224.512092 1.757257 0.667334 0.902490 7.570008 1.238318 19.288241 -10.000000 8.069131 
42 5 Car -1.000000 -1 -1.739890 396.785416 167.506895 422.895274 204.073706 1.429286 1.659722 4.031461 -7.447535 0.825556 27.425390 -10.000000 5.819444 
42 9 Car -1.000000 -1 -1.265446 1114.719441 162.783135 1220.303385 230.049894 1.575616 1.659722 4.031461 14.977815 1.325603 19.256823 -10.000000 2.044719 
43 2 Car -1.000000 -1 -1.817517 314.257161 170.263132 382.352729 227.923699 1.488730 1.659722 4.031461 -6.423102 1.156876 17.994786 -10.000000 19.094460 
43 4 Car -1.000000 -1 -1.265666 389.362885 169.650005 408.306875 190.589734 1.252933 1.659722 4.031461 -11.989047 0.470413 41.450097 -10.000000 14.486355 
43 8 Pedestrian -1.000000 -1 -5.161337 813.134106 161.498069 836.962252 225.221212 1.754976 0.667334 0.902490 6.371487 1.262119 19.503556 -10.000000 8.768157 
43 6 Pedestrian -1.000000 -1 -5.009306 834.038149 160.052593 857.660925 225.092250 1.760653 0.667334 0.902490 6.881632 1.273110 19.307989 -10.000000 8.352210 
43 5 Car -1.000000 -1 -1.537690 368.338405 169.524675 395.618219 206.618617 1.417301 1.659722 4.031461 -8.278309 0.906812 26.612759 -10.000000 6.245366 
43 9 Car -1.000000 -1 -1.572825 1089.612231 163.202939 1218.718205 230.998247 1.590831 1.659722 4.031461 14.386238 1.360056 19.243940 -10.000000 2.666891 
44 2 Car -1.000000 -1 -1.840408 280.194597 170.038619 352.845955 231.151557 1.485057 1.659722 4.031461 -6.676329 1.190108 16.676876 -10.000000 19.253184 
44 4 Car -1.000000 -1 -0.963548 353.759074 169.725906 370.132797 191.280179 1.239327 1.659722 4.031461 -13.453028 0.492522 40.369175 -10.000000 12.139350 
44 6 Pedestrian -1.000000 -1 -5.077436 807.733020 162.328558 831.456188 227.192662 1.757612 0.667334 0.902490 6.187555 1.314072 19.303801 -10.000000 7.916330 
44 5 Car -1.000000 -1 -1.549752 331.696100 168.748427 365.792431 206.919661 1.397274 1.659722 4.031461 -9.178526 0.928270 25.594066 -10.000000 6.754937 
44 8 Pedestrian -1.000000 -1 -5.152476 789.223006 162.936761 808.182630 226.425835 1.732352 0.667334 0.902490 5.698760 1.302888 19.460720 -10.000000 7.661611 
44 9 Car -1.000000 -1 -1.572349 1059.763197 164.449901 1216.798586 232.196077 1.610315 1.659722 4.031461 13.738898 1.427165 19.246620 -10.000000 3.262415 
45 2 Car -1.000000 -1 -1.829824 238.720030 172.122986 318.546962 237.970948 1.472678 1.659722 4.031461 -7.063759 1.240799 15.551576 -10.000000 19.453678 
45 4 Car -1.000000 -1 -1.328209 313.814601 170.675203 330.188324 192.552529 1.221292 1.659722 4.031461 -15.011046 0.585392 39.183023 -10.000000 10.126465 
45 6 Pedestrian -1.000000 -1 -4.786831 776.160233 163.170655 798.614042 226.877350 1.741241 0.667334 0.902490 5.394004 1.352770 19.516227 -10.000000 8.234883 
45 5 Car -1.000000 -1 -1.395314 291.073771 169.829778 331.772315 209.457748 1.387932 1.659722 4.031461 -10.138580 0.986787 24.714078 -10.000000 7.219454 
45 8 Pedestrian -1.000000 -1 -5.225397 755.365438 165.416446 781.821624 229.384895 1.737207 0.667334 0.902490 4.832011 1.346850 19.376270 -10.000000 7.986176 
45 9 Car -1.000000 -1 -1.572808 1029.180076 166.145944 1205.407020 234.503944 1.630550 1.659722 4.031461 13.023601 1.481045 19.269915 -10.000000 3.844340 
46 2 Car -1.000000 -1 -1.901556 191.595073 175.081250 280.950427 245.199089 1.460421 1.659722 4.031461 -7.394789 1.298458 14.442083 -10.000000 19.625605 
46 4 Car -1.000000 -1 -1.106139 268.842365 173.448690 285.216088 195.701915 1.201005 1.659722 4.031461 -16.660821 0.696095 37.868855 -10.000000 8.400135 
46 6 Pedestrian -1.000000 -1 -5.444256 729.871772 165.197488 755.416752 229.786209 1.747981 0.667334 0.902490 4.333259 1.384426 19.410411 -10.000000 8.520144 
46 5 Car -1.000000 -1 -1.035166 247.832948 171.835670 291.154936 212.142124 1.370909 1.659722 4.031461 -11.241751 1.051905 23.987515 -10.000000 7.596444 
46 8 Pedestrian -1.000000 -1 -5.217238 721.312540 165.851236 749.771391 230.921555 1.751946 0.667334 0.902490 3.885616 1.380688 19.244161 -10.000000 8.312701 
46 9 Car -1.000000 -1 -3.154578 997.193046 166.905285 1169.405538 234.614997 1.836773 1.659722 4.031461 13.228487 1.523269 19.409821 -10.000000 4.391950 
47 2 Car -1.000000 -1 -1.870396 135.731948 177.771020 237.255962 253.256851 1.444997 1.659722 4.031461 -7.788723 1.344705 13.393918 -10.000000 19.770672 
47 4 Car -1.000000 -1 -1.106139 218.856247 175.603874 235.229970 198.291145 1.178459 1.659722 4.031461 -18.347250 0.800722 36.433639 -10.000000 6.919567 
47 6 Pedestrian -1.000000 -1 -5.049200 692.741025 166.334714 717.915112 232.100346 1.772498 0.667334 0.902490 3.244575 1.419940 19.248604 -10.000000 8.896180 
47 5 Car -1.000000 -1 -6.268733 200.723599 173.538305 247.041986 214.753315 1.348480 1.659722 4.031461 -12.343332 1.111909 23.219587 -10.000000 7.922351 
47 8 Pedestrian -1.000000 -1 -5.401948 679.666918 166.754118 707.557547 232.177909 1.757647 0.667334 0.902490 2.936324 1.418265 19.059107 -10.000000 6.844580 
47 9 Car -1.000000 -1 -3.062250 966.586121 169.003258 1131.676459 235.498485 1.834802 1.659722 4.031461 12.408812 1.555280 19.690613 -10.000000 5.030817 
47 10 Car -1.000000 -1 -5.401623 246.335876 174.813141 273.896787 194.808242 1.024895 1.659722 4.031461 -17.701500 0.807881 36.609058 -10.000000 1.138048 
48 2 Car -1.000000 -1 -1.964482 71.440050 178.838260 188.281746 260.675312 1.439095 1.659722 4.031461 -8.139209 1.374035 12.313274 -10.000000 19.952284 
48 4 Car -1.000000 -1 -1.106139 163.863188 177.411026 180.236911 200.603566 1.153333 1.659722 4.031461 -20.064591 0.850539 34.865416 -10.000000 5.649773 
48 6 Pedestrian -1.000000 -1 -5.434498 654.284645 165.892728 676.757309 231.631503 1.771234 0.667334 0.902490 2.127014 1.426478 19.181169 -10.000000 9.200723 
48 5 Car -1.000000 -1 -0.612494 144.680019 174.422148 197.234998 217.806066 1.347912 1.659722 4.031461 -13.372183 1.146289 22.079402 -10.000000 8.310678 
48 8 Pedestrian -1.000000 -1 -5.468411 637.702052 166.510694 665.592680 232.312129 1.747617 0.667334 0.902490 1.937038 1.428782 18.838005 -10.000000 5.585461 
48 9 Car -1.000000 -1 -3.351137 931.889045 169.712661 1093.478019 235.638470 1.846082 1.659722 4.031461 11.576160 1.557999 20.007887 -10.000000 5.704527 
48 10 Car -1.000000 -1 -5.315640 195.951745 175.599664 224.557358 196.426516 1.054803 1.659722 4.031461 -19.694558 0.844224 35.654502 -10.000000 1.657130 
49 2 Car -1.000000 -1 -1.969505 0.000000 179.153809 133.698621 267.794821 1.425326 1.659722 4.031461 -8.353048 1.374438 11.120457 -10.000000 20.146636 
49 4 Car -1.000000 -1 -1.106139 101.866658 175.997746 118.240381 199.781184 1.125373 1.659722 4.031461 -21.782400 0.818367 33.159112 -10.000000 4.560747 
49 5 Car -1.000000 -1 -5.189502 75.130315 173.125820 140.618009 217.369917 1.328263 1.659722 4.031461 -14.741818 1.116588 21.191462 -10.000000 8.717329 
49 8 Pedestrian -1.000000 -1 -5.848825 613.685223 164.685765 637.685801 232.454090 1.766070 0.667334 0.902490 0.874922 1.389702 18.648273 -10.000000 6.608045 
49 6 Pedestrian -1.000000 -1 -5.322967 633.827117 165.867668 661.288305 230.267602 1.735749 0.667334 0.902490 1.482566 1.391479 19.096282 -10.000000 6.412432 
49 9 Car -1.000000 -1 -5.133554 893.210411 167.641028 1050.021681 233.119018 1.859013 1.659722 4.031461 10.435446 1.508220 20.100057 -10.000000 6.330302 
49 10 Car -1.000000 -1 -5.539897 132.431047 173.399788 160.940241 194.663313 1.030378 1.659722 4.031461 -21.531729 0.802920 34.343910 -10.000000 1.136499 
50 4 Car -1.000000 -1 -1.106139 32.868393 176.427731 49.242117 200.892634 1.094876 1.659722 4.031461 -23.436977 0.796212 31.344964 -10.000000 3.626756 
50 5 Car -1.000000 -1 -5.054549 0.064444 173.362475 74.854448 214.050687 1.228457 1.659722 4.031461 -16.885290 1.065287 21.230157 -10.000000 8.976166 
50 8 Pedestrian -1.000000 -1 -5.299101 566.636519 161.669215 595.943672 230.513769 1.775045 0.667334 0.902490 -0.258507 1.346552 18.344372 -10.000000 7.088575 
50 6 Pedestrian -1.000000 -1 -5.667006 591.685138 163.016133 616.720888 229.984856 1.746083 0.667334 0.902490 0.341065 1.347951 18.736359 -10.000000 6.921255 
50 9 Car -1.000000 -1 -4.610349 856.072338 165.123126 1006.875960 231.157472 1.870165 1.659722 4.031461 9.278873 1.447891 20.092977 -10.000000 6.958155 
50 10 Car -1.000000 -1 -1.338129 66.816649 174.337355 93.056366 199.504638 1.109687 1.659722 4.031461 -22.469089 0.825836 30.425206 -10.000000 1.914652 
51 8 Pedestrian -1.000000 -1 -5.752749 521.586030 160.954919 558.854188 231.228068 1.770526 0.667334 0.902490 -1.339711 1.309100 17.914063 -10.000000 7.475956 
51 6 Pedestrian -1.000000 -1 -5.107550 550.547595 161.806883 572.463756 229.066078 1.752137 0.667334 0.902490 -0.790099 1.305069 18.467482 -10.000000 7.399931 
51 9 Car -1.000000 -1 -0.209993 819.029666 162.851413 966.630359 229.233080 1.880077 1.659722 4.031461 8.150890 1.385139 19.998328 -10.000000 7.594440 
51 10 Car -1.000000 -1 -0.390202 0.000000 172.587454 8.618915 200.030520 1.120546 1.659722 4.031461 -23.995832 0.821545 28.639084 -10.000000 1.357360 
52 8 Pedestrian -1.000000 -1 -5.513598 479.007966 160.052701 510.843674 231.726968 1.761305 0.667334 0.902490 -2.424316 1.285208 17.444873 -10.000000 7.911148 
52 6 Pedestrian -1.000000 -1 -5.807192 504.900591 160.842864 528.084310 229.777805 1.741147 0.667334 0.902490 -1.908638 1.279961 18.005114 -10.000000 7.847168 
52 9 Car -1.000000 -1 -0.386780 784.627248 162.283700 927.228532 228.653818 1.872437 1.659722 4.031461 7.046677 1.349526 19.848901 -10.000000 8.204328 
53 8 Pedestrian -1.000000 -1 -5.523645 435.600130 159.089376 461.913913 232.958610 1.752500 0.667334 0.902490 -3.494080 1.266310 16.949722 -10.000000 8.256067 
53 6 Pedestrian -1.000000 -1 -5.383171 455.441362 160.336092 484.655188 231.311923 1.743203 0.667334 0.902490 -3.003942 1.261208 17.466849 -10.000000 8.270393 
53 9 Car -1.000000 -1 -0.209032 747.649776 161.117910 887.944510 227.987800 1.860628 1.659722 4.031461 5.923048 1.321165 19.716963 -10.000000 8.809179 
54 8 Pedestrian -1.000000 -1 -5.575453 384.335451 160.361891 410.058688 236.836399 1.752639 0.667334 0.902490 -4.543412 1.292960 16.350982 -10.000000 8.621377 
54 6 Pedestrian -1.000000 -1 -5.605267 406.705448 161.776355 437.833089 235.113226 1.738917 0.667334 0.902490 -4.078758 1.285873 16.902551 -10.000000 8.664967 
54 9 Car -1.000000 -1 -0.491550 711.008252 160.808211 848.413461 228.798726 1.865068 1.659722 4.031461 4.799790 1.315833 19.397190 -10.000000 9.398745 
55 8 Pedestrian -1.000000 -1 -5.407970 327.443188 161.749608 358.222425 240.888930 1.745012 0.667334 0.902490 -5.572743 1.317485 15.708099 -10.000000 8.981443 
55 6 Pedestrian -1.000000 -1 -5.494952 354.709622 161.747031 383.201415 237.605088 1.732917 0.667334 0.902490 -5.155665 1.309641 16.319665 -10.000000 9.049083 
55 9 Car -1.000000 -1 -0.070183 674.257248 161.950029 810.948480 230.589409 1.858886 1.659722 4.031461 3.734054 1.337163 19.127161 -10.000000 9.986384 
56 8 Pedestrian -1.000000 -1 -5.605824 265.100598 163.441648 304.315782 245.747300 1.730568 0.667334 0.902490 -6.550840 1.342931 14.953194 -10.000000 9.306794 
56 6 Pedestrian -1.000000 -1 -5.517319 296.666240 162.207166 326.419512 242.317849 1.739837 0.667334 0.902490 -6.189377 1.335798 15.604069 -10.000000 9.400885 
56 9 Car -1.000000 -1 -0.303349 635.867607 164.761606 774.171265 234.095073 1.842831 1.659722 4.031461 2.667908 1.374839 18.835779 -10.000000 10.539334 
57 8 Pedestrian -1.000000 -1 -5.495544 200.998508 162.921739 240.700836 249.357285 1.715162 0.667334 0.902490 -7.496123 1.357834 14.148930 -10.000000 9.612314 
57 6 Pedestrian -1.000000 -1 -5.231635 233.290554 162.501257 268.029848 245.324479 1.732584 0.667334 0.902490 -7.217920 1.351562 14.891419 -10.000000 9.686138 
57 9 Car -1.000000 -1 -0.161978 597.247157 165.781521 735.623929 236.153407 1.832141 1.659722 4.031461 1.620888 1.425854 18.476552 -10.000000 11.106819 
57 11 Car -1.000000 -1 -4.810922 1053.431787 172.231155 1101.045957 199.334125 2.068948 1.659722 4.031461 37.528484 1.413579 56.008047 -10.000000 0.329893 
58 8 Pedestrian -1.000000 -1 -5.573101 127.806109 161.808711 164.540223 254.230534 1.709667 0.667334 0.902490 -8.419006 1.370322 13.270671 -10.000000 9.878780 
58 6 Pedestrian -1.000000 -1 -5.686939 155.318124 163.058876 203.431707 250.905505 1.719237 0.667334 0.902490 -8.151198 1.368005 13.975677 -10.000000 9.995189 
58 9 Car -1.000000 -1 -5.344450 555.750399 168.120029 697.420708 239.454769 1.818102 1.659722 4.031461 0.566343 1.481745 18.119388 -10.000000 11.629599 
58 11 Car -1.000000 -1 -4.988756 998.682830 176.777675 1044.686670 203.164439 2.113329 1.659722 4.031461 34.081676 1.682354 57.579664 -10.000000 1.082702 
59 8 Pedestrian -1.000000 -1 -5.600549 30.764164 165.678987 66.654304 261.780617 1.676993 0.667334 0.902490 -9.276345 1.385758 12.304076 -10.000000 8.187711 
59 6 Pedestrian -1.000000 -1 -5.437523 70.522450 162.874347 126.639549 257.606614 1.719957 0.667334 0.902490 -9.049852 1.384462 12.996687 -10.000000 10.296594 
59 9 Car -1.000000 -1 -0.024348 513.437224 168.921882 656.627205 242.347415 1.814068 1.659722 4.031461 -0.474896 1.507162 17.619962 -10.000000 12.146940 
59 11 Car -1.000000 -1 -5.210346 947.231077 178.335719 990.290670 203.386131 2.096814 1.659722 4.031461 30.473311 1.754626 58.870398 -10.000000 1.786231 
60 9 Car -1.000000 -1 -4.064812 468.513218 168.308234 616.860797 242.948765 1.802045 1.659722 4.031461 -1.471188 1.491668 17.244791 -10.000000 12.633234 
60 11 Car -1.000000 -1 -5.202305 898.303985 178.851004 939.990315 202.907468 2.033841 1.659722 4.031461 26.817767 1.782360 60.008681 -10.000000 2.499848 
61 9 Car -1.000000 -1 -0.234477 419.138216 165.633917 575.500268 242.714222 1.794579 1.659722 4.031461 -2.490672 1.471645 16.504823 -10.000000 13.129608 
61 11 Car -1.000000 -1 -5.561135 850.871843 175.254092 892.604427 199.160223 2.017326 1.659722 4.031461 22.995664 1.542189 60.715838 -10.000000 3.188829 
62 9 Car -1.000000 -1 -4.106097 365.571309 165.594388 529.956119 246.070545 1.786079 1.659722 4.031461 -3.471518 1.467433 15.832927 -10.000000 13.545062 
62 11 Car -1.000000 -1 -5.612389 804.310899 175.013273 846.355817 198.689160 2.026926 1.659722 4.031461 19.072276 1.459827 61.094674 -10.000000 3.918071 
62 12 Car -1.000000 -1 -2.902172 1045.314849 181.283555 1103.937088 224.435068 1.584893 1.659722 4.031461 17.651296 1.708297 26.496315 -10.000000 0.338342 
62 13 Car -1.000000 -1 -1.422387 1077.266034 192.930270 1200.388244 281.249993 1.449119 1.659722 4.031461 8.941849 1.688906 11.868582 -10.000000 0.446867 
63 9 Car -1.000000 -1 -0.188699 306.627222 165.754763 485.030624 250.274601 1.783079 1.659722 4.031461 -4.404931 1.477623 15.055267 -10.000000 13.990307 
63 11 Car -1.000000 -1 -5.840195 758.794062 176.844088 801.023262 200.658969 2.026669 1.659722 4.031461 15.080207 1.520851 61.026753 -10.000000 4.653277 
63 12 Car -1.000000 -1 -3.098118 997.476431 183.639616 1049.918451 226.862995 1.626762 1.659722 4.031461 16.055294 1.738923 26.998224 -10.000000 1.054181 
63 13 Car -1.000000 -1 -1.476524 1035.464799 195.956248 1159.101256 283.206527 1.508958 1.659722 4.031461 8.269217 1.702493 11.851717 -10.000000 1.317484 
64 9 Car -1.000000 -1 -0.168260 243.193055 164.661839 439.558477 253.616727 1.776155 1.659722 4.031461 -5.234908 1.456633 14.226089 -10.000000 14.440184 
64 11 Car -1.000000 -1 -5.957709 716.164320 177.461325 757.055513 201.281932 2.028957 1.659722 4.031461 11.286312 1.543288 60.640799 -10.000000 5.351214 
64 13 Car -1.000000 -1 -2.375455 997.587018 198.851277 1126.612794 285.086470 1.440637 1.659722 4.031461 7.739624 1.743361 11.913991 -10.000000 2.120445 
64 14 Car -1.000000 -1 -6.269023 989.268895 186.636824 1076.517681 242.189439 1.910274 1.659722 4.031461 13.610933 1.806543 22.668072 -10.000000 1.505941 
64 12 Car -1.000000 -1 -2.998220 954.650566 185.049141 1003.276473 226.076178 1.751851 1.659722 4.031461 15.299866 1.807720 28.774565 -10.000000 1.046949 
65 9 Car -1.000000 -1 -0.528478 173.112811 163.175789 389.125405 258.660791 1.776132 1.659722 4.031461 -5.898330 1.419982 13.019874 -10.000000 14.807088 
65 11 Car -1.000000 -1 -6.051184 673.183586 176.537545 714.169093 200.396607 2.013349 1.659722 4.031461 7.389650 1.443199 59.517566 -10.000000 5.992374 
65 13 Car -1.000000 -1 -5.921587 963.028082 197.998868 1092.765727 286.836384 1.453430 1.659722 4.031461 6.970781 1.753246 11.707362 -10.000000 2.893246 
65 14 Car -1.000000 -1 -6.188217 952.422074 187.677466 1034.912805 245.345514 1.848792 1.659722 4.031461 11.570284 1.805210 21.251414 -10.000000 2.208555 
65 12 Car -1.000000 -1 -5.651018 911.923580 185.337814 961.449531 224.844572 1.628931 1.659722 4.031461 13.785173 1.807524 29.233813 -10.000000 1.741054 
66 9 Car -1.000000 -1 -0.282678 94.286285 163.104808 333.286857 266.313005 1.752616 1.659722 4.031461 -6.598529 1.454187 12.041428 -10.000000 15.253403 
66 11 Car -1.000000 -1 -6.215227 632.463900 174.687328 674.833536 198.954184 1.994216 1.659722 4.031461 3.976908 1.363241 58.113982 -10.000000 6.637525 
66 13 Car -1.000000 -1 -1.242907 930.510228 195.400238 1064.846203 287.090103 1.484991 1.659722 4.031461 6.257174 1.705588 11.331989 -10.000000 3.670466 
66 14 Car -1.000000 -1 -6.188727 915.875371 185.669175 1001.055601 245.149413 1.792497 1.659722 4.031461 9.908696 1.720265 20.019804 -10.000000 2.902576 
66 12 Car -1.000000 -1 -5.847858 873.106617 181.993850 920.586190 222.577138 1.646374 1.659722 4.031461 12.072669 1.703555 29.149653 -10.000000 2.481653 
67 9 Car -1.000000 -1 -0.676549 10.713032 164.242374 276.749396 276.744451 1.743711 1.659722 4.031461 -7.011679 1.453748 10.878580 -10.000000 15.639058 
67 11 Car -1.000000 -1 -6.203345 594.458206 172.178785 638.725471 197.782952 2.009888 1.659722 4.031461 0.766511 1.266932 55.910423 -10.000000 7.150082 
67 13 Car -1.000000 -1 -5.693519 902.296816 191.671561 1040.648133 286.295394 1.475965 1.659722 4.031461 5.691698 1.654001 11.070661 -10.000000 4.472490 
67 14 Car -1.000000 -1 -6.157231 885.102626 182.156570 974.197774 245.692911 1.753842 1.659722 4.031461 8.291302 1.645169 18.340162 -10.000000 3.512944 
67 12 Car -1.000000 -1 -3.008859 842.256382 177.913804 888.205502 218.891411 1.687565 1.659722 4.031461 10.701596 1.609680 29.043125 -10.000000 3.197036 
68 9 Car -1.000000 -1 -1.329073 0.000000 160.746223 219.000960 284.553116 1.724875 1.659722 4.031461 -6.931966 1.430611 9.900202 -10.000000 15.745960 
68 11 Car -1.000000 -1 -0.046793 560.847166 169.965839 606.560340 196.615028 2.032698 1.659722 4.031461 -1.784717 1.104398 53.610738 -10.000000 7.677674 
68 13 Car -1.000000 -1 -6.231594 878.304997 189.532948 1027.649970 286.942939 1.471590 1.659722 4.031461 5.209652 1.607304 10.685926 -10.000000 5.267095 
68 14 Car -1.000000 -1 -6.197756 860.861761 180.351088 948.611522 245.196400 1.686116 1.659722 4.031461 7.439995 1.575330 17.797998 -10.000000 4.114608 
68 12 Car -1.000000 -1 -0.129634 815.412940 175.996154 865.708062 216.890038 1.674277 1.659722 4.031461 9.629151 1.505664 28.918523 -10.000000 3.863172 
69 9 Car -1.000000 -1 -0.826464 0.000000 155.306660 178.855939 275.395419 1.682840 1.659722 4.031461 -7.170609 1.422354 8.944033 -10.000000 15.710851 
69 11 Car -1.000000 -1 -0.009961 528.807321 168.857752 575.496207 196.261112 2.015964 1.659722 4.031461 -4.046681 0.968904 50.864476 -10.000000 8.131353 
69 13 Car -1.000000 -1 -0.809995 858.782350 189.339718 1022.201591 289.968744 1.460648 1.659722 4.031461 4.831832 1.575884 10.270332 -10.000000 6.068723 
69 14 Car -1.000000 -1 -6.124503 838.947525 181.008291 927.873975 246.401256 1.621609 1.659722 4.031461 6.552346 1.520843 16.952688 -10.000000 4.710241 
69 12 Car -1.000000 -1 -5.762363 791.254009 175.498286 841.346197 216.308242 1.657920 1.659722 4.031461 8.503455 1.408590 28.729776 -10.000000 4.448049 
70 11 Car -1.000000 -1 -0.066447 499.951430 167.157390 548.572890 196.235984 1.999001 1.659722 4.031461 -5.744110 0.946337 48.145863 -10.000000 8.556318 
70 13 Car -1.000000 -1 -6.025832 847.097843 191.240910 1020.719359 297.657668 1.459768 1.659722 4.031461 4.406293 1.575375 9.642676 -10.000000 6.751204 
70 14 Car -1.000000 -1 -6.111044 822.221767 182.008587 914.107087 251.551215 1.600499 1.659722 4.031461 5.691682 1.515849 15.692783 -10.000000 5.262220 
70 12 Car -1.000000 -1 -1.825360 771.782685 174.278203 821.441994 215.710225 1.652194 1.659722 4.031461 7.582268 1.380256 28.362730 -10.000000 5.026394 
71 11 Car -1.000000 -1 -0.050620 473.024471 169.037049 523.540777 200.174077 2.017441 1.659722 4.031461 -7.090335 1.069984 45.095713 -10.000000 8.960847 
71 13 Car -1.000000 -1 -0.883770 839.447489 191.371211 1020.998215 302.924466 1.439875 1.659722 4.031461 4.138861 1.551324 9.152171 -10.000000 7.500972 
71 14 Car -1.000000 -1 -6.086316 808.689719 181.380402 905.100959 255.189013 1.578185 1.659722 4.031461 5.111354 1.487106 14.680153 -10.000000 5.845433 
71 12 Car -1.000000 -1 -6.001533 755.957975 174.000117 806.517286 216.388141 1.660612 1.659722 4.031461 6.758864 1.335565 27.532993 -10.000000 5.571752 
71 15 Car -1.000000 -1 -4.712110 612.227562 170.660374 638.482264 187.615010 1.763065 1.659722 4.031461 2.270600 0.724859 76.030198 -10.000000 0.409384 
72 11 Car -1.000000 -1 -0.094398 447.821689 172.790065 500.504383 205.708444 2.017019 1.659722 4.031461 -8.052937 1.317914 42.619192 -10.000000 9.387808 
72 13 Car -1.000000 -1 -5.833021 834.243268 195.473033 1027.545762 313.055782 1.423132 1.659722 4.031461 3.894883 1.568238 8.614616 -10.000000 8.255987 
72 14 Car -1.000000 -1 -6.038317 798.362768 184.393505 895.609273 261.016778 1.536675 1.659722 4.031461 4.697873 1.531726 14.024743 -10.000000 6.327801 
72 12 Car -1.000000 -1 -5.058753 742.592329 177.254395 793.967473 220.491837 1.650605 1.659722 4.031461 6.126112 1.443062 27.070158 -10.000000 6.069501 
72 15 Car -1.000000 -1 -4.697656 593.685870 173.694004 619.410572 190.280262 1.784483 1.659722 4.031461 0.255174 1.100269 75.491433 -10.000000 1.251682 
73 11 Car -1.000000 -1 -0.053148 422.651814 174.606674 478.695761 209.236984 2.004133 1.659722 4.031461 -8.962796 1.507572 40.316925 -10.000000 9.795826 
73 13 Car -1.000000 -1 -5.518091 831.782610 199.077595 1041.914647 324.973228 1.416989 1.659722 4.031461 3.695618 1.592086 8.012268 -10.000000 9.012804 
73 14 Car -1.000000 -1 -6.092989 789.468415 187.810431 890.738092 267.149265 1.506634 1.659722 4.031461 4.437858 1.573513 13.564600 -10.000000 6.742427 
73 12 Car -1.000000 -1 -6.173113 730.755629 179.463646 782.238481 223.395491 1.642526 1.659722 4.031461 5.597567 1.530800 26.573299 -10.000000 6.569828 
73 15 Car -1.000000 -1 -4.666702 577.578286 177.328212 603.729931 193.504668 1.720901 1.659722 4.031461 -1.465272 1.387959 74.880569 -10.000000 2.038714 
74 11 Car -1.000000 -1 -0.130901 400.241000 173.952259 459.790940 210.521268 1.997889 1.659722 4.031461 -9.422086 1.500900 37.358205 -10.000000 10.221635 
74 13 Car -1.000000 -1 -2.950130 833.915184 203.133373 1064.161082 337.831934 1.403845 1.659722 4.031461 3.635210 1.630294 7.577613 -10.000000 9.673264 
74 14 Car -1.000000 -1 -5.773225 784.545462 188.392814 891.740266 271.574990 1.509262 1.659722 4.031461 4.208745 1.623247 12.999201 -10.000000 7.221447 
74 12 Car -1.000000 -1 -3.246890 723.206263 180.569029 774.228451 225.243926 1.637091 1.659722 4.031461 5.199554 1.603785 26.218426 -10.000000 7.042204 
74 15 Car -1.000000 -1 -4.660444 564.386717 177.924671 591.297703 194.221203 1.691484 1.659722 4.031461 -2.824675 1.468034 74.247154 -10.000000 2.789111 
75 11 Car -1.000000 -1 -0.024582 377.224592 172.079119 440.940962 210.441030 1.960755 1.659722 4.031461 -9.949986 1.508903 35.321602 -10.000000 10.628817 
75 13 Car -1.000000 -1 -5.734093 841.592251 203.105388 1096.055068 350.580049 1.424871 1.659722 4.031461 3.441726 1.617458 6.838638 -10.000000 10.349495 
75 14 Car -1.000000 -1 -2.902955 781.853048 186.263545 896.838518 274.143181 1.520277 1.659722 4.031461 4.061192 1.606662 12.445922 -10.000000 7.701960 
75 12 Car -1.000000 -1 -2.927005 717.310601 179.299802 767.882188 224.339464 1.631161 1.659722 4.031461 4.972036 1.578598 26.026278 -10.000000 7.484799 
75 15 Car -1.000000 -1 -4.647771 552.959002 176.494120 579.743803 193.079156 1.701125 1.659722 4.031461 -4.045772 1.440688 73.578703 -10.000000 3.481343 
75 16 Car -1.000000 -1 -2.334845 702.722819 178.603725 725.250843 208.887890 1.632475 1.659722 4.031461 6.135383 1.550578 39.946882 -10.000000 0.245873 
76 11 Car -1.000000 -1 -0.128450 353.024238 172.790774 422.297053 213.552548 1.943127 1.659722 4.031461 -10.270635 1.516610 32.947424 -10.000000 11.052887 
76 13 Car -1.000000 -1 -2.845122 849.362683 208.124794 1138.460552 370.000000 1.414720 1.659722 4.031461 3.344661 1.628845 6.198933 -10.000000 11.110286 
76 14 Car -1.000000 -1 -4.781457 778.704931 186.542673 901.428754 279.086810 1.528970 1.659722 4.031461 3.853845 1.615656 11.806253 -10.000000 8.239737 
76 12 Car -1.000000 -1 -3.381995 710.491472 179.725939 762.842244 225.380993 1.631423 1.659722 4.031461 4.618256 1.582410 25.334911 -10.000000 7.987594 
76 15 Car -1.000000 -1 -4.595419 542.126773 177.677864 568.180944 194.134306 1.697304 1.659722 4.031461 -5.156119 1.427262 72.880519 -10.000000 4.250325 
76 16 Car -1.000000 -1 -2.163047 695.052443 178.705890 720.254808 209.549366 1.720024 1.659722 4.031461 5.725534 1.548881 39.371600 -10.000000 0.940574 
77 11 Car -1.000000 -1 -0.040322 327.877367 173.977414 400.651093 216.888328 1.924136 1.659722 4.031461 -10.607061 1.532802 30.826815 -10.000000 11.470869 
77 13 Car -1.000000 -1 -5.746521 845.318606 204.247321 1183.302012 370.000000 1.406839 1.659722 4.031461 3.261633 1.638415 5.530965 -10.000000 11.378056 
77 14 Car -1.000000 -1 -2.742420 777.051423 187.039694 911.237467 283.644358 1.517760 1.659722 4.031461 3.818103 1.639282 11.388133 -10.000000 8.690703 
77 12 Car -1.000000 -1 -2.987047 703.533289 180.094200 758.118484 227.421763 1.633974 1.659722 4.031461 4.314246 1.636043 24.790578 -10.000000 8.478275 
77 15 Car -1.000000 -1 -4.606781 529.736438 177.837944 557.163204 194.543845 1.682897 1.659722 4.031461 -6.311557 1.541383 72.190626 -10.000000 4.870308 
77 16 Car -1.000000 -1 -2.559806 688.995712 179.669906 712.407307 209.861632 1.681985 1.659722 4.031461 5.317669 1.635808 39.018948 -10.000000 1.615618 
78 11 Car -1.000000 -1 -0.147743 300.485847 173.945407 380.779926 220.354776 1.915239 1.659722 4.031461 -10.624123 1.548214 28.106808 -10.000000 11.865290 
78 13 Car -1.000000 -1 -6.265002 859.635109 208.402187 1222.469672 370.000000 1.363595 1.659722 4.031461 3.215240 1.650441 4.840751 -10.000000 11.528378 
78 14 Car -1.000000 -1 -5.902569 789.964081 190.751331 927.795223 289.427801 1.496929 1.659722 4.031461 3.675675 1.642297 10.552763 -10.000000 7.168770 
78 12 Car -1.000000 -1 -2.892496 699.572733 179.043938 754.817680 227.325318 1.640670 1.659722 4.031461 4.127493 1.619743 24.339075 -10.000000 9.003390 
78 15 Car -1.000000 -1 -4.922659 519.446109 178.701571 547.119712 195.720079 1.695557 1.659722 4.031461 -7.275727 1.486035 71.305497 -10.000000 5.512467 
78 16 Car -1.000000 -1 -0.591867 685.300642 179.768102 711.621307 211.487557 1.663621 1.659722 4.031461 5.060657 1.599552 37.985684 -10.000000 2.220077 
79 11 Car -1.000000 -1 -0.107057 273.478413 173.461676 362.309133 222.793528 1.885416 1.659722 4.031461 -10.656522 1.554117 26.003472 -10.000000 12.289956 
79 14 Car -1.000000 -1 -2.775195 779.309457 189.010009 949.130995 294.993260 1.464893 1.659722 4.031461 3.728927 1.620482 10.227931 -10.000000 8.822782 
79 12 Car -1.000000 -1 -3.105615 697.155205 178.239036 753.344416 227.188843 1.633800 1.659722 4.031461 3.963608 1.567734 23.762099 -10.000000 9.510015 
79 15 Car -1.000000 -1 -4.850458 510.723580 178.050590 539.702470 195.062795 1.693561 1.659722 4.031461 -7.989433 1.381636 70.420919 -10.000000 6.091024 
79 16 Car -1.000000 -1 -6.271933 683.664964 178.330757 710.546969 212.442697 1.742747 1.659722 4.031461 4.708695 1.519656 36.143335 -10.000000 2.915297 
80 11 Car -1.000000 -1 -0.121757 246.830617 173.710135 342.974566 226.127372 1.842735 1.659722 4.031461 -10.801237 1.612381 24.400992 -10.000000 12.706694 
80 14 Car -1.000000 -1 -2.040571 784.994339 188.316511 977.389578 299.605989 1.481106 1.659722 4.031461 3.761941 1.608300 9.709898 -10.000000 9.379793 
80 12 Car -1.000000 -1 -2.964084 694.836506 176.787543 752.984220 226.600493 1.619101 1.659722 4.031461 3.913833 1.571624 23.576560 -10.000000 9.974609 
80 15 Car -1.000000 -1 -4.820269 501.660516 177.150243 534.048234 194.402783 1.681691 1.659722 4.031461 -8.746383 1.488041 69.693175 -10.000000 6.580992 
80 16 Car -1.000000 -1 -0.115541 683.672791 177.434575 710.337458 213.580743 1.778416 1.659722 4.031461 4.491900 1.540828 34.717305 -10.000000 3.534718 
80 17 Car -1.000000 -1 -0.163003 675.753714 178.790966 695.952536 209.178615 2.256515 1.659722 4.031461 5.721524 1.494979 50.891397 -10.000000 0.801525 
81 11 Car -1.000000 -1 -0.163429 216.577471 171.662341 320.968765 226.858728 1.820045 1.659722 4.031461 -10.693380 1.488154 22.313482 -10.000000 13.115288 
81 14 Car -1.000000 -1 -2.722225 796.657649 185.455125 1010.199855 306.530327 1.506637 1.659722 4.031461 3.704077 1.586209 8.890696 -10.000000 10.080182 
81 12 Car -1.000000 -1 -6.132786 694.945584 175.351660 754.292120 226.301828 1.630204 1.659722 4.031461 3.733962 1.464355 22.468707 -10.000000 10.423362 
81 15 Car -1.000000 -1 -5.916195 493.621876 175.182946 526.281197 192.668169 1.686872 1.659722 4.031461 -9.280467 1.075245 68.096337 -10.000000 7.086968 
81 16 Car -1.000000 -1 -0.018557 682.617134 174.542476 720.428566 212.590919 1.794391 1.659722 4.031461 4.419139 1.376304 32.165177 -10.000000 3.996787 
81 17 Car -1.000000 -1 -6.281030 674.736339 177.651943 695.495748 209.293280 2.163951 1.659722 4.031461 5.167409 1.243046 46.890141 -10.000000 1.476540 
82 11 Car -1.000000 -1 -0.018662 181.280573 172.867861 297.112691 232.132780 1.777709 1.659722 4.031461 -10.763049 1.527804 20.619459 -10.000000 13.504250 
82 14 Car -1.000000 -1 -2.731350 806.654798 187.247232 1046.915296 319.775735 1.507608 1.659722 4.031461 3.651434 1.594313 8.130384 -10.000000 10.787860 
82 12 Car -1.000000 -1 -2.843878 694.809722 175.667476 757.542042 229.337256 1.627474 1.659722 4.031461 3.607568 1.488961 21.373635 -10.000000 10.877783 
82 15 Car -1.000000 -1 -5.557875 483.855021 175.303930 516.284994 193.677777 1.701402 1.659722 4.031461 -10.028114 1.162101 66.335310 -10.000000 7.496783 
82 16 Car -1.000000 -1 -6.184189 680.740939 175.334360 724.222522 215.758832 1.773287 1.659722 4.031461 4.105946 1.416680 30.307940 -10.000000 4.617764 
82 17 Car -1.000000 -1 -6.203026 671.333217 177.646860 693.795232 210.909900 2.136454 1.659722 4.031461 4.661268 1.309296 43.634331 -10.000000 2.134231 
82 18 Car -1.000000 -1 -0.107611 661.141840 176.513016 679.015109 203.976428 1.985546 1.659722 4.031461 4.499581 1.266709 49.029066 -10.000000 0.174759 
83 11 Car -1.000000 -1 -0.087819 144.350567 173.077607 270.154342 235.804699 1.741870 1.659722 4.031461 -10.925181 1.516211 19.293031 -10.000000 13.869646 
83 14 Car -1.000000 -1 -6.258346 842.384578 195.753068 1090.564609 335.422036 1.459436 1.659722 4.031461 3.624658 1.600756 7.338225 -10.000000 8.967374 
83 12 Car -1.000000 -1 -6.062284 692.840879 176.707648 759.375257 233.128717 1.626864 1.659722 4.031461 3.387065 1.485756 20.170375 -10.000000 11.316825 
83 15 Car -1.000000 -1 -6.067759 473.097695 175.135097 506.772872 194.345654 1.737685 1.659722 4.031461 -10.576939 1.110494 64.356463 -10.000000 7.992618 
83 16 Car -1.000000 -1 -0.033097 680.828487 175.495939 727.313151 217.764855 1.750935 1.659722 4.031461 3.973237 1.411333 28.345030 -10.000000 5.278137 
83 17 Car -1.000000 -1 -6.209661 670.912816 177.504714 693.870786 211.835167 2.064771 1.659722 4.031461 4.329673 1.304415 40.174043 -10.000000 2.872629 
83 18 Car -1.000000 -1 -0.036903 661.409273 177.758494 678.607274 205.867182 1.852170 1.659722 4.031461 4.289718 1.243226 46.986652 -10.000000 0.817008 
84 11 Car -1.000000 -1 -0.074213 101.219095 173.699616 244.440857 241.024965 1.726882 1.659722 4.031461 -10.884347 1.531802 17.684937 -10.000000 14.214547 
84 14 Car -1.000000 -1 -5.745156 835.599766 193.849425 1156.172597 358.098370 1.484663 1.659722 4.031461 3.552099 1.603872 6.505021 -10.000000 11.126967 
84 12 Car -1.000000 -1 -0.035361 696.901661 176.937877 763.082987 235.952622 1.609154 1.659722 4.031461 3.364008 1.478291 19.267470 -10.000000 11.813891 
84 15 Car -1.000000 -1 -6.180456 465.359373 175.227278 500.649009 195.101392 1.754348 1.659722 4.031461 -10.687890 1.102162 61.122262 -10.000000 8.484633 
84 16 Car -1.000000 -1 -6.141744 681.671666 175.744465 729.894917 220.146656 1.716541 1.659722 4.031461 3.733143 1.406433 26.441987 -10.000000 5.892453 
84 17 Car -1.000000 -1 -6.189489 671.864431 177.400367 695.412505 213.042787 1.973842 1.659722 4.031461 4.026505 1.303927 36.739137 -10.000000 3.530443 
84 18 Car -1.000000 -1 -6.267730 658.811358 177.050728 677.896523 205.287204 1.862756 1.659722 4.031461 4.002040 1.218690 45.373808 -10.000000 1.419590 
85 11 Car -1.000000 -1 -6.032868 51.560599 175.132542 212.932330 247.714383 1.706220 1.659722 4.031461 -11.082004 1.568528 16.403660 -10.000000 14.525483 
85 14 Car -1.000000 -1 -2.715768 856.148812 195.857764 1224.000000 370.000000 1.462875 1.659722 4.031461 3.600956 1.585786 5.910270 -10.000000 11.692190 
85 12 Car -1.000000 -1 -5.915744 699.128386 175.888576 768.155301 236.512333 1.583175 1.659722 4.031461 3.367724 1.468507 18.695875 -10.000000 12.251135 
85 15 Car -1.000000 -1 -6.170537 456.827338 175.500386 493.924675 196.493402 1.749371 1.659722 4.031461 -10.828041 1.174919 58.704933 -10.000000 9.009663 
85 16 Car -1.000000 -1 -6.214039 683.479472 175.708417 732.166109 222.162295 1.676142 1.659722 4.031461 3.570164 1.409517 24.938988 -10.000000 6.454905 
85 17 Car -1.000000 -1 -6.189891 673.493003 177.472573 696.503071 214.771088 1.884679 1.659722 4.031461 3.679146 1.328022 33.664089 -10.000000 4.042618 
85 18 Car -1.000000 -1 -6.256857 660.964864 176.617187 678.592443 205.849925 1.806477 1.659722 4.031461 3.865810 1.241104 42.928387 -10.000000 2.051735 
86 11 Car -1.000000 -1 -0.210492 2.045417 176.214558 178.205962 255.695945 1.707912 1.659722 4.031461 -10.853968 1.594620 14.837271 -10.000000 14.851558 
86 14 Car -1.000000 -1 -5.886658 868.266894 189.574756 1224.000000 370.000000 1.448920 1.659722 4.031461 3.612256 1.595984 5.095523 -10.000000 11.923298 
86 12 Car -1.000000 -1 -6.280005 701.938153 177.214839 775.739436 240.289288 1.577687 1.659722 4.031461 3.306589 1.481287 17.732966 -10.000000 12.714399 
86 15 Car -1.000000 -1 -0.030682 448.220291 176.447102 488.212824 198.531606 1.765317 1.659722 4.031461 -10.808149 1.218496 55.583797 -10.000000 9.538353 
86 16 Car -1.000000 -1 -6.174350 686.044016 177.117287 735.468638 225.380731 1.640221 1.659722 4.031461 3.543740 1.423673 23.821743 -10.000000 6.999110 
86 17 Car -1.000000 -1 -6.188557 673.935125 179.453856 696.832570 218.021189 1.796059 1.659722 4.031461 3.415766 1.359826 30.828575 -10.000000 4.530982 
86 18 Car -1.000000 -1 -6.162433 662.738418 178.375187 678.791784 207.605969 1.765700 1.659722 4.031461 3.730533 1.263658 41.045701 -10.000000 2.602875 
87 11 Car -1.000000 -1 -6.212419 0.000000 175.070729 151.580483 261.200436 1.719387 1.659722 4.031461 -10.767818 1.632156 13.105236 -10.000000 15.050997 
87 12 Car -1.000000 -1 -2.381222 707.702800 177.263767 783.021002 243.636012 1.572608 1.659722 4.031461 3.305388 1.470670 16.753819 -10.000000 13.193661 
87 15 Car -1.000000 -1 -0.043063 441.151188 176.724658 482.602728 200.163732 1.771964 1.659722 4.031461 -10.527879 1.214413 51.488178 -10.000000 10.039620 
87 16 Car -1.000000 -1 -6.133994 690.833031 176.478086 740.548068 227.528218 1.634013 1.659722 4.031461 3.421583 1.412334 22.047649 -10.000000 7.582855 
87 17 Car -1.000000 -1 -6.147337 672.727973 179.323837 700.870424 218.529139 1.687048 1.659722 4.031461 3.228163 1.342953 28.609224 -10.000000 5.040673 
87 18 Car -1.000000 -1 -6.209351 660.779458 178.835083 682.350982 208.632279 1.690872 1.659722 4.031461 3.577927 1.229591 38.797325 -10.000000 3.084726 
88 12 Car -1.000000 -1 -6.105020 713.950526 179.416124 793.132671 249.741346 1.564225 1.659722 4.031461 3.297651 1.500870 15.781092 -10.000000 13.656356 
88 15 Car -1.000000 -1 -0.059868 433.378475 177.938177 475.693869 203.188486 1.764304 1.659722 4.031461 -10.243702 1.375371 47.798654 -10.000000 10.527196 
88 16 Car -1.000000 -1 -6.185250 694.111838 177.497031 747.482718 231.659722 1.611254 1.659722 4.031461 3.353024 1.460500 20.737634 -10.000000 8.101058 
88 17 Car -1.000000 -1 -6.174367 676.648786 181.279059 703.108487 221.926267 1.598171 1.659722 4.031461 3.134365 1.416388 26.491792 -10.000000 5.564161 
88 18 Car -1.000000 -1 -6.278485 662.323688 179.989992 689.706276 211.696871 1.669361 1.659722 4.031461 3.683116 1.331538 36.385939 -10.000000 3.593296 
89 12 Car -1.000000 -1 -6.141906 719.982278 178.968843 804.210103 253.410288 1.555852 1.659722 4.031461 3.229139 1.489402 14.668648 -10.000000 14.113251 
89 15 Car -1.000000 -1 -0.069647 423.046716 178.682903 468.682157 205.315483 1.746272 1.659722 4.031461 -10.099280 1.392073 44.545671 -10.000000 11.033846 
89 16 Car -1.000000 -1 -6.099008 694.632703 176.589579 751.890449 233.588535 1.589698 1.659722 4.031461 3.236198 1.448271 19.590342 -10.000000 8.603079 
89 18 Car -1.000000 -1 -6.133424 664.694614 178.451869 690.037893 211.200483 1.551962 1.659722 4.031461 3.344302 1.336995 32.783873 -10.000000 4.899227 
89 17 Car -1.000000 -1 -6.121722 677.439505 179.045436 704.762197 220.434268 1.524951 1.659722 4.031461 3.131967 1.397795 25.784451 -10.000000 5.473790 
90 12 Car -1.000000 -1 -6.042396 726.230912 179.160278 815.048315 259.352567 1.543649 1.659722 4.031461 3.143722 1.495251 13.569169 -10.000000 14.566503 
90 15 Car -1.000000 -1 -0.092620 413.378069 179.175279 460.957053 206.872617 1.703354 1.659722 4.031461 -9.827040 1.405142 41.224661 -10.000000 11.555273 
90 16 Car -1.000000 -1 -6.073281 696.094538 177.429898 757.134502 236.839815 1.567409 1.659722 4.031461 3.156422 1.449263 18.499760 -10.000000 9.104823 
90 18 Car -1.000000 -1 -0.069454 667.821058 178.138138 695.750528 212.741685 1.538726 1.659722 4.031461 3.387457 1.332935 30.696338 -10.000000 5.436752 
90 17 Car -1.000000 -1 -6.189747 680.632471 178.873587 707.943263 221.994887 1.508691 1.659722 4.031461 3.055236 1.396077 24.362461 -10.000000 6.119525 
91 12 Car -1.000000 -1 -6.029197 732.423041 179.271276 831.074937 265.365730 1.528498 1.659722 4.031461 3.102199 1.496400 12.539993 -10.000000 15.041935 
91 15 Car -1.000000 -1 -0.035335 402.617735 180.256329 452.776626 209.102252 1.643492 1.659722 4.031461 -9.806964 1.510980 39.109509 -10.000000 12.041249 
91 16 Car -1.000000 -1 -6.016232 700.485288 177.182474 765.141178 239.845467 1.546548 1.659722 4.031461 3.161196 1.457991 17.532005 -10.000000 9.625446 
91 18 Car -1.000000 -1 -6.034631 667.934471 178.200613 700.734447 214.316040 1.520737 1.659722 4.031461 3.265604 1.367023 29.432887 -10.000000 6.001262 
91 17 Car -1.000000 -1 -6.278363 683.253092 179.929914 714.117921 225.256579 1.494242 1.659722 4.031461 3.093171 1.417055 23.141535 -10.000000 6.670707 
92 12 Car -1.000000 -1 -5.823971 739.500462 181.697202 847.860615 273.164774 1.499377 1.659722 4.031461 3.114892 1.509208 11.777464 -10.000000 15.456199 
92 15 Car -1.000000 -1 -0.064486 392.849393 181.135494 445.018592 210.768299 1.602042 1.659722 4.031461 -9.843825 1.540924 37.354605 -10.000000 12.521527 
92 16 Car -1.000000 -1 -5.909473 705.225883 178.319809 771.910019 243.881801 1.533870 1.659722 4.031461 3.121907 1.475185 16.611232 -10.000000 10.082990 
92 18 Car -1.000000 -1 -0.124583 673.195178 178.493466 708.973833 216.381879 1.512325 1.659722 4.031461 3.469219 1.390377 27.894016 -10.000000 6.503077 
92 17 Car -1.000000 -1 -6.194398 686.654839 181.538761 720.095838 227.709738 1.464508 1.659722 4.031461 3.126425 1.434020 22.468892 -10.000000 7.200010 
93 12 Car -1.000000 -1 -5.817941 748.117162 182.911596 866.803543 280.253149 1.483002 1.659722 4.031461 3.117293 1.510460 10.971586 -10.000000 15.899262 
93 15 Car -1.000000 -1 -6.244371 379.780016 182.095365 434.901004 213.114503 1.581035 1.659722 4.031461 -9.943837 1.602821 35.491625 -10.000000 12.965423 
93 16 Car -1.000000 -1 -6.059175 710.043505 178.794532 779.554858 247.641779 1.518114 1.659722 4.031461 3.086426 1.483356 15.712901 -10.000000 10.543144 
93 18 Car -1.000000 -1 -5.947999 673.545735 178.659570 713.506156 218.734018 1.511916 1.659722 4.031461 3.294611 1.416280 26.567347 -10.000000 7.027908 
93 17 Car -1.000000 -1 -0.087560 690.234992 181.306375 725.518356 228.994438 1.446174 1.659722 4.031461 3.123511 1.449214 21.450747 -10.000000 7.788650 
94 12 Car -1.000000 -1 -5.538090 758.614902 181.152183 889.864787 286.820748 1.477863 1.659722 4.031461 3.017342 1.458883 9.849703 -10.000000 16.366095 
94 15 Car -1.000000 -1 -0.066330 365.366639 180.297703 424.337048 212.591053 1.569198 1.659722 4.031461 -9.692176 1.408094 32.434383 -10.000000 13.391356 
94 16 Car -1.000000 -1 -6.001165 715.160231 176.579856 791.019316 249.563605 1.508830 1.659722 4.031461 2.992671 1.389421 14.398673 -10.000000 11.097140 
94 18 Car -1.000000 -1 -0.024173 674.728709 176.045991 717.506266 217.020791 1.493148 1.659722 4.031461 3.132306 1.228634 24.629955 -10.000000 7.575173 
94 17 Car -1.000000 -1 -6.107699 691.907562 179.317199 732.862692 229.254505 1.438712 1.659722 4.031461 2.974782 1.307739 19.731086 -10.000000 8.306989 
94 20 Car -1.000000 -1 -6.147442 655.957154 176.805568 681.953232 203.151284 1.702811 1.659722 4.031461 3.709097 0.950512 41.818729 -10.000000 1.116624 
95 12 Car -1.000000 -1 -2.833296 771.080503 185.135268 919.735041 301.669038 1.453990 1.659722 4.031461 3.089666 1.525002 9.123356 -10.000000 16.727637 
95 15 Car -1.000000 -1 -0.037211 349.465374 181.555973 413.750526 216.835785 1.540965 1.659722 4.031461 -9.507510 1.526156 30.055981 -10.000000 13.795997 
95 16 Car -1.000000 -1 -3.047024 719.692618 178.556634 802.360544 256.613061 1.478090 1.659722 4.031461 3.031751 1.486433 13.706673 -10.000000 11.509523 
95 18 Car -1.000000 -1 -5.598017 675.361341 178.678070 719.902173 221.367528 1.435377 1.659722 4.031461 3.113532 1.397123 23.958883 -10.000000 8.037304 
95 17 Car -1.000000 -1 -2.820103 694.618548 181.124458 739.070655 233.581769 1.397995 1.659722 4.031461 3.036205 1.439032 19.213141 -10.000000 8.795272 
95 20 Car -1.000000 -1 -6.133664 655.289089 178.845659 681.212614 205.241354 1.534752 1.659722 4.031461 3.573637 1.249172 40.399846 -10.000000 1.859972 
96 12 Car -1.000000 -1 -5.700451 786.733729 188.417781 956.679852 316.495461 1.457890 1.659722 4.031461 3.073899 1.538202 8.233300 -10.000000 17.222066 
96 15 Car -1.000000 -1 -0.068629 331.753712 182.575740 401.623948 220.048093 1.530597 1.659722 4.031461 -9.544096 1.582055 28.298433 -10.000000 14.202172 
96 16 Car -1.000000 -1 -6.138652 728.100134 180.060262 816.392976 262.649563 1.475010 1.659722 4.031461 3.089835 1.505633 13.045777 -10.000000 11.912870 
96 18 Car -1.000000 -1 -6.013713 676.121025 179.993175 721.635097 223.742430 1.422349 1.659722 4.031461 3.081908 1.435994 23.424193 -10.000000 8.452657 
96 17 Car -1.000000 -1 -6.179196 698.128240 182.893013 746.826125 236.801724 1.389656 1.659722 4.031461 3.134156 1.466223 18.816255 -10.000000 9.229984 
96 20 Car -1.000000 -1 -6.166466 655.156517 180.953724 681.776491 208.215297 1.511718 1.659722 4.031461 3.514355 1.324554 39.094420 -10.000000 2.507227 
97 12 Car -1.000000 -1 -2.770096 805.145296 191.239133 1001.738582 333.902087 1.449487 1.659722 4.031461 3.114943 1.558205 7.443950 -10.000000 17.661991 
97 15 Car -1.000000 -1 -0.067061 312.713795 183.629650 389.168996 222.924111 1.511095 1.659722 4.031461 -9.569997 1.559882 26.576141 -10.000000 14.567590 
97 16 Car -1.000000 -1 -2.898246 735.803011 181.233728 834.260013 269.239001 1.485120 1.659722 4.031461 3.122109 1.522529 12.258792 -10.000000 12.371375 
97 18 Car -1.000000 -1 -3.093698 678.342966 181.576205 724.111731 226.342622 1.420553 1.659722 4.031461 3.090303 1.445959 22.664920 -10.000000 8.958031 
97 17 Car -1.000000 -1 -2.958251 700.776013 183.482831 755.683337 239.769495 1.405237 1.659722 4.031461 3.139107 1.479910 17.997940 -10.000000 9.740174 
97 20 Car -1.000000 -1 -6.026310 657.439054 181.241519 680.713473 209.236746 1.508700 1.659722 4.031461 3.423826 1.329443 37.916911 -10.000000 3.068550 
98 12 Car -1.000000 -1 -4.992875 830.899782 193.842616 1062.091190 356.807574 1.465200 1.659722 4.031461 3.061834 1.567599 6.450692 -10.000000 18.168034 
98 15 Car -1.000000 -1 -6.111956 289.976403 184.394885 374.164641 225.471903 1.483922 1.659722 4.031461 -9.757505 1.590179 25.217544 -10.000000 14.886956 
98 16 Car -1.000000 -1 -2.950896 743.256180 181.803130 852.776766 276.391566 1.491834 1.659722 4.031461 3.126176 1.538963 11.486146 -10.000000 12.854008 
98 18 Car -1.000000 -1 -3.046858 681.844838 181.222245 727.791444 227.497516 1.415404 1.659722 4.031461 3.159590 1.478966 22.216478 -10.000000 9.422671 
98 17 Car -1.000000 -1 -2.906047 704.857982 183.134118 764.609857 241.996286 1.410545 1.659722 4.031461 3.190222 1.505963 17.306702 -10.000000 10.278332 
98 20 Car -1.000000 -1 -0.013782 657.497811 180.568795 683.848267 210.043871 1.515623 1.659722 4.031461 3.452219 1.395465 36.712148 -10.000000 3.646384 
99 12 Car -1.000000 -1 -2.646058 861.732315 201.924181 1146.255655 370.000000 1.411599 1.659722 4.031461 3.236621 1.575209 5.782097 -10.000000 18.370800 
99 15 Car -1.000000 -1 -6.218222 266.897229 183.825012 357.409906 226.909340 1.466289 1.659722 4.031461 -9.826285 1.580068 23.772225 -10.000000 15.242270 
99 16 Car -1.000000 -1 -2.781233 752.360477 182.346933 878.984121 284.108065 1.494120 1.659722 4.031461 3.176198 1.544483 10.656055 -10.000000 13.348367 
99 18 Car -1.000000 -1 -3.140567 685.230503 180.757736 730.138617 228.741361 1.428714 1.659722 4.031461 3.112379 1.475757 21.455404 -10.000000 9.897488 
99 17 Car -1.000000 -1 -3.010835 709.432064 182.603296 773.546130 244.438622 1.414672 1.659722 4.031461 3.198469 1.506333 16.568095 -10.000000 10.799375 
99 20 Car -1.000000 -1 -6.245604 658.271197 178.857251 688.528984 209.732018 1.541970 1.659722 4.031461 3.474896 1.383074 35.375604 -10.000000 4.321639 
100 12 Car -1.000000 -1 -5.471952 874.896457 193.975176 1209.625886 370.000000 1.388364 1.659722 4.031461 3.271726 1.582035 4.850367 -10.000000 18.320705 
100 15 Car -1.000000 -1 -5.828659 240.484267 183.477694 339.331599 228.924055 1.452640 1.659722 4.031461 -10.023134 1.565937 22.437814 -10.000000 15.586983 
100 16 Car -1.000000 -1 -3.535829 765.681159 183.190846 914.266492 296.038065 1.508400 1.659722 4.031461 3.160299 1.550388 9.541305 -10.000000 13.901195 
100 18 Car -1.000000 -1 -2.949745 688.207058 180.173027 735.968022 230.575097 1.442059 1.659722 4.031461 3.131460 1.473553 20.652759 -10.000000 10.397068 
100 17 Car -1.000000 -1 -2.917231 713.089455 182.939418 785.676020 248.330205 1.424104 1.659722 4.031461 3.205365 1.507225 15.712858 -10.000000 11.306577 
100 20 Car -1.000000 -1 -0.246753 660.646403 178.028545 693.580979 209.656025 1.539141 1.659722 4.031461 3.519193 1.376296 34.230362 -10.000000 4.985140 
101 15 Car -1.000000 -1 -6.078447 210.717410 182.899576 317.754656 231.648875 1.453311 1.659722 4.031461 -10.152873 1.550921 21.083025 -10.000000 15.914843 
101 16 Car -1.000000 -1 -2.523636 780.453338 182.533801 958.512933 309.213679 1.504426 1.659722 4.031461 3.201927 1.532773 8.594296 -10.000000 14.445454 
101 18 Car -1.000000 -1 -4.448992 690.563590 178.721147 741.488033 232.512788 1.467036 1.659722 4.031461 3.061432 1.441365 19.499391 -10.000000 10.913641 
101 17 Car -1.000000 -1 -2.871050 718.530687 181.474403 801.042156 251.701292 1.437464 1.659722 4.031461 3.242214 1.479575 14.807252 -10.000000 11.817332 
101 20 Car -1.000000 -1 -0.032670 665.272171 177.869200 697.450265 210.930153 1.534793 1.659722 4.031461 3.507115 1.329638 32.152579 -10.000000 5.572187 
102 15 Car -1.000000 -1 -6.065136 175.043465 182.860676 294.590987 235.904389 1.471704 1.659722 4.031461 -10.179866 1.535019 19.405147 -10.000000 16.220038 
102 16 Car -1.000000 -1 -6.192083 801.960638 184.591068 1016.485688 327.561048 1.503765 1.659722 4.031461 3.202644 1.536770 7.530244 -10.000000 15.033821 
102 18 Car -1.000000 -1 -2.903635 694.699039 177.877021 748.644833 234.189155 1.466773 1.659722 4.031461 3.076589 1.422296 18.580942 -10.000000 11.433036 
102 17 Car -1.000000 -1 -2.839928 726.063787 180.806377 818.455559 256.346769 1.451103 1.659722 4.031461 3.255380 1.470648 13.803458 -10.000000 12.341178 
102 20 Car -1.000000 -1 -4.146395 664.633511 176.614999 698.304293 210.169236 1.497467 1.659722 4.031461 3.362027 1.285946 31.362202 -10.000000 6.047500 
103 15 Car -1.000000 -1 -6.222183 129.325642 184.447705 268.208969 243.111646 1.487290 1.659722 4.031461 -10.129211 1.555861 17.600303 -10.000000 16.506373 
103 16 Car -1.000000 -1 -1.306374 825.001419 188.722906 1091.761561 353.781821 1.492491 1.659722 4.031461 3.195733 1.546320 6.487571 -10.000000 15.631501 
103 18 Car -1.000000 -1 -5.977143 697.813757 178.968818 758.694497 238.699439 1.463806 1.659722 4.031461 3.058529 1.435373 17.575007 -10.000000 11.903154 
103 17 Car -1.000000 -1 -6.217744 733.741245 181.862573 837.910792 264.374630 1.463023 1.659722 4.031461 3.189435 1.484732 12.579190 -10.000000 12.810403 
103 20 Car -1.000000 -1 -0.027920 665.325036 177.265189 699.776033 211.548537 1.468630 1.659722 4.031461 3.357228 1.302581 30.426791 -10.000000 6.584194 
103 19 Car -1.000000 -1 -5.801177 559.716730 175.853565 584.759880 193.400073 1.875284 1.659722 4.031461 -3.642660 0.882301 78.290111 -10.000000 2.092158 
104 15 Car -1.000000 -1 -0.001956 80.223913 186.717421 237.536516 251.185977 1.485325 1.659722 4.031461 -10.093961 1.608283 15.993163 -10.000000 16.802211 
104 16 Car -1.000000 -1 -2.411679 854.831750 198.686856 1190.560426 370.000000 1.441376 1.659722 4.031461 3.350053 1.563531 5.738662 -10.000000 15.940653 
104 18 Car -1.000000 -1 -1.739941 701.341582 181.060577 770.698365 244.253129 1.465605 1.659722 4.031461 3.073913 1.482579 16.503856 -10.000000 12.386758 
104 17 Car -1.000000 -1 -0.704356 742.688267 185.232200 863.271908 275.608874 1.456956 1.659722 4.031461 3.215899 1.519923 11.520343 -10.000000 13.333310 
104 20 Car -1.000000 -1 -3.724073 666.478389 179.793530 700.950221 215.164118 1.464679 1.659722 4.031461 3.265526 1.380138 29.481846 -10.000000 7.127651 
104 19 Car -1.000000 -1 -5.793136 555.835478 179.160355 581.181665 195.174670 1.834113 1.659722 4.031461 -4.052857 1.082045 76.633604 -10.000000 2.798064 
104 21 Car -1.000000 -1 -6.255919 681.983851 182.712546 713.903263 224.012044 1.434620 1.659722 4.031461 3.222806 1.420251 24.361558 -10.000000 2.030628 
105 15 Car -1.000000 -1 -0.037285 22.166545 189.446630 202.175793 260.387912 1.475026 1.659722 4.031461 -10.082269 1.635615 14.418409 -10.000000 17.075508 
105 16 Car -1.000000 -1 -0.751444 871.999450 188.710792 1224.000000 370.000000 1.415024 1.659722 4.031461 3.398305 1.584428 4.742877 -10.000000 15.935219 
105 18 Car -1.000000 -1 -2.403982 707.684487 182.273551 784.713662 249.874094 1.461419 1.659722 4.031461 3.127414 1.520584 15.576163 -10.000000 12.860262 
105 17 Car -1.000000 -1 -6.054804 754.353582 188.013407 893.040662 287.265366 1.451104 1.659722 4.031461 3.220855 1.550792 10.496971 -10.000000 13.874217 
105 20 Car -1.000000 -1 -6.204906 667.862497 181.578080 703.054825 218.930617 1.478907 1.659722 4.031461 3.189953 1.444654 27.944547 -10.000000 7.722250 
105 19 Car -1.000000 -1 -6.067928 550.858848 179.568208 576.833983 196.792558 1.747818 1.659722 4.031461 -4.383120 1.223516 74.361812 -10.000000 3.457934 
105 21 Car -1.000000 -1 -6.188083 687.885351 183.647365 724.749307 228.500900 1.439828 1.659722 4.031461 3.332928 1.474045 22.932878 -10.000000 2.614992 
