1,-1,45,184,62.22,141.19,50.514,-5.3174,12.232,0.69451
2,-1,45,193,62.22,141.19,43.677,-4.9737,11.854,0.69264
2,-1,217,219,28.326,64.279,19.436,-5.607,17.608,0.52191
2,-1,252,176,56.877,129.07,13.865,-3.6403,14.607,0.58987
3,-1,36,193,62.22,141.19,44.472,-5.0486,11.859,0.68349
3,-1,219,225,26,59,34.223,-5.4701,17.319,0.51551
3,-1,246,164,62.22,141.19,10.329,-3.6825,14.564,0.58277
4,-1,29,179,68.041,154.4,38.144,-5.1204,11.94,0.68546
4,-1,219,229,26,59,17.081,-5.1594,16.568,0.5364
4,-1,160,193,47.893,108.68,16.498,-5.1066,14.545,0.60108
4,-1,246,164,62.22,141.19,14.129,-3.6911,14.592,0.58101
4,-1,286,185,52,118,9.9218,-3.2705,14.936,0.56437
5,-1,18,179,68.041,154.4,39.122,-5.2436,11.972,0.68691
5,-1,219,225,26,59,37.332,-5.4833,17.37,0.51849
5,-1,252,176,56.877,129.07,14.141,-3.6856,14.711,0.58016
5,-1,160,193,47.893,108.68,11.596,-5.1356,14.623,0.60134
5,-1,286,193,52,118,3.8959,-3.1355,14.284,0.58678
6,-1,215,225,26,59,37.234,-5.6186,17.483,0.51339
6,-1,17,184,62.22,141.19,36.78,-5.6614,12.434,0.67801
6,-1,294,193,52,118,32.777,-3.0725,14.411,0.57933
6,-1,252,184,56.877,129.07,10.283,-3.518,14.117,0.59479
7,-1,8,189,68.041,154.4,30.04,-5.1069,11.802,0.69315
7,-1,217,223,28.326,64.279,29.442,-5.4082,17.159,0.51849
7,-1,252,184,56.877,129.07,15.351,-3.5666,14.281,0.58785
7,-1,300,200,47.893,108.68,10.42,-3.1081,14.796,0.56395
7,-1,373,210,30.847,69.999,0.80496,-2.588,19.541,0.39778
8,-1,212,223,28.326,64.279,38.252,-5.4703,17.107,0.51345
8,-1,294,193,52,118,28.794,-3.129,14.627,0.56564
8,-1,252,184,56.877,129.07,25.928,-3.5759,14.33,0.58176
8,-1,-3,173,74.286,168.57,17.792,-5.2273,11.897,0.68639
8,-1,150,193,52,118,9.0222,-4.9149,14.087,0.60809
9,-1,211,225,26,59,30.949,-5.8395,17.904,0.48437
9,-1,307,253,26,59,11.615,-3.1496,14.685,0.55821
9,-1,262,193,52,118,4.3728,-3.5729,14.666,0.56501
10,-1,208,223,28.326,64.279,36.124,-5.5696,17.2,0.50261
10,-1,261,176,56.877,129.07,3.407,-3.7081,15.214,0.54445
10,-1,307,253,26,59,2.7882,-3.1602,14.69,0.55456
10,-1,146,222,40,90.769,1.9305,-5.0022,14.065,0.60695
11,-1,207,219,30.847,69.999,43.755,-5.3887,16.824,0.50754
11,-1,262,185,52,118,12.383,-3.7765,15.389,0.5349
12,-1,203,224,30.847,69.999,25.54,-5.449,16.843,0.50923
12,-1,307,200,47.893,108.68,12.601,-3.1853,15.53,0.52031
12,-1,373,219,28.326,64.279,7.4204,-2.7122,19.844,0.35489
12,-1,270,193,52,118,6.2503,-3.6026,15.191,0.53951
13,-1,200,217,33.548,76.129,25.752,-5.5006,16.93,0.51692
13,-1,307,200,47.893,108.68,2.7851,-3.1955,15.549,0.52575
14,-1,199,233,26,59,11.892,-5.6816,17.164,0.51956
14,-1,113,179,68.041,154.4,8.1445,-4.6776,13.286,0.63743
14,-1,270,176,56.877,129.07,5.3353,-3.7541,15.908,0.5298
14,-1,383,53,26,59,5.2159,-1.7762,5.1186,0.87188
15,-1,203,233,26,59,42.127,-5.5499,17.086,0.53063
15,-1,307,200,47.893,108.68,7.3907,-3.2247,15.622,0.53754
16,-1,199,227,28.326,64.279,26.232,-5.8817,17.773,0.5261
16,-1,270,193,52,118,17.433,-3.7192,15.653,0.55555
16,-1,378,39,30.847,69.999,9.3532,-1.8274,5.437,0.85422
16,-1,307,200,47.893,108.68,7.7411,-3.2962,16.001,0.53641
17,-1,199,237,26,59,37.173,-5.5883,17.14,0.54061
17,-1,102,179,68.041,154.4,13.78,-4.904,13.629,0.64266
17,-1,383,49,26,59,6.7052,-1.8817,5.5601,0.85227
17,-1,373,219,28.326,64.279,5.4535,-2.8149,20.638,0.37956
17,-1,308,204,43.854,99.515,4.4205,-3.4313,16.695,0.51796
17,-1,270,185,52,118,3.6473,-3.9532,16.626,0.52917
18,-1,195,237,26,59,24.851,-5.6161,17.109,0.53641
18,-1,369,214,28.326,64.279,5.7671,-2.9993,21.931,0.32818
19,-1,190,232,28.326,64.279,29.229,-5.5726,16.927,0.53237
19,-1,373,210,30.847,69.999,3.174,-2.8093,21.088,0.34418
20,-1,185,223,33.548,76.129,25.702,-5.3646,16.448,0.54606
20,-1,66,173,74.286,168.57,8.5234,-4.9102,13.276,0.6486
20,-1,373,214,28.326,64.279,8.0899,-2.8445,21.154,0.3328
20,-1,383,41,26,59,5.511,-1.9898,5.9473,0.84973
21,-1,186,232,28.326,64.279,41.519,-5.4584,16.662,0.55033
21,-1,84,255,36.769,83.436,21.772,-4.9708,13.42,0.6509
21,-1,321,245,28.326,64.279,11.676,-3.2073,15.898,0.53135
21,-1,383,37,26,59,10.958,-2.0265,6.1055,0.84101
21,-1,278,241,28.326,64.279,-0.13718,-3.8402,16.12,0.53646
22,-1,184,224,30.847,69.999,58.938,-5.5274,16.826,0.55224
22,-1,310,185,52,118,40.199,-3.2886,16.411,0.52278
22,-1,270,176,56.877,129.07,29.672,-3.7469,16.093,0.542
22,-1,84,262,30.847,69.999,25.834,-5.1626,13.701,0.64733
22,-1,383,33,26,59,10.997,-2.0556,6.2523,0.83093
23,-1,179,229,30.847,69.999,43.751,-5.4946,16.638,0.57184
23,-1,310,193,52,118,40.031,-3.2221,15.99,0.54724
23,-1,270,176,56.877,129.07,25.583,-3.819,16.419,0.54582
23,-1,37,148,86.667,196.67,25.113,-5.076,13.361,0.66333
23,-1,383,33,26,59,12.778,-2.0915,6.3968,0.81702
24,-1,310,193,52,118,43.468,-3.2544,16.164,0.55503
24,-1,174,217,33.548,76.129,37.467,-5.9633,17.546,0.56741
24,-1,270,185,52,118,19.421,-3.9451,16.811,0.54958
24,-1,382,27,28.326,64.279,12.686,-2.1232,6.5255,0.81418
24,-1,25,147,94.545,214.55,11.161,-4.7896,12.953,0.67855
24,-1,373,214,28.326,64.279,1.7706,-2.8915,21.467,0.39325
25,-1,310,193,52,118,47.854,-3.2905,16.37,0.54792
25,-1,169,215,36.769,83.436,40.134,-5.7782,17.1,0.57591
25,-1,270,185,52,118,32.597,-3.9948,17.042,0.54229
25,-1,23,162,86.667,196.67,24.324,-4.9418,13.142,0.67471
25,-1,373,214,28.326,64.279,14.383,-2.921,21.931,0.37854
25,-1,383,33,26,59,9.8797,-2.1585,6.6328,0.80928
25,-1,231,209,26,59,8.9141,-7.5806,24.891,0.38455
26,-1,163,215,36.769,83.436,43.838,-5.8493,17.143,0.58988
26,-1,310,193,52,118,28.131,-3.2894,16.453,0.55554
26,-1,11,147,94.545,214.55,21.128,-4.9435,13.135,0.68332
26,-1,270,185,52,118,5.2362,-3.9881,17.121,0.55147
26,-1,369,210,28.326,64.279,3.445,-3.0725,23.297,0.35899
26,-1,231,209,26,59,1.8048,-7.5075,24.885,0.40744
27,-1,157,215,36.769,83.436,33.549,-5.9302,17.207,0.59467
27,-1,323,253,26,59,29.314,-3.2726,16.435,0.55981
27,-1,-4,130,104,236,15.294,-4.9405,13.098,0.6873
27,-1,261,176,56.877,129.07,4.9017,-4.019,16.951,0.56132
28,-1,152,221,36.769,83.436,33.561,-5.7029,16.675,0.60491
28,-1,310,185,52,118,21.702,-3.4201,17.457,0.5359
28,-1,261,176,56.877,129.07,11.358,-4.0382,17.087,0.55893
28,-1,99,209,26,59,8.021,-11.413,23.795,0.5293
29,-1,152,221,36.769,83.436,25.742,-5.6544,16.653,0.60502
29,-1,310,185,52,118,23.043,-3.414,17.426,0.5382
30,-1,146,221,36.769,83.436,28.157,-5.7454,16.691,0.60652
30,-1,318,185,52,118,16.008,-3.3218,17.51,0.53415
30,-1,369,205,30.847,69.999,8.6573,-2.9996,22.953,0.37974
30,-1,95,209,26,59,7.2012,-11.096,23.266,0.53882
31,-1,270,176,56.877,129.07,23.678,-3.9697,17.344,0.55081
31,-1,134,193,52,118,23.509,-5.5732,16.278,0.61227
31,-1,313,176,56.877,129.07,21.948,-3.3726,17.477,0.53511
32,-1,134,193,52,118,25.529,-5.6616,16.492,0.60575
32,-1,265,174,62.22,141.19,20.851,-3.8466,16.647,0.56603
32,-1,318,185,52,118,18.579,-3.411,17.966,0.52175
33,-1,135,227,36.769,83.436,44.798,-5.7928,16.608,0.60869
33,-1,318,185,52,118,27.132,-3.4326,18.065,0.52077
33,-1,261,184,56.877,129.07,25.56,-3.9929,16.9,0.56394
33,-1,146,210,30.847,69.999,0.6634,-8.026,21.028,0.53416
34,-1,135,227,36.769,83.436,44.82,-5.888,16.862,0.6041
34,-1,270,184,56.877,129.07,21.817,-3.9292,17.198,0.55402
34,-1,313,184,56.877,129.07,10.388,-3.3695,17.322,0.53893
34,-1,146,210,30.847,69.999,3.336,-8.2737,21.595,0.52368
34,-1,369,210,30.847,69.999,0.46972,-3.0659,23.146,0.37236
35,-1,120,217,43.854,99.515,49.898,-5.8356,16.561,0.61484
35,-1,73,210,28.326,64.279,16.159,-11.589,23.37,0.55305
35,-1,261,184,56.877,129.07,4.2847,-4.0826,17.418,0.5521
36,-1,113,224,43.854,99.515,41.4,-5.6899,16.243,0.61692
36,-1,69,214,28.326,64.279,26.598,-10.981,22.511,0.55384
36,-1,321,248,30.847,69.999,14.567,-3.4157,17.366,0.53859
37,-1,310,193,52,118,26.85,-3.4487,17.808,0.52181
37,-1,60,210,28.326,64.279,20.071,-11.327,22.79,0.54416
37,-1,110,209,52,118,16.3,-5.426,15.941,0.61608
38,-1,60,210,28.326,64.279,46.496,-11.087,22.604,0.54956
38,-1,102,209,52,118,41.952,-5.4854,15.958,0.6175
38,-1,305,184,56.877,129.07,37.184,-3.4478,17.596,0.52635
38,-1,252,184,56.877,129.07,23.557,-4.1266,17.449,0.54532
38,-1,365,207,33.548,76.129,4.7632,-2.9751,22.306,0.38145
39,-1,261,176,56.877,129.07,39.77,-4.1362,17.964,0.53431
39,-1,94,209,52,118,36.783,-5.4781,15.817,0.62219
39,-1,56,205,30.847,69.999,36.094,-10.241,21.371,0.56611
39,-1,317,245,28.326,64.279,26.203,-3.5145,17.695,0.52891
40,-1,261,184,56.877,129.07,37.179,-4.0304,17.449,0.54373
40,-1,94,209,52,118,32.353,-5.5498,15.98,0.61444
40,-1,51,205,30.847,69.999,30.556,-10.663,21.774,0.55504
40,-1,317,249,28.326,64.279,12.002,-3.511,17.542,0.53088
41,-1,261,184,56.877,129.07,37.376,-4.0926,17.674,0.54514
41,-1,45,202,33.548,76.129,27.688,-10.487,21.403,0.57202
41,-1,85,202,56.877,129.07,25.339,-5.5663,15.919,0.6209
41,-1,302,193,52,118,14.683,-3.6319,17.963,0.52834
42,-1,261,184,56.877,129.07,42.544,-4.1079,17.739,0.54652
42,-1,85,202,56.877,129.07,29.047,-5.5758,15.996,0.62215
42,-1,171,165,26,59,16.669,12.656,-21.908,1.2606
42,-1,307,200,47.893,108.68,11.809,-3.6415,18.252,0.52356
42,-1,46,205,30.847,69.999,10.895,-11.068,22.207,0.56779
43,-1,77,202,56.877,129.07,48.526,-5.6681,16.051,0.62256
43,-1,41,205,30.847,69.999,32.37,-11.148,22.181,0.57101
43,-1,261,184,56.877,129.07,30.502,-4.1248,17.806,0.54323
43,-1,307,200,47.893,108.68,11.273,-3.6603,18.313,0.51992
44,-1,64,193,62.22,141.19,38.649,-5.6444,15.892,0.62693
44,-1,261,184,56.877,129.07,36.579,-4.1239,17.789,0.5441
44,-1,323,253,26,59,22.026,-3.5633,18.007,0.52646
44,-1,40,197,33.548,76.129,10.706,-11.193,22.314,0.57174
45,-1,64,203,62.22,141.19,40.956,-5.3695,15.555,0.64108
45,-1,261,176,56.877,129.07,30.718,-4.2749,18.474,0.54394
45,-1,35,197,33.548,76.129,29.581,-11.063,22.048,0.61161
45,-1,319,249,26,59,14.012,-3.6649,18.329,0.53352
46,-1,59,211,56.877,129.07,50.442,-5.5894,15.808,0.65023
46,-1,261,176,56.877,129.07,32.087,-4.3298,18.685,0.5585
46,-1,30,197,33.548,76.129,32.063,-11.402,22.324,0.63245
46,-1,317,245,28.326,64.279,13.207,-3.7036,18.417,0.55074
47,-1,45,203,62.22,141.19,45.929,-5.6439,15.758,0.6521
47,-1,261,176,56.877,129.07,23.143,-4.3887,18.866,0.55808
47,-1,321,245,28.326,64.279,8.2295,-3.6993,18.594,0.5491
48,-1,22,174,80,181.54,57.223,-5.4773,15.413,0.65471
48,-1,261,176,56.877,129.07,19.495,-4.3653,18.775,0.56094
48,-1,294,164,62.22,141.19,5.9899,-3.8815,18.863,0.54946
49,-1,18,210,68.041,154.4,30.619,-5.4575,15.33,0.65159
49,-1,256,174,62.22,141.19,22.964,-4.2828,18.259,0.56382
49,-1,302,193,52,118,15.953,-3.8324,18.72,0.54467
50,-1,302,193,52,118,25.582,-3.856,18.817,0.54986
50,-1,256,174,62.22,141.19,13.455,-4.3057,18.352,0.56902
51,-1,142,169,52,118,5.3007,-7.6265,21.788,0.56418
55,-1,270,184,56.877,129.07,15.041,-4.3546,19.286,0.5393
56,-1,270,168,68.041,154.4,20.541,-4.1438,18.533,0.55218
57,-1,270,176,56.877,129.07,20.745,-4.5278,20.027,0.51932
58,-1,278,184,56.877,129.07,19.725,-4.2972,19.369,0.5181
59,-1,302,193,52,118,16.805,-4.0668,19.662,0.5015
59,-1,270,184,56.877,129.07,12.202,-4.4144,19.408,0.51582
60,-1,275,174,62.22,141.19,18.658,-4.3282,19.431,0.51391
60,-1,386,198,40,90.769,2.6154,-3.0327,23.118,0.38613
61,-1,247,217,26,59,35.795,-6.8463,26.036,0.39602
61,-1,275,174,62.22,141.19,18.465,-4.361,19.551,0.51285
61,-1,386,198,40,90.769,7.0825,-3.0639,23.25,0.38414
62,-1,243,217,26,59,27.264,-6.8552,25.636,0.39043
62,-1,275,174,62.22,141.19,12.187,-4.3716,19.527,0.50515
62,-1,386,198,40,90.769,4.2559,-3.1059,23.04,0.3807
63,-1,243,217,26,59,32.53,-6.7858,25.434,0.39227
64,-1,243,217,26,59,31.825,-6.7761,25.456,0.3956
65,-1,243,213,26,59,28.686,-7.1274,26.67,0.38417
65,-1,310,201,52,118,15.924,-4.0086,19.448,0.5038
66,-1,243,213,26,59,18.147,-7.2734,27.135,0.37891
66,-1,314,193,47.893,108.68,2.5833,-4.2256,21.208,0.46315
66,-1,392,198,40,90.769,2.0493,-3.0791,23.297,0.37651
68,-1,239,213,26,59,22.906,-7.5375,27.735,0.37127
69,-1,239,217,26,59,23.173,-7.1918,26.691,0.37603
69,-1,314,208,47.893,108.68,19.704,-4.1188,20.249,0.48265
69,-1,278,184,56.877,129.07,14.329,-4.5639,20.48,0.48704
70,-1,275,174,62.22,141.19,5.7186,-4.5319,20.308,0.47957
70,-1,389,197,43.854,99.515,3.5995,-3.1746,22.587,0.37713
71,-1,313,184,56.877,129.07,1.7037,-4.1288,20.594,0.45693
72,-1,318,201,52,118,18.415,-4.0732,20.252,0.46629
72,-1,284,174,62.22,141.19,12.884,-4.4624,20.484,0.46908
72,-1,392,198,40,90.769,6.9744,-3.1723,24.021,0.32587
73,-1,318,201,52,118,35.042,-4.0895,20.324,0.45838
73,-1,287,184,56.877,129.07,19.278,-4.5024,20.733,0.45651
74,-1,326,201,52,118,36.93,-4.019,20.453,0.4584
74,-1,284,174,62.22,141.19,27.719,-4.5025,20.672,0.4646
75,-1,284,174,62.22,141.19,23.666,-4.5558,20.91,0.4575
75,-1,396,204,43.854,99.515,23.061,-3.2005,22.3,0.37895
75,-1,322,193,56.877,129.07,22.471,-4.0566,20.447,0.45909
75,-1,195,221,26,59,0.52604,-7.9875,25.857,0.39134
76,-1,322,193,56.877,129.07,17.65,-4.0778,20.491,0.45242
76,-1,284,174,62.22,141.19,17.573,-4.5723,20.944,0.45064
76,-1,195,221,26,59,8.9774,-7.9385,25.748,0.38347
77,-1,334,201,52,118,19.664,-4.0128,20.886,0.43617
77,-1,191,221,26,59,15.896,-8.1168,25.984,0.37646
77,-1,395,193,47.893,108.68,4.7532,-3.2248,22.74,0.35557
79,-1,340,193,56.877,129.07,7.9371,-3.9387,20.771,0.44097
79,-1,284,174,62.22,141.19,5.8625,-4.6352,21.179,0.44641
79,-1,395,193,47.893,108.68,3.7167,-3.2791,22.782,0.35957
80,-1,231,225,26,59,26.24,-6.8506,25.196,0.37529
80,-1,187,217,26,59,9.458,-8.6091,27.007,0.36267
80,-1,321,193,28.326,64.279,7.2692,-6.9601,41.089,-0.1268
81,-1,231,221,26,59,35.812,-7.1655,26.197,0.35441
81,-1,324,192,33.548,76.129,10.899,-5.5424,31.438,0.14604
81,-1,187,217,26,59,8.2822,-8.6026,27.027,0.366
81,-1,287,184,56.877,129.07,5.642,-4.7075,21.527,0.43743
82,-1,227,221,26,59,18.926,-7.2477,26.197,0.37802
82,-1,325,193,28.326,64.279,4.2076,-6.7265,40.843,-0.06936
83,-1,231,221,26,59,30.17,-7.1794,26.282,0.37202
83,-1,325,193,28.326,64.279,11.715,-6.758,40.881,-0.056351
84,-1,227,225,26,59,35.996,-7.0038,25.467,0.38783
84,-1,296,184,56.877,129.07,25.446,-4.6618,21.811,0.43797
84,-1,410,193,47.893,108.68,11.332,-3.169,23.219,0.35921
84,-1,179,210,30.847,69.999,9.8597,-8.3204,26.125,0.40105
85,-1,294,184,62.22,141.19,25.102,-4.5505,21.128,0.46101
85,-1,225,219,28.326,64.279,15.878,-7.2155,26.136,0.38384
85,-1,174,210,30.847,69.999,15.331,-8.6375,26.651,0.40401
86,-1,294,184,62.22,141.19,29.2,-4.5918,21.411,0.4577
86,-1,225,223,28.326,64.279,22.083,-7.1277,25.944,0.3927
86,-1,174,214,30.847,69.999,13.204,-8.4987,26.42,0.41271
87,-1,294,184,62.22,141.19,27.249,-4.6022,21.541,0.45555
87,-1,173,223,28.326,64.279,22.055,-8.2434,25.84,0.42485
87,-1,222,219,30.847,69.999,7.1292,-7.0678,25.768,0.39847
88,-1,294,174,62.22,141.19,33.246,-4.696,22.291,0.43991
88,-1,223,229,26,59,19.579,-7.0379,25.721,0.40374
88,-1,273,223,28.326,64.279,7.3458,-6.04,26.126,0.36832
89,-1,294,174,62.22,141.19,38.223,-4.7036,22.337,0.4416
89,-1,273,223,28.326,64.279,4.3945,-6.0272,26.116,0.37301
90,-1,294,174,62.22,141.19,40.006,-4.6517,22.011,0.45063
90,-1,360,243,33.548,76.129,10.253,-4.0156,21.815,0.44071
91,-1,296,184,56.877,129.07,31.743,-4.7392,22.516,0.45194
92,-1,296,184,56.877,129.07,20.334,-4.7825,22.808,0.4628
92,-1,282,219,28.326,64.279,2.8078,-6.0687,27.433,0.39267
93,-1,164,214,28.326,64.279,21.648,-9.0901,27.762,0.46171
93,-1,358,193,52,118,9.4753,-3.9945,23.068,0.43861
94,-1,357,184,56.877,129.07,15.928,-3.9891,22.679,0.44187
94,-1,296,184,56.877,129.07,10.144,-4.7539,22.568,0.46273
95,-1,294,164,62.22,141.19,17.655,-4.8437,23.253,0.44488
95,-1,156,214,28.326,64.279,15.05,-8.7698,26.715,0.4569
96,-1,303,164,62.22,141.19,27.7,-4.7301,23.385,0.45052
96,-1,357,184,56.877,129.07,27.019,-4.0153,22.776,0.44602
96,-1,156,214,28.326,64.279,22.976,-8.7722,26.817,0.47623
96,-1,204,219,28.326,64.279,9.8119,-7.3541,26.022,0.4586
97,-1,358,185,52,118,39.973,-4.0611,23.528,0.44856
97,-1,303,164,62.22,141.19,32.752,-4.7197,23.207,0.47063
97,-1,154,202,33.548,76.129,27.787,-8.4773,26.267,0.50275
98,-1,366,185,52,118,39.684,-3.9612,23.634,0.44831
98,-1,303,164,62.22,141.19,34.61,-4.7312,23.304,0.47232
98,-1,148,202,33.548,76.129,25.777,-8.6296,26.381,0.50841
98,-1,207,210,30.847,69.999,13.213,-7.3314,26.33,0.47887
99,-1,366,193,47.893,108.68,41.56,-3.9813,23.862,0.46075
99,-1,305,167,56.877,129.07,28.234,-4.8391,24.371,0.47278
99,-1,205,202,33.548,76.129,10.687,-7.4814,26.882,0.49474
100,-1,366,193,52,118,40.29,-3.9887,23.162,0.47226
100,-1,303,164,62.22,141.19,28.912,-4.7617,23.546,0.48693
100,-1,200,202,33.548,76.129,23.704,-7.6226,26.948,0.50851
100,-1,146,200,30.847,69.999,8.0028,-9.7358,28.669,0.53752
101,-1,197,198,36.769,83.436,27.733,-7.4287,26.316,0.53849
101,-1,366,193,52,118,25.741,-4.0197,23.274,0.48314
101,-1,303,164,62.22,141.19,23.395,-4.794,23.648,0.50022
101,-1,140,193,36.769,83.436,13.944,-8.9713,26.952,0.57407
101,-1,279,210,30.847,69.999,9.1472,-5.9916,27.086,0.486
102,-1,191,193,36.769,83.436,29.875,-7.9759,27.525,0.5793
102,-1,366,193,52,118,23.544,-4.0317,23.418,0.51464
102,-1,278,210,28.326,64.279,19.967,-6.3434,28.712,0.52726
102,-1,303,164,62.22,141.19,15.323,-4.8117,23.793,0.53125
102,-1,138,197,33.548,76.129,1.6678,-9.4919,27.904,0.61465
103,-1,366,193,52,118,28.363,-4.0211,23.891,0.52831
103,-1,335,181,26,59,25.504,-32.058,386.62,-1.1229
103,-1,191,198,36.769,83.436,24.26,-7.9111,27.523,0.59766
103,-1,274,210,30.847,69.999,14.58,-6.3072,28.437,0.55365
104,-1,273,214,28.326,64.279,30.225,-6.5006,29.505,0.55255
104,-1,129,198,36.769,83.436,22.344,-9.2996,27.514,0.62905
104,-1,358,193,52,118,22.286,-4.108,24.129,0.53082
104,-1,305,176,56.877,129.07,7.6222,-4.8562,24.627,0.54491
105,-1,177,192,40,90.769,13.911,-8.1152,27.738,0.61472
105,-1,123,198,36.769,83.436,7.4818,-9.4014,27.618,0.64748
106,-1,291,158,68.041,154.4,23.364,-4.8874,24.254,0.5704
106,-1,358,193,52,118,17.499,-4.0757,24.538,0.54963
106,-1,112,198,36.769,83.436,17.46,-9.8644,28.144,0.68031
106,-1,269,210,30.847,69.999,14.76,-6.5102,29.864,0.59279
106,-1,171,192,40,90.769,4.802,-8.41,28.323,0.64412
107,-1,350,193,52,118,29.724,-4.1712,24.913,0.56571
107,-1,296,176,56.877,129.07,27.972,-4.9961,25.5,0.58465
107,-1,264,219,28.326,64.279,20.27,-6.5815,29.738,0.61744
107,-1,112,198,36.769,83.436,18.443,-10.203,28.978,0.70447
108,-1,103,198,40,90.769,38.199,-9.4748,27.527,0.69029
108,-1,296,176,56.877,129.07,37.841,-4.9603,25.785,0.59002
108,-1,350,193,52,118,33.633,-4.1224,25.161,0.57155
108,-1,260,214,30.847,69.999,21.107,-6.5946,30.032,0.62473
109,-1,342,193,52,118,38.535,-4.2119,25.07,0.56935
109,-1,296,176,56.877,129.07,34.33,-4.9082,25.689,0.58309
109,-1,91,198,40,90.769,20.635,-9.5158,27.288,0.67639
109,-1,246,212,33.548,76.129,4.4536,-6.508,28.493,0.61337
110,-1,296,176,56.877,129.07,35.087,-4.9096,25.728,0.57988
110,-1,340,184,56.877,129.07,29.969,-4.2135,24.887,0.56772
110,-1,85,198,40,90.769,23.889,-9.6297,27.333,0.66602
110,-1,248,210,36.769,83.436,15.28,-6.1837,27.378,0.60205
110,-1,142,177,52,118,14.907,-7.8936,26.585,0.63448
111,-1,85,204,40,90.769,38.568,-9.1091,26.481,0.65595
111,-1,296,176,56.877,129.07,28.099,-4.9351,25.93,0.58234
111,-1,344,193,47.893,108.68,2.913,-4.234,26.526,0.56956
112,-1,78,204,40,90.769,46.078,-9.2091,26.478,0.64605
112,-1,296,176,56.877,129.07,29.034,-4.9422,25.988,0.57607
112,-1,188,229,30.847,69.999,23.47,-7.1007,26.408,0.61124
112,-1,250,219,30.847,69.999,6.8135,-6.4437,28.632,0.59748
112,-1,147,197,43.854,99.515,4.524,-7.8358,26.623,0.62313
113,-1,72,197,43.854,99.515,35.764,-9.0234,26.132,0.62275
113,-1,296,176,56.877,129.07,28.691,-4.9308,25.978,0.56513
113,-1,342,185,52,118,24.879,-4.2403,26.367,0.55446
113,-1,134,185,52,118,14.019,-7.5309,25.619,0.60278
114,-1,66,197,43.854,99.515,35.699,-8.8973,25.843,0.60156
114,-1,294,164,62.22,141.19,25.585,-4.8895,25.741,0.55122
114,-1,340,184,56.877,129.07,19.881,-4.2418,24.99,0.54595
114,-1,238,204,40,90.769,8.6181,-6.186,26.967,0.56286
115,-1,294,164,62.22,141.19,37.005,-4.8922,25.748,0.53617
115,-1,62,185,52,118,35.966,-8.4497,25.182,0.58729
115,-1,340,184,56.877,129.07,24.961,-4.2532,24.997,0.5321
115,-1,238,204,40,90.769,9.7769,-6.1767,26.983,0.54599
116,-1,296,184,56.877,129.07,36.198,-4.8552,25.116,0.53267
116,-1,57,193,47.893,108.68,35.078,-8.7224,25.506,0.57644
116,-1,342,185,52,118,27.543,-4.2548,26.308,0.51779
117,-1,296,176,56.877,129.07,44.214,-4.9053,25.942,0.51936
117,-1,46,185,52,118,34.678,-8.6612,25.268,0.56033
117,-1,340,184,56.877,129.07,25.087,-4.2589,25.185,0.51868
117,-1,234,204,43.854,99.515,15.807,-5.9503,25.947,0.52935
118,-1,38,185,52,118,26.888,-8.7632,25.302,0.56442
118,-1,294,164,62.22,141.19,26.131,-4.8919,25.913,0.51268
118,-1,112,176,56.877,129.07,20.887,-7.5487,25.406,0.54892
118,-1,236,215,36.769,83.436,18.937,-6.0944,26.582,0.52164
118,-1,340,184,56.877,129.07,16.911,-4.2674,25.178,0.51124
119,-1,291,158,68.041,154.4,29.835,-4.8578,25.439,0.51896
119,-1,236,215,36.769,83.436,27.895,-6.1454,26.908,0.52063
119,-1,342,193,52,118,21.781,-4.272,25.638,0.51143
119,-1,103,174,62.22,141.19,21.416,-7.269,24.696,0.54933
119,-1,38,193,52,118,19.291,-8.3615,24.778,0.55983
120,-1,287,176,56.877,129.07,33.666,-5.0419,26.387,0.49572
120,-1,22,193,52,118,18.346,-8.5843,24.868,0.53997
120,-1,232,216,40,90.769,17.815,-5.9547,26.035,0.50673
120,-1,94,201,52,118,11.81,-7.3063,24.507,0.53303
120,-1,331,184,56.877,129.07,5.1605,-4.374,25.595,0.49808
121,-1,231,215,36.769,83.436,29.584,-6.1327,27.15,0.48323
121,-1,287,176,56.877,129.07,25.674,-4.9674,26.437,0.47911
121,-1,85,193,56.877,129.07,12.126,-7.2129,24.375,0.52898
121,-1,7,193,56.877,129.07,5.245,-8.1045,24.117,0.54193
122,-1,275,174,62.22,141.19,46.265,-4.9043,25.546,0.48415
122,-1,214,216,40,90.769,28.507,-6.0243,26.252,0.48936
123,-1,265,174,62.22,141.19,35.712,-4.8921,25.572,0.48817
123,-1,208,216,40,90.769,27.034,-5.9349,26.268,0.49474
123,-1,50,168,68.041,154.4,12.722,-7.3017,24.529,0.53624
124,-1,256,174,62.22,141.19,41.26,-4.9147,25.66,0.50699
124,-1,197,221,36.769,83.436,21.793,-6.0686,26.631,0.51276
125,-1,256,174,62.22,141.19,40.84,-4.8956,25.725,0.49773
125,-1,194,210,43.854,99.515,27.991,-5.9238,26.177,0.50115
126,-1,256,174,62.22,141.19,53.184,-4.9199,25.853,0.47955
126,-1,308,254,28.326,64.279,11.682,-4.4645,25.603,0.47879
126,-1,182,208,47.893,108.68,11.382,-5.9449,25.648,0.49102
127,-1,256,174,62.22,141.19,24.576,-4.9104,25.78,0.47961
127,-1,174,193,52,118,17.683,-6.0985,26.052,0.48917
127,-1,308,249,28.326,64.279,2.6098,-4.466,25.959,0.47238
128,-1,256,174,62.22,141.19,24.221,-4.9298,26.017,0.48566
128,-1,174,201,52,118,11.827,-5.9748,25.603,0.50489
129,-1,256,174,62.22,141.19,21.164,-4.934,26.165,0.47896
129,-1,160,184,62.22,141.19,7.1729,-5.9765,25.273,0.50137
130,-1,249,158,68.041,154.4,17.677,-4.9885,26.353,0.47068
130,-1,155,179,68.041,154.4,16.883,-5.8421,24.78,0.50021
130,-1,294,174,62.22,141.19,14.974,-4.4356,26.135,0.46826
131,-1,249,158,68.041,154.4,24.84,-4.9985,26.445,0.46434
131,-1,155,179,68.041,154.4,22.552,-5.851,24.877,0.49556
132,-1,246,164,62.22,141.19,24.961,-5.1296,27.036,0.45458
132,-1,155,179,68.041,154.4,19.704,-5.8346,24.87,0.49503
133,-1,246,174,62.22,141.19,24.578,-5.0701,26.234,0.46421
134,-1,256,174,62.22,141.19,27.311,-4.9594,26.269,0.46654
134,-1,203,209,26,59,11.929,-7.6993,35.093,0.37035
134,-1,303,174,62.22,141.19,0.8598,-4.3845,26.292,0.45964
135,-1,249,158,68.041,154.4,23.135,-5.0331,26.467,0.46039
135,-1,203,209,26,59,22.593,-7.5788,34.503,0.36854
136,-1,203,209,26,59,26.036,-7.6481,34.841,0.37126
136,-1,246,174,62.22,141.19,12.641,-5.1043,26.381,0.46402
137,-1,203,213,26,59,9.8402,-7.462,34.062,0.39477
137,-1,246,164,62.22,141.19,0.59834,-5.2032,27.552,0.45621
138,-1,203,213,26,59,9.9108,-7.5041,34.504,0.38718
139,-1,199,213,26,59,21.471,-7.7213,35.095,0.37568
139,-1,246,164,62.22,141.19,14.193,-5.216,27.988,0.44647
140,-1,199,213,26,59,26.583,-7.7131,35.163,0.37603
140,-1,296,184,56.877,129.07,23.224,-4.537,27.316,0.44914
140,-1,239,158,68.041,154.4,19.949,-5.2124,27.342,0.45711
141,-1,296,184,56.877,129.07,38.789,-4.5462,27.346,0.44301
141,-1,195,213,26,59,25.367,-7.779,34.987,0.36374
141,-1,237,150,74.286,168.57,14.534,-5.1555,26.878,0.45712
141,-1,167,258,43.854,99.515,2.194,-5.6676,24.843,0.49396
142,-1,296,184,56.877,129.07,45.481,-4.5587,27.418,0.44202
142,-1,195,210,28.326,64.279,28.481,-7.5407,34.097,0.37974
142,-1,246,174,62.22,141.19,22.337,-5.1521,27.218,0.4523
143,-1,296,184,56.877,129.07,42.681,-4.5717,27.472,0.44661
143,-1,190,210,28.326,64.279,30.879,-7.6183,33.876,0.39109
143,-1,239,158,68.041,154.4,18.923,-5.2319,27.492,0.45444
143,-1,92,146,104,236,13.589,-5.8014,24.285,0.50803
144,-1,296,184,56.877,129.07,46.554,-4.5871,27.556,0.43889
144,-1,191,213,26,59,28.001,-7.7969,34.626,0.36867
144,-1,237,150,74.286,168.57,5.8364,-5.1863,27.082,0.45342
145,-1,188,205,30.847,69.999,25.632,-7.621,33.832,0.36936
145,-1,296,193,56.877,129.07,24.295,-4.6065,27.005,0.44452
145,-1,152,296,40,90.769,2.7879,-5.6095,24.407,0.4968
146,-1,188,205,30.847,69.999,18.537,-7.6233,33.869,0.363
146,-1,296,193,56.877,129.07,12.365,-4.6181,27.088,0.44009
147,-1,190,210,28.326,64.279,14.052,-7.733,34.439,0.3499
147,-1,249,158,68.041,154.4,9.8842,-5.162,27.949,0.42975
147,-1,296,193,56.877,129.07,8.7401,-4.6303,27.229,0.43578
148,-1,185,207,33.548,76.129,17.192,-7.2486,32.151,0.37565
148,-1,301,217,43.854,99.515,15.182,-4.6653,27.787,0.4217
148,-1,249,158,68.041,154.4,8.946,-5.1859,28.102,0.42241
149,-1,294,184,62.22,141.19,16.635,-4.6571,27.195,0.4299
149,-1,249,158,68.041,154.4,11.348,-5.1945,28.107,0.41976
150,-1,188,210,30.847,69.999,35.135,-7.4398,33.13,0.35573
150,-1,246,174,62.22,141.19,13.958,-5.2711,28.056,0.42122
150,-1,154,202,33.548,76.129,10.862,-8.3357,33.505,0.35989
150,-1,302,201,52,118,9.4547,-4.6332,27.799,0.41808
151,-1,193,210,30.847,69.999,27.752,-7.331,33.129,0.35842
151,-1,296,193,56.877,129.07,19.303,-4.6969,27.639,0.42224
151,-1,249,158,68.041,154.4,18.762,-5.2342,28.358,0.41632
151,-1,152,198,36.769,83.436,8.4284,-8.0652,32.599,0.37712
152,-1,185,202,33.548,76.129,38.563,-7.5081,33.242,0.36887
152,-1,314,243,33.548,76.129,23.812,-4.6363,27.844,0.42517
152,-1,152,193,36.769,83.436,23.509,-8.3512,33.553,0.3731
152,-1,249,158,68.041,154.4,22.731,-5.2379,28.322,0.42401
153,-1,308,238,33.548,76.129,35.212,-4.7144,28.444,0.41856
153,-1,180,198,36.769,83.436,30.579,-7.4728,32.858,0.37803
153,-1,249,158,68.041,154.4,26.491,-5.2566,28.547,0.42312
153,-1,154,202,33.548,76.129,11.154,-8.3302,33.59,0.37592
154,-1,180,198,36.769,83.436,26.388,-7.5419,33.147,0.36306
154,-1,310,238,36.769,83.436,23.628,-4.6867,28.025,0.41962
154,-1,246,174,62.22,141.19,8.5697,-5.3306,28.458,0.41938
154,-1,146,192,40,90.769,7.7905,-8.1417,32.677,0.37799
155,-1,308,243,33.548,76.129,31.794,-4.741,28.297,0.409
155,-1,185,204,36.769,83.436,27.932,-7.1238,31.949,0.36543
155,-1,252,184,56.877,129.07,12.087,-5.3177,28.749,0.40626
155,-1,148,207,33.548,76.129,3.2362,-8.1646,32.715,0.36141
156,-1,246,174,62.22,141.19,23.604,-5.3681,28.751,0.40153
156,-1,180,204,36.769,83.436,20.31,-7.3052,32.27,0.35343
156,-1,294,184,62.22,141.19,19.674,-4.7519,28.032,0.40938
157,-1,246,174,62.22,141.19,29.15,-5.3985,28.986,0.39663
157,-1,308,248,33.548,76.129,24.698,-4.7721,28.309,0.40263
157,-1,185,212,33.548,76.129,14.632,-7.31,32.583,0.34864
158,-1,246,174,62.22,141.19,26.011,-5.4236,29.074,0.39704
158,-1,296,193,56.877,129.07,22.355,-4.8006,28.553,0.39854
158,-1,180,204,36.769,83.436,12.718,-7.4467,32.791,0.35304
159,-1,249,168,68.041,154.4,35.279,-5.3198,28.697,0.41238
159,-1,308,262,28.326,64.279,24.8,-4.8413,28.446,0.40945
160,-1,249,168,68.041,154.4,44.382,-5.3303,28.794,0.42085
161,-1,183,204,40,90.769,18.944,-7.0604,31.738,0.39494
162,-1,183,204,40,90.769,12.137,-6.9965,31.483,0.38294
162,-1,246,174,62.22,141.19,5.9054,-5.4684,29.282,0.40331
163,-1,246,174,62.22,141.19,13.468,-5.4721,29.269,0.39966
163,-1,317,254,28.326,64.279,3.8868,-4.7943,29.06,0.39488
164,-1,246,174,62.22,141.19,8.4496,-5.5232,29.592,0.39338
165,-1,249,168,68.041,154.4,26.759,-5.4334,29.179,0.39674
165,-1,321,258,28.326,64.279,1.0021,-4.8071,29.231,0.38767
166,-1,249,168,68.041,154.4,34.692,-5.4737,29.258,0.39103
166,-1,94,185,52,118,17.16,-8.2082,30.741,0.39411
166,-1,310,209,52,118,12.899,-4.8388,28.974,0.38911
167,-1,256,174,62.22,141.19,35.37,-5.4976,29.736,0.3811
167,-1,94,177,52,118,23.321,-8.602,31.593,0.38384
167,-1,180,197,43.854,99.515,16.281,-7.1387,31.643,0.36395
168,-1,249,168,68.041,154.4,31.474,-5.5045,29.282,0.39317
168,-1,94,177,52,118,14.675,-8.6197,31.689,0.3802
169,-1,249,168,68.041,154.4,25.074,-5.4962,29.176,0.39881
169,-1,167,193,47.893,108.68,11.833,-7.0508,30.788,0.38614
169,-1,94,176,56.877,129.07,1.7035,-7.8941,30.234,0.40579
170,-1,249,168,68.041,154.4,19.216,-5.4881,29.151,0.40137
170,-1,166,185,52,118,15.75,-6.9464,30.573,0.39366
170,-1,85,167,56.877,129.07,15.241,-8.4117,31.128,0.40164
171,-1,167,193,47.893,108.68,24.512,-7.0329,30.87,0.39873
171,-1,249,168,68.041,154.4,14.239,-5.5041,29.298,0.40708
172,-1,166,185,52,118,16.004,-6.9911,30.841,0.40179
172,-1,321,232,36.769,83.436,13.051,-4.8817,29.938,0.38793
172,-1,249,158,68.041,154.4,4.3462,-5.5943,30.129,0.39456
173,-1,158,185,52,118,14.737,-7.1689,31.074,0.40288
173,-1,256,179,28.326,64.279,9.6486,-15.929,105.95,-0.72005
174,-1,158,185,52,118,17.893,-7.2048,31.225,0.39007
174,-1,249,168,68.041,154.4,17.486,-5.5561,29.697,0.39627
174,-1,319,243,33.548,76.129,9.624,-4.9541,29.966,0.38341
175,-1,256,174,62.22,141.19,21.02,-5.5528,30.101,0.38593
175,-1,158,185,52,118,19.478,-7.1144,30.992,0.3923
175,-1,316,248,30.847,69.999,6.8951,-5.0168,29.933,0.38119
175,-1,64,164,62.22,141.19,0.90354,-8.2553,30.536,0.41741
176,-1,256,164,62.22,141.19,22.228,-5.6451,30.849,0.38646
176,-1,321,248,30.847,69.999,17.151,-4.9825,29.892,0.39201
176,-1,60,147,68.041,154.4,3.7654,-8.3467,30.719,0.43076
177,-1,156,176,56.877,129.07,19.148,-7.0908,30.968,0.42208
177,-1,249,168,68.041,154.4,16.6,-5.5927,29.802,0.41462
177,-1,62,193,52,118,12.414,-8.1228,30.174,0.4509
178,-1,211,209,26,59,16.942,-8.2031,38.181,0.34248
178,-1,147,176,56.877,129.07,7.2056,-7.1777,30.899,0.42505
178,-1,256,174,62.22,141.19,4.6627,-5.5998,30.298,0.41224
179,-1,71,233,33.548,76.129,24.414,-8.1694,30.383,0.45623
179,-1,256,164,62.22,141.19,1.3981,-5.7034,31.193,0.41071
180,-1,141,174,62.22,141.19,16.881,-7.085,30.552,0.44642
182,-1,141,174,62.22,141.19,13.892,-7.129,30.733,0.4427
182,-1,249,158,68.041,154.4,9.2387,-5.7968,31.174,0.42105
183,-1,261,176,56.877,129.07,21.279,-5.8313,32.038,0.41212
183,-1,326,248,30.847,69.999,1.2596,-5.0761,30.927,0.41425
183,-1,131,174,62.22,141.19,-0.21121,-7.2988,30.839,0.44509
184,-1,260,158,68.041,154.4,9.9313,-5.7235,31.422,0.41975
184,-1,120,162,80,181.54,-0.71854,-6.738,29.314,0.4565
185,-1,256,174,62.22,141.19,15.083,-5.819,31.42,0.42928
185,-1,123,173,74.286,168.57,12.668,-6.8152,29.575,0.46202
185,-1,305,184,56.877,129.07,0.9079,-5.2316,31.659,0.41821
186,-1,249,168,68.041,154.4,3.2563,-5.8198,30.935,0.43282
187,-1,305,176,56.877,129.07,23.351,-5.2931,32.288,0.40537
188,-1,111,173,74.286,168.57,5.6941,-6.9578,29.775,0.45448
189,-1,303,174,62.22,141.19,29.368,-5.3001,31.632,0.40538
190,-1,305,184,56.877,129.07,41.82,-5.3387,32.217,0.39858
190,-1,260,168,68.041,154.4,11.915,-5.7794,31.399,0.41442
191,-1,303,184,62.22,141.19,30.359,-5.3244,31.419,0.40474
191,-1,117,162,86.667,196.67,5.0194,-6.6886,29.522,0.4509
192,-1,313,193,56.877,129.07,36.207,-5.2663,31.81,0.39456
192,-1,260,168,68.041,154.4,19.553,-5.8368,31.713,0.40473
192,-1,174,229,30.847,69.999,8.4932,-7.846,33.838,0.40697
192,-1,203,217,26,59,5.8736,-8.9256,39.488,0.34677
193,-1,313,193,56.877,129.07,27.168,-5.2789,31.876,0.39511
193,-1,199,217,26,59,25.576,-8.9934,39.357,0.34935
193,-1,260,168,68.041,154.4,18.138,-5.8469,31.775,0.40447
193,-1,92,146,104,236,10.39,-6.5723,29.014,0.45103
194,-1,313,193,56.877,129.07,24.849,-5.2939,31.975,0.39618
194,-1,260,168,68.041,154.4,10.121,-5.8626,31.878,0.40503
195,-1,195,210,28.326,64.279,22.749,-9.3587,40.375,0.3404
195,-1,303,184,62.22,141.19,10.683,-5.3956,31.843,0.40009
196,-1,198,205,30.847,69.999,14.07,-9.1237,39.98,0.33987
196,-1,73,118,125.53,284.85,8.4952,-6.4907,28.854,0.4488
196,-1,207,210,30.847,69.999,6.2781,-8.4053,38.247,0.35351
196,-1,303,184,62.22,141.19,0.41783,-5.4152,31.879,0.39989
197,-1,193,210,30.847,69.999,10.945,-8.8333,38.526,0.34503
197,-1,53,118,125.53,284.85,6.812,-6.6282,28.935,0.44679
198,-1,190,210,28.326,64.279,23.333,-9.4883,40.413,0.29213
198,-1,313,184,62.22,141.19,4.1411,-5.3222,32.056,0.38405
199,-1,193,210,30.847,69.999,20.285,-8.7668,38.283,0.26342
199,-1,261,176,56.877,129.07,7.0226,-6.2062,33.871,0.33191
200,-1,261,184,56.877,129.07,14.67,-6.1193,33.154,0.33711
200,-1,188,210,30.847,69.999,7.3459,-8.9575,38.532,0.26169
201,-1,190,210,28.326,64.279,24.307,-9.533,40.373,0.26402
201,-1,261,176,56.877,129.07,15.968,-6.2579,34.019,0.33833
201,-1,325,241,40,90.769,0.693,-5.3847,31.877,0.36625
202,-1,191,213,26,59,34.834,-10.207,42.445,0.23312
202,-1,256,174,62.22,141.19,14.771,-6.2141,33.269,0.35343
203,-1,265,174,62.22,141.19,12.75,-6.1105,33.274,0.35709
203,-1,165,210,30.847,69.999,4.4546,-9.7265,38.83,0.30307
204,-1,165,210,30.847,69.999,8.0367,-9.6006,38.442,0.33113
204,-1,265,164,62.22,141.19,6.5684,-6.2493,34.228,0.3584
204,-1,335,269,26,59,5.7581,-5.4393,32.342,0.37725
204,-1,191,213,26,59,2.5671,-9.9754,41.529,0.29115
205,-1,265,164,62.22,141.19,16.827,-6.2581,34.298,0.35169
205,-1,163,209,26,59,14.348,-11.453,43.132,0.25999
205,-1,191,209,26,59,7.4913,-10.544,43.404,0.24854
206,-1,160,210,28.326,64.279,17.771,-10.276,39.886,0.31169
206,-1,265,164,62.22,141.19,15.74,-6.2556,34.199,0.35055
206,-1,200,207,33.548,76.129,10.064,-8.3953,37.513,0.32537
206,-1,187,209,26,59,9.1027,-10.491,42.8,0.26868
206,-1,321,248,30.847,69.999,1.3012,-5.6237,33.08,0.36018
207,-1,265,174,62.22,141.19,24.974,-6.1934,33.651,0.37631
207,-1,155,210,30.847,69.999,12.301,-10.048,39.065,0.33911
207,-1,200,212,33.548,76.129,10.134,-8.298,37.201,0.34883
207,-1,184,210,30.847,69.999,4.5559,-9.3415,39.241,0.33182
207,-1,101,230,47.893,108.68,3.4062,-7.6705,31.725,0.41038
208,-1,188,210,30.847,69.999,29.9,-9.4194,39.825,0.32622
208,-1,265,174,62.22,141.19,26.727,-6.2294,33.862,0.37411
208,-1,313,174,62.22,141.19,16.018,-5.5875,33.926,0.36823
208,-1,155,210,30.847,69.999,6.1013,-10.26,39.63,0.33527
209,-1,265,174,62.22,141.19,42.424,-6.2616,34.008,0.36932
209,-1,185,207,33.548,76.129,17.695,-9.2218,39.062,0.32714
209,-1,321,252,30.847,69.999,9.4357,-5.6915,33.474,0.37182
210,-1,265,174,62.22,141.19,37.143,-6.2991,34.081,0.36652
210,-1,185,204,36.769,83.436,20.933,-8.8507,37.94,0.33711
210,-1,214,204,36.769,83.436,3.5622,-8.2313,38.078,0.33044
211,-1,265,174,62.22,141.19,40.422,-6.3288,34.142,0.37384
211,-1,154,207,33.548,76.129,39.758,-10.019,38.932,0.35108
211,-1,185,207,33.548,76.129,37.268,-9.2913,39.108,0.34206
212,-1,151,210,30.847,69.999,49.087,-10.668,40.17,0.34923
212,-1,185,204,36.769,83.436,29.676,-8.9876,38.225,0.35686
212,-1,265,174,62.22,141.19,27.782,-6.3772,34.298,0.37834
212,-1,-11,237,56.877,129.07,6.6102,-8.1459,30.973,0.42742
213,-1,154,207,33.548,76.129,39.602,-10.008,38.782,0.3735
213,-1,185,204,36.769,83.436,31.001,-8.9025,37.889,0.37315
213,-1,275,174,62.22,141.19,17.037,-6.2619,34.235,0.38649
213,-1,330,258,28.326,64.279,11.899,-5.7346,33.699,0.38734
214,-1,151,205,30.847,69.999,32.372,-11.301,41.64,0.36559
214,-1,185,207,33.548,76.129,29.281,-9.3401,39.094,0.37242
214,-1,322,174,62.22,141.19,10.605,-5.6648,34.421,0.38437
215,-1,185,207,33.548,76.129,53.262,-9.4253,39.329,0.36961
215,-1,148,202,33.548,76.129,29.495,-10.949,40.68,0.37059
215,-1,275,174,62.22,141.19,12.351,-6.3213,34.503,0.38701
215,-1,322,184,62.22,141.19,10.257,-5.671,33.753,0.38822
215,-1,50,274,47.893,108.68,1.3126,-7.4947,30.916,0.43107
216,-1,185,202,33.548,76.129,33.04,-10.14,41.354,0.36333
216,-1,151,205,30.847,69.999,32.535,-11.641,42.392,0.36862
216,-1,275,174,62.22,141.19,22.54,-6.3653,34.675,0.38807
216,-1,322,174,62.22,141.19,10.77,-5.7315,34.752,0.38103
216,-1,219,229,26,59,2.8702,-8.4752,38.531,0.3731
217,-1,146,204,36.769,83.436,35.513,-10.256,38.973,0.39942
217,-1,275,174,62.22,141.19,28.618,-6.4291,34.984,0.39016
217,-1,332,184,62.22,141.19,16.991,-5.6231,34.175,0.38793
218,-1,275,174,62.22,141.19,34.506,-6.5181,35.257,0.42143
218,-1,146,204,36.769,83.436,28.644,-10.578,39.564,0.46118
218,-1,-24,118,125.53,284.85,16.462,-7.5969,30.816,0.45668
218,-1,332,184,62.22,141.19,11.905,-5.6846,34.406,0.41313
218,-1,185,202,33.548,76.129,6.7406,-10.966,43.372,0.44996
219,-1,146,198,40,90.769,44.332,-10.282,38.914,0.47634
219,-1,270,193,36.769,83.436,19.725,-8.4069,44.334,0.41926
219,-1,312,181,30.847,69.999,8.7725,-17.32,149.84,0.029132
220,-1,146,204,36.769,83.436,27.791,-10.245,38.781,0.41418
220,-1,270,168,68.041,154.4,19.635,-6.4825,34.502,0.40697
221,-1,272,192,33.548,76.129,22.935,-8.7735,46.536,0.23203
221,-1,140,204,36.769,83.436,19.759,-10.067,38.156,0.36105
222,-1,140,198,40,90.769,26.262,-9.7065,37.487,0.3322
222,-1,275,164,62.22,141.19,21.201,-6.6415,35.771,0.335
222,-1,203,209,26,59,6.0681,-10.819,44.321,0.22904
223,-1,275,164,62.22,141.19,15.936,-6.6713,35.809,0.32215
223,-1,338,238,36.769,83.436,4.4849,-5.8878,34.47,0.33973
224,-1,270,168,68.041,154.4,20.464,-6.5062,34.434,0.34679
224,-1,219,229,26,59,9.542,-8.4836,38.207,0.29749
224,-1,340,248,30.847,69.999,4.8677,-5.9287,34.835,0.33488
224,-1,231,202,33.548,76.129,1.0391,-8.8111,40.677,0.257
225,-1,281,168,68.041,154.4,30.874,-6.4031,34.622,0.33216
225,-1,340,252,30.847,69.999,14.582,-5.934,34.716,0.32827
225,-1,135,198,36.769,83.436,13.93,-10.712,39.444,0.26477
226,-1,275,174,62.22,141.19,23.968,-6.594,35.252,0.31775
226,-1,322,174,62.22,141.19,5.1261,-5.9951,35.327,0.3113
226,-1,226,210,30.847,69.999,4.5844,-8.9014,40.557,0.2336
227,-1,275,174,62.22,141.19,35.237,-6.6117,35.388,0.31905
227,-1,226,207,33.548,76.129,26.089,-8.6841,39.943,0.2512
227,-1,323,168,68.041,154.4,13.244,-5.9371,34.895,0.32286
227,-1,169,198,36.769,83.436,9.4758,-10.071,40.098,0.25922
227,-1,128,202,33.548,76.129,9.112,-11.5,40.779,0.25786
228,-1,281,168,68.041,154.4,32.766,-6.4429,34.904,0.32812
228,-1,207,237,26,59,14.575,-8.3725,37.331,0.29601
228,-1,323,168,68.041,154.4,14.571,-5.9529,34.969,0.32385
228,-1,167,197,43.854,99.515,12.583,-8.8591,37.125,0.30283
228,-1,221,197,43.854,99.515,12.323,-7.9699,37.345,0.29321
229,-1,284,164,62.22,141.19,15.187,-6.6184,36.323,0.29318
229,-1,225,198,36.769,83.436,3.3125,-8.6555,39.965,0.23783
229,-1,322,174,62.22,141.19,0.69851,-6.034,35.449,0.30557
230,-1,113,197,43.854,99.515,21.368,-9.6129,36.734,0.31135
230,-1,284,164,62.22,141.19,16.084,-6.6272,36.321,0.29099
231,-1,113,197,43.854,99.515,23.653,-9.5905,36.735,0.31455
231,-1,275,164,62.22,141.19,22.574,-6.7675,36.328,0.29758
231,-1,182,200,47.893,108.68,17.94,-8.0342,35.734,0.32033
231,-1,323,168,68.041,154.4,10.198,-6.004,34.996,0.3168
232,-1,109,193,47.893,108.68,35.464,-9.4177,36.385,0.32487
232,-1,284,174,62.22,141.19,22.704,-6.5693,35.667,0.31326
232,-1,173,184,56.877,129.07,18.959,-8.0236,35.563,0.32809
232,-1,235,245,26,59,14.087,-7.6626,36.554,0.30612
232,-1,331,158,56.877,129.07,12.34,-6.1315,39.385,0.23891
232,-1,153,193,47.893,108.68,7.8092,-8.7753,36.565,0.31576
232,-1,225,198,36.769,83.436,7.4445,-8.7172,40.22,0.24599
233,-1,101,193,47.893,108.68,36.513,-9.5675,36.472,0.32557
233,-1,284,164,62.22,141.19,36.032,-6.7072,36.756,0.2954
233,-1,174,193,52,118,17.326,-8.1354,35.861,0.32456
233,-1,332,174,62.22,141.19,13.079,-5.9906,35.892,0.30534
233,-1,142,193,52,118,1.826,-8.5453,35.75,0.33019
233,-1,214,193,52,118,0.28979,-7.6194,35.985,0.31776
234,-1,281,168,68.041,154.4,37.561,-6.5592,35.387,0.31726
234,-1,102,185,52,118,34.503,-9.4946,36.469,0.32133
234,-1,323,168,68.041,154.4,15.077,-6.0751,35.456,0.3118
234,-1,147,204,43.854,99.515,14.188,-8.8849,36.593,0.31372
234,-1,186,227,28.326,64.279,7.0232,-9.0356,38.362,0.28067
234,-1,225,204,36.769,83.436,6.2681,-8.4599,39.265,0.25822
235,-1,94,185,52,118,47.169,-9.66,36.554,0.31284
235,-1,284,174,62.22,141.19,36.456,-6.6582,36.059,0.29872
235,-1,222,193,52,118,21.313,-7.5908,36.257,0.30222
235,-1,138,193,47.893,108.68,17.782,-9.1246,36.892,0.30183
235,-1,333,168,68.041,154.4,12.548,-5.9881,35.589,0.30274
236,-1,284,174,62.22,141.19,38.521,-6.6766,36.107,0.30002
236,-1,94,185,52,118,37.704,-9.6543,36.589,0.31566
236,-1,184,229,30.847,69.999,23.409,-8.692,37.402,0.29142
236,-1,332,174,62.22,141.19,20.661,-6.0716,36.196,0.29314
236,-1,214,193,52,118,11.336,-7.7063,36.277,0.30536
236,-1,126,185,52,118,0.51096,-9.1991,36.734,0.30893
237,-1,86,185,52,118,33.362,-9.8635,36.791,0.31831
237,-1,281,168,68.041,154.4,26.095,-6.637,35.75,0.31026
237,-1,322,174,62.22,141.19,18.343,-6.2187,36.389,0.29455
237,-1,134,185,52,118,18.279,-9.1669,37.014,0.30808
237,-1,166,201,52,118,10.324,-8.1375,35.687,0.32437
237,-1,219,200,47.893,108.68,8.2738,-7.7775,36.729,0.30153
238,-1,74,174,62.22,141.19,26.269,-9.3455,35.779,0.34351
238,-1,281,168,68.041,154.4,25.265,-6.6545,35.865,0.31655
238,-1,179,229,30.847,69.999,22.144,-8.8784,37.79,0.303
238,-1,323,168,68.041,154.4,18.254,-6.1614,35.934,0.31065
238,-1,214,193,52,118,15.015,-7.7784,36.621,0.31359
238,-1,134,193,52,118,7.8033,-8.8322,36.344,0.32851
239,-1,322,174,62.22,141.19,24.613,-6.2431,36.44,0.30309
239,-1,284,174,62.22,141.19,21.558,-6.7203,36.372,0.30855
239,-1,214,193,52,118,18.633,-7.7484,36.549,0.31442
239,-1,174,224,30.847,69.999,13.223,-9.1469,38.31,0.29478
239,-1,64,174,62.22,141.19,12.69,-9.4067,35.707,0.34437
239,-1,126,185,52,118,8.9783,-9.2412,37.016,0.31913
240,-1,284,174,62.22,141.19,22.356,-6.7343,36.415,0.29426
240,-1,64,174,62.22,141.19,15.249,-9.4053,35.768,0.3337
240,-1,323,158,68.041,154.4,0.99561,-6.2215,36.724,0.28282
241,-1,55,174,62.22,141.19,31.532,-9.5424,35.842,0.32735
241,-1,281,168,68.041,154.4,30.584,-6.6929,35.988,0.29285
241,-1,323,168,68.041,154.4,16.337,-6.2135,36.052,0.28616
241,-1,112,184,56.877,129.07,12.785,-8.9718,36.208,0.31286
241,-1,169,221,36.769,83.436,8.1144,-8.7003,37.16,0.28842
242,-1,270,168,68.041,154.4,37.416,-6.8302,36.06,0.29009
242,-1,322,184,62.22,141.19,34.64,-6.263,35.951,0.2858
242,-1,103,174,62.22,141.19,25.003,-8.9765,36.116,0.31466
242,-1,222,252,30.847,69.999,24.989,-7.5864,35.947,0.30187
242,-1,50,176,56.877,129.07,5.285,-10.188,36.736,0.31477
243,-1,281,168,68.041,154.4,38.756,-6.7362,36.249,0.27872
243,-1,322,184,62.22,141.19,17.191,-6.2864,36.117,0.27797
243,-1,103,184,62.22,141.19,10.175,-8.6946,35.61,0.30991
244,-1,284,184,62.22,141.19,40.44,-6.7664,36.443,0.27854
244,-1,312,179,68.041,154.4,35.749,-6.3692,35.941,0.28628
244,-1,29,168,68.041,154.4,19.547,-9.8024,35.923,0.31574
244,-1,155,197,26,59,16.713,-21.812,66.559,-0.25899
244,-1,93,184,62.22,141.19,16.263,-8.9781,35.959,0.30796
244,-1,157,232,36.769,83.436,9.6839,-8.7079,36.88,0.28533
245,-1,291,179,68.041,154.4,32.854,-6.6098,35.97,0.29818
245,-1,152,227,36.769,83.436,17.393,-8.9769,37.38,0.28995
245,-1,322,184,62.22,141.19,16.509,-6.3353,36.544,0.2845
245,-1,93,184,62.22,141.19,13.654,-8.9834,36.022,0.31697
245,-1,275,192,40,90.769,10.276,-8.0333,42.702,0.17641
245,-1,18,168,68.041,154.4,2.4844,-9.9353,35.947,0.32641
246,-1,152,227,36.769,83.436,21.645,-8.8548,37.17,0.29137
246,-1,281,168,68.041,154.4,19.61,-6.7932,36.589,0.28759
246,-1,151,189,26,59,5.5788,-30.228,84.867,-0.5437
246,-1,322,174,62.22,141.19,1.4892,-6.3732,37.222,0.27105
247,-1,281,168,68.041,154.4,29.726,-6.7959,36.523,0.26901
247,-1,138,222,47.893,108.68,18.636,-8.294,35.685,0.29876
248,-1,322,184,62.22,141.19,26.652,-6.3668,36.37,0.26969
248,-1,74,174,62.22,141.19,24.973,-9.3781,36.455,0.2902
248,-1,138,184,28.326,64.279,23.643,-23.494,67.584,-0.33281
248,-1,281,168,68.041,154.4,23.03,-6.7999,36.497,0.26997
249,-1,322,184,62.22,141.19,41.06,-6.3874,36.493,0.26313
249,-1,284,184,62.22,141.19,34.922,-6.8003,36.444,0.26765
249,-1,131,222,47.893,108.68,8.8962,-8.3793,35.804,0.29622
249,-1,60,168,68.041,154.4,7.3974,-9.2641,36.079,0.29643
249,-1,-13,168,68.041,154.4,5.7953,-10.065,35.832,0.30901
250,-1,322,184,62.22,141.19,47.384,-6.4035,36.454,0.24999
250,-1,281,168,68.041,154.4,34.496,-6.828,36.576,0.25098
250,-1,131,222,47.893,108.68,5.5033,-8.3533,35.796,0.28808
251,-1,322,184,62.22,141.19,44.5,-6.4218,36.56,0.25038
251,-1,281,168,68.041,154.4,19.051,-6.8476,36.683,0.25306
251,-1,123,222,47.893,108.68,7.6804,-8.4542,35.876,0.2978
252,-1,322,184,62.22,141.19,37.512,-6.4507,36.768,0.25102
252,-1,281,168,68.041,154.4,32.305,-6.8852,36.89,0.25308
253,-1,322,184,62.22,141.19,42.864,-6.4699,36.827,0.2524
253,-1,281,168,68.041,154.4,31.449,-6.9019,36.95,0.25552
253,-1,179,203,62.22,141.19,7.4519,-7.6843,35.652,0.29981
253,-1,102,171,33.548,76.129,0.41726,-27.702,70.013,-0.28443
254,-1,281,168,68.041,154.4,32.019,-6.9215,37.145,0.26393
254,-1,63,162,86.667,196.67,9.1445,-8.3431,35.078,0.33398
254,-1,169,173,74.286,168.57,7.0496,-7.7885,35.913,0.30598
255,-1,275,174,62.22,141.19,33.86,-7.1067,37.682,0.25728
255,-1,312,168,68.041,154.4,19.129,-6.5876,37.226,0.26069
255,-1,169,173,74.286,168.57,11.878,-7.7962,35.964,0.30563
256,-1,322,193,56.877,129.07,21.659,-6.5591,37.402,0.25643
256,-1,271,161,74.286,168.57,20.856,-6.977,36.876,0.27446
257,-1,275,174,62.22,141.19,29.328,-7.1593,37.961,0.25132
258,-1,270,168,68.041,154.4,35.897,-7.1509,37.659,0.25209
259,-1,271,161,74.286,168.57,31.347,-7.0575,37.298,0.25992
259,-1,312,179,68.041,154.4,8.2002,-6.6378,37.124,0.25836
260,-1,275,174,62.22,141.19,21.723,-7.2655,38.659,0.23815
260,-1,30,145,52,118,12.305,-20.97,52.475,0.10701
261,-1,278,184,56.877,129.07,26.657,-7.317,39.066,0.22997
261,-1,15,141,56.877,129.07,4.0999,-17.861,47.486,0.18092
261,-1,173,244,43.854,99.515,2.2323,-8.0839,36.722,0.29392
262,-1,275,174,62.22,141.19,20.471,-7.2882,38.857,0.23238
263,-1,275,184,62.22,141.19,7.6018,-7.189,38.099,0.24572
264,-1,260,161,74.286,168.57,14.182,-7.2364,37.695,0.24965
265,-1,260,161,74.286,168.57,29.486,-7.2368,37.679,0.24768
266,-1,260,161,74.286,168.57,37.244,-7.2687,37.857,0.24523
267,-1,265,174,62.22,141.19,34.711,-7.3881,38.553,0.22664
268,-1,265,174,62.22,141.19,34.169,-7.441,38.857,0.22427
269,-1,270,168,68.041,154.4,29.901,-7.2891,38.403,0.2395
270,-1,265,174,62.22,141.19,27.813,-7.4809,39.046,0.23183
271,-1,260,168,68.041,154.4,29.152,-7.4278,38.495,0.25194
272,-1,265,164,62.22,141.19,30.303,-7.6428,39.977,0.22941
273,-1,265,164,62.22,141.19,34.492,-7.6551,40.06,0.24152
274,-1,260,158,68.041,154.4,25.708,-7.603,39.525,0.25943
275,-1,265,164,62.22,141.19,24.027,-7.7133,40.331,0.25407
276,-1,260,158,68.041,154.4,19.652,-7.6611,39.771,0.26443
277,-1,265,174,62.22,141.19,34.184,-7.6258,39.716,0.26545
278,-1,265,174,62.22,141.19,34.691,-7.673,40.054,0.27759
279,-1,261,184,56.877,129.07,19.406,-7.844,40.37,0.29186
280,-1,179,213,26,59,28.79,-12.318,48.434,0.2766
280,-1,279,261,26,59,17.119,-7.7523,39.919,0.29965
281,-1,260,150,74.286,168.57,22.569,-7.7223,40.089,0.31789
281,-1,183,209,26,59,0.78569,-12.849,50.209,0.30958
282,-1,260,158,68.041,154.4,43.217,-7.9027,40.87,0.31592
282,-1,183,209,26,59,12.899,-13.283,51.352,0.3063
283,-1,260,158,68.041,154.4,38.166,-7.9603,41.066,0.31845
283,-1,183,213,26,59,14.097,-12.726,49.778,0.31705
284,-1,260,168,68.041,154.4,39.876,-7.8672,40.366,0.31851
284,-1,183,213,26,59,28.354,-13.045,50.464,0.30243
285,-1,260,168,68.041,154.4,41.125,-7.9154,40.492,0.31463
285,-1,187,217,26,59,27.501,-12.344,48.875,0.299
286,-1,260,168,68.041,154.4,45.5,-7.9901,40.733,0.31154
286,-1,187,217,26,59,28.053,-12.691,49.627,0.2824
286,-1,203,213,26,59,2.1907,-13.039,52.165,0.27367
287,-1,265,184,62.22,141.19,35.683,-7.9899,40.644,0.30788
287,-1,187,221,26,59,28.641,-12.249,48.293,0.28145
287,-1,171,221,26,59,4.33,-12.686,48.139,0.28417
288,-1,270,168,68.041,154.4,34.752,-7.9963,40.804,0.29726
288,-1,191,217,26,59,29.859,-12.705,49.335,0.25615
289,-1,195,214,28.326,64.279,37.127,-12.339,48.376,0.25664
289,-1,275,174,62.22,141.19,36.157,-8.1786,41.493,0.28985
289,-1,463,231,43.854,99.515,20.441,-5.929,40.482,0.28667
290,-1,199,214,28.326,64.279,34.493,-12.331,48.273,0.23936
290,-1,270,168,68.041,154.4,25.656,-8.1639,40.891,0.2888
290,-1,131,217,26,59,14.919,-14.771,48.625,0.24443
290,-1,472,241,40,90.769,8.701,-5.9529,40.456,0.28519
291,-1,284,174,62.22,141.19,45.818,-8.1941,41.326,0.27143
291,-1,207,217,26,59,42.83,-12.167,47.942,0.21586
291,-1,139,217,26,59,29.37,-13.965,47.349,0.22987
292,-1,208,214,28.326,64.279,38.378,-11.712,46.875,0.20676
292,-1,284,174,62.22,141.19,30.391,-8.2224,41.333,0.26178
292,-1,190,214,28.326,64.279,8.0099,-12.143,46.729,0.20947
292,-1,231,209,26,59,7.4908,-12.743,51.498,0.15633
292,-1,486,232,36.769,83.436,2.2714,-5.7682,41.666,0.25206
293,-1,284,174,62.22,141.19,41.432,-8.2767,41.463,0.2647
293,-1,208,214,28.326,64.279,36.277,-11.859,47.157,0.21539
293,-1,491,235,40,90.769,24.692,-5.8803,40.955,0.26189
293,-1,231,213,26,59,11.9,-12.192,49.785,0.18804
293,-1,139,217,26,59,5.3041,-13.997,47.314,0.22112
294,-1,294,174,62.22,141.19,36.257,-8.2089,41.546,0.27133
294,-1,207,210,30.847,69.999,31.521,-11.705,46.614,0.2347
294,-1,497,235,40,90.769,31.498,-5.8782,41.028,0.26687
294,-1,190,214,28.326,64.279,13.706,-12.364,46.993,0.23361
294,-1,231,209,26,59,13.421,-13.025,51.831,0.18751
294,-1,139,213,26,59,2.3232,-14.946,48.821,0.22588
295,-1,291,168,68.041,154.4,36.525,-8.1696,41.136,0.27154
295,-1,503,235,40,90.769,28.791,-5.8432,41.215,0.26654
295,-1,211,217,26,59,22.837,-12.388,48.251,0.20747
295,-1,139,217,26,59,12.686,-14.261,47.557,0.21787
296,-1,212,214,28.326,64.279,38.572,-12.026,47.205,0.19162
296,-1,294,161,74.286,168.57,19.426,-8.0827,40.692,0.26619
296,-1,143,217,26,59,18.489,-14.119,47.297,0.19069
296,-1,509,235,40,90.769,17.355,-5.8728,41.255,0.25958
296,-1,243,209,26,59,9.4416,-12.878,51.929,0.13738
297,-1,303,174,62.22,141.19,24.766,-8.3227,41.724,0.2469
297,-1,221,214,28.326,64.279,23.787,-11.87,47.061,0.18424
297,-1,522,235,40,90.769,19.821,-5.8325,41.279,0.24948
297,-1,147,217,26,59,19.478,-14.05,47.122,0.18611
298,-1,223,213,26,59,27.853,-12.881,49.291,0.17841
298,-1,534,235,40,90.769,17.413,-5.7623,41.412,0.25014
298,-1,306,161,74.286,168.57,13.833,-8.1015,40.817,0.26427
299,-1,151,217,26,59,27.633,-14.366,47.62,0.22502
299,-1,231,213,26,59,19.785,-12.991,50.056,0.19365
299,-1,251,213,26,59,15.241,-12.409,50.264,0.18911
299,-1,312,168,68.041,154.4,12.203,-8.2259,41.471,0.26562
300,-1,226,210,30.847,69.999,23.419,-11.753,46.691,0.2285
300,-1,356,184,28.326,64.279,22.779,-15.148,93.267,-0.2073
300,-1,151,213,26,59,18.751,-14.912,48.426,0.21893
301,-1,226,210,30.847,69.999,34.551,-11.78,46.65,0.22049
301,-1,317,161,74.286,168.57,27.541,-8.1417,41.078,0.27031
301,-1,151,213,26,59,19.916,-14.915,48.356,0.20911
302,-1,226,210,30.847,69.999,36.305,-11.834,46.679,0.22213
302,-1,317,161,74.286,168.57,28.977,-8.1901,41.154,0.26838
302,-1,547,229,26,59,24.075,-4.8642,46.483,0.19723
302,-1,375,158,68.041,154.4,19.518,-7.7047,42.559,0.25114
302,-1,147,213,26,59,13.858,-15.068,48.322,0.21672
303,-1,226,207,33.548,76.129,30.025,-11.596,46.111,0.23551
303,-1,323,168,68.041,154.4,29.285,-8.3049,41.764,0.26771
303,-1,151,213,26,59,25.492,-15.077,48.495,0.22217
303,-1,551,233,26,59,11.234,-4.9747,46.05,0.219
304,-1,322,174,62.22,141.19,35.932,-8.5437,42.504,0.2648
304,-1,151,213,26,59,33.624,-15.493,49.032,0.22931
304,-1,231,210,30.847,69.999,14.92,-12.095,47.338,0.23212
305,-1,155,217,26,59,30.866,-14.815,47.924,0.23218
305,-1,333,168,68.041,154.4,29.284,-8.3759,42.094,0.26527
305,-1,231,204,36.769,83.436,28.469,-11.478,45.773,0.24078
306,-1,236,204,36.769,83.436,32.521,-11.464,45.651,0.24558
306,-1,341,174,62.22,141.19,20.599,-8.5196,42.677,0.26223
307,-1,351,174,62.22,141.19,30.139,-8.4759,42.801,0.25743
307,-1,242,204,36.769,83.436,22.627,-11.471,45.802,0.23993
307,-1,417,248,33.548,76.129,2.1454,-7.7755,42.254,0.25989
308,-1,354,168,68.041,154.4,38.321,-8.3945,42.303,0.26737
308,-1,242,204,36.769,83.436,30.417,-11.531,45.733,0.24939
308,-1,159,213,26,59,27.147,-15.778,48.94,0.23764
308,-1,408,174,62.22,141.19,12.564,-7.8401,43.048,0.25869
308,-1,221,212,33.548,76.129,0.44273,-11.881,45.414,0.25353
309,-1,361,174,62.22,141.19,47.619,-8.5011,42.904,0.27218
309,-1,248,204,36.769,83.436,23.09,-11.451,45.696,0.25979
309,-1,221,207,33.548,76.129,17.675,-12.4,46.323,0.25792
309,-1,418,174,62.22,141.19,14.152,-7.7872,43.1,0.26834
310,-1,361,174,62.22,141.19,46.622,-8.5576,43.035,0.25933
310,-1,248,204,36.769,83.436,26.994,-11.55,45.878,0.23766
310,-1,418,174,62.22,141.19,7.3294,-7.8396,43.231,0.25634
311,-1,365,168,68.041,154.4,41.876,-8.4463,42.598,0.25653
311,-1,242,204,36.769,83.436,34.522,-11.755,45.975,0.22987
311,-1,418,174,62.22,141.19,6.4179,-7.8989,43.336,0.2473
312,-1,245,204,40,90.769,44.134,-11.232,44.944,0.23836
312,-1,363,161,74.286,168.57,27.117,-8.4241,42.244,0.25952
312,-1,287,213,26,59,23.972,-12.861,51.201,0.17542
312,-1,420,150,74.286,168.57,11.481,-7.8475,43.197,0.24758
313,-1,365,168,68.041,154.4,37.424,-8.5721,42.81,0.24796
313,-1,245,204,40,90.769,32.064,-11.304,45.028,0.22652
313,-1,437,174,62.22,141.19,12.702,-7.7823,43.611,0.23776
314,-1,375,168,68.041,154.4,32.337,-8.504,42.823,0.24362
314,-1,251,198,40,90.769,19.941,-11.625,45.931,0.21502
314,-1,291,210,28.326,64.279,11.53,-12.381,49.958,0.16784
315,-1,253,198,36.769,83.436,38.073,-12.254,47.339,0.19548
315,-1,375,168,68.041,154.4,22.086,-8.5446,42.875,0.24393
315,-1,291,210,28.326,64.279,10.673,-12.325,49.734,0.16697
315,-1,428,168,68.041,154.4,5.0954,-7.9432,43.035,0.24122
316,-1,375,168,68.041,154.4,48.572,-8.5833,42.943,0.23449
316,-1,248,197,43.854,99.515,36.063,-11.123,44.723,0.21497
316,-1,175,217,26,59,12.934,-14.778,47.856,0.17914
316,-1,291,210,28.326,64.279,12.636,-12.323,49.697,0.14984
316,-1,139,217,26,59,12.267,-15.572,47.426,0.18638
317,-1,248,197,43.854,99.515,59.266,-11.044,44.529,0.21463
317,-1,375,168,68.041,154.4,50.15,-8.6042,42.878,0.23263
317,-1,175,213,26,59,18.237,-15.171,48.46,0.16826
317,-1,139,209,26,59,15.037,-17.007,49.321,0.16008
317,-1,438,168,68.041,154.4,7.3183,-7.9094,43.063,0.22857
318,-1,386,168,68.041,154.4,55.308,-8.5373,43.038,0.23075
318,-1,248,197,43.854,99.515,48.265,-11.129,44.689,0.21285
318,-1,134,210,28.326,64.279,27.128,-15.801,47.59,0.18161
318,-1,214,198,40,90.769,4.1555,-12.216,45.499,0.20372
319,-1,386,168,68.041,154.4,47.677,-8.6092,43.346,0.22107
319,-1,248,204,43.854,99.515,38.923,-10.964,44.308,0.20843
319,-1,130,214,28.326,64.279,33.517,-15.651,47.26,0.16777
320,-1,389,184,62.22,141.19,38.601,-8.6461,43.395,0.20689
320,-1,125,219,28.326,64.279,37.589,-15.395,46.781,0.1698
320,-1,248,204,43.854,99.515,33.13,-11.138,44.683,0.19252
320,-1,214,210,40,90.769,8.2382,-11.823,44.775,0.19324
321,-1,389,184,62.22,141.19,43.281,-8.6965,43.533,0.20629
321,-1,122,214,30.847,69.999,42.512,-15.464,46.825,0.17674
321,-1,241,200,47.893,108.68,30.564,-11.031,44.255,0.20323
321,-1,214,204,43.854,99.515,10.226,-11.708,44.627,0.19954
322,-1,386,168,68.041,154.4,50.593,-8.7571,43.726,0.20855
322,-1,248,204,43.854,99.515,29.742,-11.199,44.782,0.19879
322,-1,117,207,33.548,76.129,27.509,-15.529,46.792,0.17926
322,-1,183,217,26,59,13.307,-15.556,49.449,0.13578
322,-1,206,193,52,118,9.5401,-11.333,43.811,0.21513
323,-1,238,193,52,118,49.361,-10.975,44.106,0.20186
323,-1,386,168,68.041,154.4,41.554,-8.7908,43.816,0.20244
323,-1,204,200,47.893,108.68,24.857,-11.551,44.117,0.20282
323,-1,112,204,36.769,83.436,21.85,-14.999,46.099,0.17589
324,-1,386,168,68.041,154.4,47.561,-8.8238,43.891,0.19301
324,-1,241,200,47.893,108.68,38.586,-11.092,44.403,0.18813
324,-1,204,200,47.893,108.68,17.082,-11.578,44.192,0.19304
324,-1,183,221,26,59,5.5295,-14.888,48.5,0.11971
325,-1,238,193,52,118,53.287,-11.011,44.216,0.18359
325,-1,396,179,68.041,154.4,48.756,-8.6592,43.26,0.19701
325,-1,198,193,52,118,15.627,-11.512,43.992,0.18931
326,-1,399,184,62.22,141.19,50.007,-8.7381,43.735,0.17897
326,-1,238,193,52,118,32.032,-10.973,44.138,0.17508
326,-1,190,193,52,118,8.1541,-11.56,43.878,0.18202
327,-1,399,184,62.22,141.19,45.538,-8.7645,43.742,0.16894
327,-1,230,193,52,118,42.182,-11.045,44.058,0.16834
327,-1,262,207,33.548,76.129,20.112,-12.355,47.847,0.083588
328,-1,230,193,52,118,47.971,-11.093,44.183,0.16805
328,-1,399,184,62.22,141.19,40.389,-8.8014,43.877,0.16354
328,-1,287,204,36.769,83.436,15.052,-11.585,47.405,0.092389
328,-1,466,184,62.22,141.19,11.495,-8.0577,44.071,0.15497
328,-1,262,207,33.548,76.129,1.7082,-12.424,48.043,0.081252
329,-1,226,184,56.877,129.07,52.251,-11.037,44.034,0.18083
329,-1,399,184,62.22,141.19,31.68,-8.8347,43.955,0.16528
329,-1,466,184,62.22,141.19,28.364,-8.0908,44.168,0.15427
329,-1,287,204,36.769,83.436,11.173,-11.581,47.386,0.10457
330,-1,226,184,56.877,129.07,45.046,-11.113,44.221,0.1888
330,-1,397,161,74.286,168.57,30.607,-8.7981,43.816,0.18428
330,-1,466,184,62.22,141.19,23.695,-8.12,44.277,0.1712
331,-1,397,161,74.286,168.57,39.128,-8.8178,43.819,0.18776
331,-1,217,184,56.877,129.07,34.201,-11.209,44.187,0.18401
332,-1,217,184,62.22,141.19,46.682,-10.783,43.465,0.17873
332,-1,397,161,74.286,168.57,46.252,-8.8283,43.826,0.16718
333,-1,396,168,68.041,154.4,49.076,-8.9192,44.229,0.15475
333,-1,208,184,62.22,141.19,24.339,-10.837,43.413,0.18203
333,-1,459,179,68.041,154.4,12.476,-8.2457,43.74,0.16372
333,-1,276,204,36.769,83.436,10.552,-11.646,47.185,0.095076
333,-1,170,184,62.22,141.19,1.7808,-11.208,43.251,0.18739
334,-1,396,168,68.041,154.4,41.977,-8.9558,44.364,0.15646
334,-1,208,184,62.22,141.19,28.157,-10.88,43.519,0.18781
334,-1,283,229,26,59,22.817,-11.643,47.276,0.10364
334,-1,160,184,62.22,141.19,17.239,-11.347,43.308,0.19557
334,-1,260,219,28.326,64.279,5.2683,-12.36,47.943,0.092114
335,-1,397,161,74.286,168.57,49.556,-8.9058,44.055,0.16617
335,-1,283,229,26,59,31.205,-11.716,47.487,0.10466
335,-1,584,210,43.854,99.515,22.828,-6.722,45.966,0.10958
335,-1,157,249,36.769,83.436,16.228,-11.33,43.027,0.20406
335,-1,199,184,56.877,129.07,11.775,-11.455,44.354,0.17454
335,-1,252,207,33.548,76.129,6.5168,-12.564,48.174,0.094067
336,-1,397,161,74.286,168.57,54.733,-8.9354,44.155,0.17367
336,-1,246,207,33.548,76.129,21.952,-12.781,48.391,0.10748
336,-1,577,210,40,90.769,20.204,-6.6534,46.983,0.10241
336,-1,197,179,68.041,154.4,11.503,-10.852,43.34,0.20124
336,-1,155,179,68.041,154.4,6.356,-11.24,43.176,0.20681
337,-1,397,161,74.286,168.57,54.065,-8.983,44.356,0.17782
337,-1,246,212,33.548,76.129,44.227,-12.525,47.842,0.12689
337,-1,186,168,68.041,154.4,28.972,-11.36,44.059,0.19578
337,-1,578,210,43.854,99.515,24.399,-6.8334,46.286,0.1287
337,-1,470,179,68.041,154.4,22.168,-8.2585,44.281,0.17561
337,-1,279,233,26,59,20.392,-11.748,47.389,0.13188
337,-1,134,173,74.286,168.57,17.227,-11.255,42.929,0.21761
338,-1,397,161,74.286,168.57,41.181,-9.0124,44.456,0.16941
338,-1,246,212,33.548,76.129,36.656,-12.553,47.95,0.12244
338,-1,180,173,74.286,168.57,32.238,-10.891,43.2,0.21067
338,-1,470,179,68.041,154.4,16.375,-8.287,44.382,0.16537
338,-1,578,210,43.854,99.515,15.176,-6.8545,46.398,0.11135
338,-1,130,148,86.667,196.67,3.8424,-11.187,42.917,0.219
339,-1,396,168,68.041,154.4,48.912,-9.1406,45.167,0.16024
339,-1,242,210,36.769,83.436,35.807,-12.389,47.526,0.14243
339,-1,169,162,80,181.54,28.507,-10.999,43.273,0.218
339,-1,578,217,43.854,99.515,18.116,-6.9867,46.031,0.12116
339,-1,279,237,26,59,11.719,-11.702,47.337,0.13969
339,-1,470,179,68.041,154.4,8.7602,-8.3093,44.607,0.16387
339,-1,123,189,68.041,154.4,8.4535,-11.446,43.073,0.22654
340,-1,397,161,74.286,168.57,53.305,-9.079,44.78,0.17511
340,-1,242,210,36.769,83.436,45.209,-12.402,47.603,0.14838
340,-1,577,216,40,90.769,42.772,-6.8011,47.158,0.1099
340,-1,269,204,40,90.769,25.139,-11.837,47.584,0.144
340,-1,169,161,74.286,168.57,24.325,-11.425,43.992,0.21008
341,-1,397,161,74.286,168.57,53.95,-9.0929,44.725,0.17498
341,-1,236,210,36.769,83.436,48.379,-12.372,47.358,0.1539
341,-1,577,228,33.548,76.129,33.974,-6.8858,47.199,0.10184
341,-1,157,162,86.667,196.67,21.98,-10.78,42.858,0.2304
341,-1,261,197,43.854,99.515,16.246,-11.733,47.096,0.15285
341,-1,466,184,62.22,141.19,15.279,-8.4184,45.129,0.15986
341,-1,100,173,74.286,168.57,9.3,-11.67,43.197,0.23241
342,-1,397,161,74.286,168.57,50.461,-9.134,44.841,0.16893
342,-1,571,210,43.854,99.515,40.977,-7.054,46.76,0.11475
342,-1,231,210,36.769,83.436,34.533,-12.515,47.458,0.1416
342,-1,470,179,68.041,154.4,26.861,-8.407,44.759,0.16514
342,-1,157,161,74.286,168.57,16.181,-11.557,44.051,0.20297
342,-1,261,197,43.854,99.515,15.378,-11.792,47.228,0.14079
342,-1,90,162,86.667,196.67,4.2164,-11.319,42.721,0.22796
343,-1,407,168,68.041,154.4,49.346,-9.1132,45.284,0.1646
343,-1,571,210,40,90.769,31.894,-6.9209,47.671,0.099219
343,-1,231,210,36.769,83.436,29.235,-12.405,47.261,0.15517
343,-1,143,148,86.667,196.67,25.891,-11.204,43.38,0.21976
343,-1,470,168,68.041,154.4,10.164,-8.4025,45.427,0.15562
343,-1,73,254,28.326,64.279,5.1448,-13.055,44.109,0.22185
344,-1,407,158,68.041,154.4,47.901,-9.1852,45.937,0.15906
344,-1,236,204,36.769,83.436,38.674,-12.555,47.798,0.15159
344,-1,69,147,94.545,214.55,28.446,-11.339,42.632,0.23615
344,-1,564,204,43.854,99.515,26.137,-7.1596,47.198,0.12018
344,-1,124,146,104,236,17.211,-10.638,42.384,0.23519
345,-1,226,204,40,90.769,55.275,-12.432,47.228,0.15881
345,-1,396,168,68.041,154.4,22.43,-9.3094,45.453,0.16618
345,-1,124,130,104,236,16.928,-10.944,42.894,0.22801
346,-1,226,204,40,90.769,69.303,-12.643,47.728,0.1593
346,-1,108,130,104,236,16.413,-11.135,43.019,0.23246
346,-1,564,210,43.854,99.515,16.103,-7.2566,47.212,0.10908
346,-1,396,179,68.041,154.4,15.592,-9.2954,45.036,0.17341
346,-1,475,193,62.22,141.19,10.48,-8.518,45.142,0.16271
346,-1,44,146,104,236,4.3305,-11.274,42.464,0.24463
347,-1,220,204,40,90.769,50.409,-12.756,47.831,0.1668
347,-1,397,161,74.286,168.57,34.196,-9.2831,45.375,0.17271
347,-1,232,210,40,90.769,20.776,-12.206,47.127,0.1735
347,-1,565,241,28.326,64.279,17.001,-7.2498,47.788,0.10579
347,-1,254,185,52,118,7.6389,-11.693,47.022,0.16966
347,-1,92,118,125.53,284.85,7.5284,-10.683,42.378,0.2432
348,-1,220,210,40,90.769,49.994,-12.651,47.744,0.20552
348,-1,397,161,74.286,168.57,29.996,-9.3056,45.774,0.19251
348,-1,248,193,47.893,108.68,25.078,-12.096,47.815,0.19871
348,-1,557,210,43.854,99.515,5.2864,-7.2389,47.911,0.14541
349,-1,214,204,43.854,99.515,39.828,-12.606,47.702,0.24168
349,-1,396,168,68.041,154.4,26.52,-9.3666,46.48,0.20794
349,-1,556,245,28.326,64.279,24.164,-7.3067,48.08,0.16306
349,-1,241,193,47.893,108.68,19.165,-12.254,48.118,0.23259
350,-1,207,197,43.854,99.515,54.39,-12.971,48.399,0.21718
350,-1,386,168,68.041,154.4,32.878,-9.4526,46.388,0.2036
350,-1,544,204,43.854,99.515,18.186,-7.2044,48.724,0.15692
350,-1,65,122,112.01,254.17,15.578,-11.337,43.175,0.25589
350,-1,234,193,47.893,108.68,14.127,-12.18,47.849,0.21515
351,-1,200,204,43.854,99.515,51.847,-12.715,47.706,0.23084
351,-1,386,161,74.286,168.57,33.644,-9.3947,46.023,0.20094
351,-1,537,204,43.854,99.515,29.017,-7.3042,48.853,0.13679
352,-1,194,204,43.854,99.515,40.809,-12.876,47.872,0.24666
352,-1,386,168,68.041,154.4,39.594,-9.4935,46.793,0.21879
352,-1,537,204,43.854,99.515,37.959,-7.241,49.312,0.17485
352,-1,241,193,47.893,108.68,14.217,-12.219,48.426,0.23526
353,-1,194,204,43.854,99.515,41.623,-12.872,47.914,0.22268
353,-1,386,168,68.041,154.4,41.546,-9.5174,46.832,0.19841
353,-1,531,210,43.854,99.515,21.134,-7.5639,48.429,0.15829
353,-1,230,193,52,118,12.106,-11.904,47.284,0.21939
354,-1,386,161,74.286,168.57,39.011,-9.4557,46.218,0.18756
354,-1,194,204,43.854,99.515,29.625,-12.738,47.729,0.20827
354,-1,241,238,30.847,69.999,2.5681,-11.935,47.447,0.20192
